53.766 285.9431 -530.8832 5623.28 274.7148 -708.1237 5604.367 264.1175 -848.4745 5580.367 259.2182 -1065.747 5577.929 293.7532 -1030.917 5579.307 425.7998 -975.7504 5579.783 523.3243 -717.7413 5601.035 545.147 -543.1735 5449.504 582.8561 -474.3669 5393.503 544.6495 -388.9576 5339.219 513.4982 -442.1452 5350.558 226.4167 -1028.803 5579.457 106.6829 -975.4689 5567.128 72.39012 -698.0112 5603.124 103.2549 -532.3815 5439.114 87.04286 -454.56 5372.375 147.5357 -387.3931 5316.389 139.6281 -487.9182 5305.167 375.5552 -534.7527 5606.34 422.5531 -136.8065 5613.221 458.0181 225.5928 5731.999 455.6165 357.9001 5599.102 205.136 -527.394 5638.555 223.7314 -141.2182 5742.45 269.3452 203.6839 5912.049 236.8845 344.4402 5817.67 257.3752 -1146.237 5563.601 263.705 -1162.666 5403.704 303.8802 -1187.829 5433.578 358.6388 -1167.4 5546.229 254.9826 -1206.217 5430.347 208.7479 -1238.92 5548.655 
53.814 282.3968 -523.8359 5565.503 271.9511 -697.8427 5554.087 260.968 -834.769 5528.883 262.7215 -1047.306 5524.59 295.4491 -1012.203 5525.069 425.6016 -960.6934 5524.139 493.5506 -698.7814 5526.411 525.817 -484.4319 5458.645 594.5372 -475.0512 5394.769 543.4424 -403.4973 5335.911 508.525 -430.0518 5331.109 229.6007 -1012.213 5527.581 108.6877 -969.0701 5517.506 102.287 -697.8907 5566.879 96.80249 -471.7834 5608.576 118.826 -389.6008 5663.965 141.6298 -296.527 5623.55 145.9183 -379.3792 5556.095 370.3113 -528.1308 5550.525 416.5566 -138.8832 5554.491 449.4226 210.4139 5685.881 452.6869 360.4468 5580.382 203.1205 -519.963 5579.01 203.575 -137.8155 5664.452 250.1187 190.1561 5847.725 220.043 341.6764 5779.738 262.8721 -1125.929 5509.879 263.0847 -1140.727 5353.232 299.3792 -1170.783 5381.217 357.7747 -1159.596 5490.186 249.4959 -1182.106 5379.108 203.1462 -1209.143 5495.643 
53.845 275.5942 -520.0742 5511.642 268.9137 -696.6034 5487.696 264.4761 -838.2464 5472.554 270.3409 -1054.809 5483.952 303.0413 -1018.475 5480.895 434.976 -963.9015 5476.469 498.3232 -696.6233 5504.744 520.4501 -477.415 5432.831 608.3281 -474.7716 5393.73 544.998 -409.7363 5335.268 501.7843 -418.7469 5316.371 235.9488 -1019.461 5485.325 113.7775 -971.2095 5481.464 95.12495 -691.8174 5508.933 90.75317 -459.7549 5474.151 127.5739 -411.8275 5558.298 131.1997 -325.5987 5620.064 134.9697 -388.3286 5549.592 364.4518 -520.7051 5491.504 404.3979 -129.1075 5562.794 441.2082 231.4762 5684.383 438.2425 377.2636 5566.994 195.4675 -519.5051 5529.801 217.7332 -147.4904 5673.995 253.4491 199.5368 5839.969 215.469 346.3659 5758.344 271.647 -1135.913 5474.831 270.5124 -1154.229 5315.315 302.3328 -1189.526 5344.808 362.3172 -1184.887 5456.285 250.2807 -1193.32 5342.433 198.6707 -1210.962 5461.453 
53.877 285.2789 -489.5898 5459.447 274.7682 -668.3441 5442.002 266.0821 -811.1081 5426.835 265.3006 -1029.936 5433.695 299.4283 -994.2153 5432.114 434.0962 -942.938 5428.008 497.1859 -673.6436 5462.055 526.4324 -446.0864 5416.575 617.5202 -452.3102 5383.504 539.7668 -386.7498 5344.391 502.2515 -415.3225 5288.599 231.6369 -993.2769 5435.118 107.9781 -945.9815 5427.392 100.7728 -664.5469 5464.375 94.55836 -429.9054 5496.07 145.109 -338.9396 5506.153 182.0647 -244.107 5472.794 157.7571 -349.3859 5447.989 374.7119 -492.7862 5438.316 417.6637 -97.53832 5508.444 455.9992 262.2355 5642.436 450.6882 419.5042 5537.894 204.6332 -486.7075 5478.502 228.508 -112.6027 5627.192 268.9961 233.0074 5803.042 231.3743 387.4177 5732.657 264.4067 -1111.575 5422.74 259.4941 -1144.045 5264.057 295.6368 -1174.048 5295.354 359.2682 -1154.401 5404.48 243.6052 -1182.569 5295.452 197.3875 -1194.248 5418.679 
53.908 0 0 0 0 0 0 0 0 0 0 0 0 0 0 0 0 0 0 0 0 0 0 0 0 0 0 0 0 0 0 0 0 0 0 0 0 0 0 0 0 0 0 0 0 0 0 0 0 0 0 0 0 0 0 0 0 0 0 0 0 0 0 0 0 0 0 0 0 0 0 0 0 0 0 0 0 0 0 0 0 0 0 0 0 0 0 0 0 0 0 0 0 0 0 0 0
53.939 0 0 0 0 0 0 0 0 0 0 0 0 0 0 0 0 0 0 0 0 0 0 0 0 0 0 0 0 0 0 0 0 0 0 0 0 0 0 0 0 0 0 0 0 0 0 0 0 0 0 0 0 0 0 0 0 0 0 0 0 0 0 0 0 0 0 0 0 0 0 0 0 0 0 0 0 0 0 0 0 0 0 0 0 0 0 0 0 0 0 0 0 0 0 0 0
53.97 0 0 0 0 0 0 0 0 0 0 0 0 0 0 0 0 0 0 0 0 0 0 0 0 0 0 0 0 0 0 0 0 0 0 0 0 0 0 0 0 0 0 0 0 0 0 0 0 0 0 0 0 0 0 0 0 0 0 0 0 0 0 0 0 0 0 0 0 0 0 0 0 0 0 0 0 0 0 0 0 0 0 0 0 0 0 0 0 0 0 0 0 0 0 0 0
54.002 0 0 0 0 0 0 0 0 0 0 0 0 0 0 0 0 0 0 0 0 0 0 0 0 0 0 0 0 0 0 0 0 0 0 0 0 0 0 0 0 0 0 0 0 0 0 0 0 0 0 0 0 0 0 0 0 0 0 0 0 0 0 0 0 0 0 0 0 0 0 0 0 0 0 0 0 0 0 0 0 0 0 0 0 0 0 0 0 0 0 0 0 0 0 0 0
54.033 0 0 0 0 0 0 0 0 0 0 0 0 0 0 0 0 0 0 0 0 0 0 0 0 0 0 0 0 0 0 0 0 0 0 0 0 0 0 0 0 0 0 0 0 0 0 0 0 0 0 0 0 0 0 0 0 0 0 0 0 0 0 0 0 0 0 0 0 0 0 0 0 0 0 0 0 0 0 0 0 0 0 0 0 0 0 0 0 0 0 0 0 0 0 0 0
54.064 0 0 0 0 0 0 0 0 0 0 0 0 0 0 0 0 0 0 0 0 0 0 0 0 0 0 0 0 0 0 0 0 0 0 0 0 0 0 0 0 0 0 0 0 0 0 0 0 0 0 0 0 0 0 0 0 0 0 0 0 0 0 0 0 0 0 0 0 0 0 0 0 0 0 0 0 0 0 0 0 0 0 0 0 0 0 0 0 0 0 0 0 0 0 0 0
54.096 0 0 0 0 0 0 0 0 0 0 0 0 0 0 0 0 0 0 0 0 0 0 0 0 0 0 0 0 0 0 0 0 0 0 0 0 0 0 0 0 0 0 0 0 0 0 0 0 0 0 0 0 0 0 0 0 0 0 0 0 0 0 0 0 0 0 0 0 0 0 0 0 0 0 0 0 0 0 0 0 0 0 0 0 0 0 0 0 0 0 0 0 0 0 0 0
54.127 0 0 0 0 0 0 0 0 0 0 0 0 0 0 0 0 0 0 0 0 0 0 0 0 0 0 0 0 0 0 0 0 0 0 0 0 0 0 0 0 0 0 0 0 0 0 0 0 0 0 0 0 0 0 0 0 0 0 0 0 0 0 0 0 0 0 0 0 0 0 0 0 0 0 0 0 0 0 0 0 0 0 0 0 0 0 0 0 0 0 0 0 0 0 0 0
54.159 244.7597 -433.2264 5084.975 242.4931 -623.2709 5076.802 243.139 -773.8242 5055.298 241.189 -1005.308 5057.145 277.3053 -967.7057 5053.501 419.5778 -926.0633 5018.014 471.9292 -649.5691 5105.402 516.701 -418.1878 5180.384 519.8297 -375.1396 5087.219 472.5858 -273.0754 5112.243 457.6047 -366.4222 5048.587 206.1112 -966.3986 5062.386 77.5702 -921.5939 5096.061 76.35768 -624.8648 5141.813 74.66426 -416.7803 5002.457 103.0882 -312.5694 4978.91 142.0117 -229.8765 4912.031 124.7918 -317.438 4930.232 340.7119 -435.0412 5100.563 338.8947 -27.03339 5226.062 271.8776 285.3271 5479.78 303.2648 476.8497 5432.475 158.2353 -431.59 5070.918 182.4114 -30.25708 4928.865 171.0197 256.7534 5224.582 189.0266 439.5757 5219.085 238.6932 -1091.321 5043.644 240.4569 -1100.543 4872.559 269.7957 -1143.094 4902.404 330.595 -1151.371 5022.852 214.2108 -1141.63 4898.375 154.0331 -1162.568 5022.707 
54.221 243.7524 -414.6205 5040.543 236.5872 -606.4277 5031.493 233.5502 -758.2873 5008.517 231.3303 -992.1122 5009.108 267.8375 -954.1503 5005.483 413.4139 -915.8666 4973.106 466.0074 -638.9269 5068.64 510.462 -406.7819 5149.496 471.46 -354.9887 5068.547 438.8584 -244.2153 5083.073 452.6899 -363.1662 5030.291 195.9643 -952.8016 5014.766 63.78603 -914.9064 5048.769 81.45629 -621.0111 5121.47 83.87222 -380.5017 5043.083 112.4197 -303.7908 4967.117 143.56 -216.3867 4900.206 124.7062 -317.5051 4930.257 340.5278 -418.9969 5056.677 337.2973 -16.42078 5211.09 281.9551 317.055 5446.764 317.3457 506.9014 5388.288 156.4857 -410.6741 5025.995 181.0452 -3.355265 4888.119 175.5821 343.1277 5119.034 187.656 522.4223 5072.434 228.6565 -1078.915 4995.005 236.043 -1083.536 4822.152 273.8939 -1119.533 4852.249 333.0961 -1116.863 4975.259 218.9305 -1130.501 4846.783 161.8168 -1167.601 4970.378 
54.252 234.7399 -396.2863 4992.376 232.0462 -586.1545 4970.914 229.3355 -738.1837 4956.112 217.9299 -970.4521 4956.627 255.4283 -934.1553 4950.897 401.1261 -898.1324 4920.556 461.166 -629.3085 5028.929 511.7679 -403.9193 5120.356 468.6188 -347.3379 5045.69 435.2691 -237.1403 5057.529 443.8994 -355.6631 5008.963 184.7367 -930.014 4964.373 59.66032 -881.256 5007.053 85.20861 -602.2734 5118.759 90.80302 -355.9259 5068.024 119.8539 -302.2582 4975.239 141.4091 -218.5132 4901.315 121.5956 -322.4932 4937.409 329.8001 -400.1316 5014.463 344.653 2.023429 5162.553 298.0718 327.2591 5407.499 339.3244 518.6179 5363.378 149.02 -392.8188 4972.46 156.9739 34.1616 4939.159 152.8204 417.8271 5094.984 167.0771 577.6937 5003.744 211.0132 -1056.558 4942.709 244.6996 -1085.944 4776.496 284.8365 -1105.677 4816.422 322.576 -1068.81 4941.543 235.7159 -1131.031 4807.441 171.587 -1161.628 4928.465 
54.284 226.0057 -412.4784 4944.416 232.8157 -599.9319 4930.354 238.86 -749.4562 4915.521 237.8268 -978.3607 4915.575 273.2681 -941.0132 4911.121 415.0414 -901.1887 4878.999 463.8232 -632.0627 4979.42 504.7641 -406.181 5063.7 475.4556 -357.3132 4979.672 421.7348 -260.8739 5007.835 446.696 -390.0034 4939.093 203.1867 -940.065 4922.178 74.33216 -904.6416 4959.166 54.97401 -616.8089 5029.258 43.40083 -421.1482 4877.902 111.8752 -342.7928 4844.41 162.0456 -257.2969 4792.316 148.5848 -360.8467 4816.979 320.7696 -410.2392 4960.458 321.0685 -22.59052 5127.473 280.7026 276.3496 5395.302 298.7949 464.1219 5336.741 140.5529 -414.4977 4929.949 182.0434 -19.26434 4789.053 199.9478 381.1396 4863.381 197.1528 506.4205 4731.764 235.2403 -1063.312 4901.629 252.1556 -1068.08 4733.12 283.2508 -1107.289 4764.4 333.7461 -1111.473 4888.087 229.014 -1111.997 4755.736 162.2257 -1142.289 4872.806 
54.315 222.4253 -417.3727 4882.351 225.0244 -600.7138 4877.292 228.212 -746.9213 4866.459 220.7914 -969.68 4878.707 256.6424 -934.3833 4875.788 395.8655 -902.1238 4841.457 482.952 -637.2413 4896.041 467.1049 -427.9298 4782.885 454.3509 -456.6182 4688.991 444.2904 -445.2904 4578.931 432.2973 -443.3025 4643.651 187.6337 -931.2532 4879.723 57.19112 -896.8354 4888.825 40.7434 -625.4561 4988.285 49.60667 -422.0071 4858.495 113.5052 -338.5179 4840.886 166.7892 -255.3318 4794.348 148.6543 -360.1277 4814.412 314.9346 -416.4798 4897.522 323.3002 -13.44252 4980.66 260.01 291.6136 5220.816 267.8459 474.936 5162.236 139.0055 -418.1778 4868.669 181.2756 -23.98762 4759.656 196.4744 372.0117 4790.741 211.3487 482.8714 4653.285 217.2211 -1053.086 4869.509 283.2325 -1076.813 4719.926 281.532 -1122.141 4755.342 280.9226 -1138.645 4884.633 238.1934 -1103.394 4729.651 133.0939 -1092.35 4813.192 
54.346 213.7435 -429.6468 4837.457 215.0825 -610.2634 4821.44 216.6239 -754.2999 4805.133 217.8442 -974.6635 4816.585 251.8354 -938.4877 4812.368 388.2093 -890.6921 4797.247 463.5906 -623.1742 4837.758 427.5964 -444.3438 4688.437 489.8624 -474.1306 4619.05 426.8324 -437.9279 4536.72 414.0157 -422.0992 4553.595 183.7729 -937.9058 4819.127 57.56557 -900.2506 4841.941 45.08052 -627.9258 4929.038 42.29327 -423.5584 4805.69 104.4321 -339.7468 4820.501 167.471 -253.5028 4804.958 150.282 -358.7202 4813.852 305.5983 -430.0574 4849.765 298.023 -28.61077 4915.713 248.055 287.976 5135.929 273.9992 445.7881 5032.593 130.9141 -429.2766 4826.358 174.2799 -40.09616 4717.419 183.9575 343.5141 4802.075 189.1396 429.8629 4649.735 216.9465 -1057.163 4807.293 226.8864 -1071.11 4644.87 259.9746 -1105.425 4675.921 313.5772 -1099.585 4792.947 207.7011 -1113.044 4670.143 149.5336 -1138.258 4787.253 
54.378 206.1707 -412.0185 4787.871 215.7948 -593.7565 4776.896 223.8315 -738.4935 4761.656 224.4503 -960.3614 4760.325 258.763 -923.9002 4758.791 395.5623 -875.0911 4743.094 469.8056 -618.8969 4835.875 445.1149 -427.2368 4698.616 480.8874 -467.158 4616.089 427.1798 -426.5605 4528.559 422.579 -442.015 4554.36 190.2213 -923.5152 4764.429 62.07821 -887.8691 4783.707 46.76115 -622.4464 4893.79 50.73508 -429.61 4750.917 98.55152 -344.2216 4791.529 154.8169 -251.9387 4801.506 147.4432 -361.5524 4813.442 299.0892 -407.4192 4793.189 251.7112 -5.601943 4853.873 190.8323 259.9073 5134.37 177.0313 432.6473 5052.978 122.382 -416.1659 4783.074 161.5766 -20.43456 4688.815 181.1697 359.5849 4795.185 158.1205 469.9642 4659.86 223.5571 -1042.629 4746.175 235.409 -1072.596 4585.15 264.8205 -1106.841 4620.282 316.7361 -1094.824 4738.372 211.9065 -1110.353 4613.745 149.1018 -1119.405 4731.653 
54.409 203.2623 -406.638 4747.537 214.8231 -591.8786 4734.106 224.4491 -738.7628 4712.566 218.8216 -965.1377 4714.349 254.8452 -928.933 4712.048 393.4196 -876.1202 4696.532 457.4765 -613.6854 4797.063 418.6994 -404.5649 4681.776 436.7729 -438.2672 4588.903 396.5784 -414.1204 4486.415 426.3032 -444.1912 4543.932 184.9657 -926.5244 4718.231 64.37885 -864.8391 4739.91 197.807 -614.3146 4815.339 249.2036 -445.606 4645.301 328.7608 -377.4603 4672.17 285.7631 -374.7023 4774.231 230.6998 -395.4817 4762.006 298.1187 -401.0078 4751.534 251.5129 12.98827 4779.817 191.1942 283.2739 5067.154 226.4502 438.3259 4953.582 117.7261 -411.7149 4743.932 165.0727 -4.900604 4664.875 183.0097 366.6744 4820.547 166.6456 444.8222 4659.468 215.498 -1049.236 4701.08 231.188 -1117.143 4548.651 250.2768 -1148.672 4593.927 296.6839 -1121.143 4714.646 197.3793 -1142.587 4582.144 125.1164 -1111.811 4693.98 
54.44 198.3909 -397.7904 4703.411 204.5319 -590.6397 4693.827 209.4991 -744.4127 4680.354 210.6202 -979.2354 4691.516 246.9476 -940.5787 4689.792 393.8039 -901.6201 4660.18 430.4107 -608.2317 4706.273 425.0049 -364.1788 4647.236 421.9465 -374.6874 4543.542 385.4211 -316.1737 4449.031 418.8015 -399.6655 4509.065 174.1053 -940.1832 4691.817 39.87728 -892.6969 4694.471 68.18698 -595.5269 4756.521 110.1297 -395.1432 4605.621 179.5378 -319.3286 4650.777 161.4598 -298.1288 4762.36 117.5387 -305.8557 4690.505 297.071 -394.7075 4704.605 225.9664 32.29278 4727.768 151.5096 435.1467 4789.431 199.9141 545.4369 4626.199 109.4067 -400.5704 4702.334 141.2783 29.40252 4662.026 157.6868 426.0406 4794.979 149.9465 554.1475 4659.468 210.6299 -1067.081 4681.161 202.8962 -1085.22 4508.281 238.3707 -1123.923 4538.564 307.8346 -1120.352 4656.911 181.8896 -1127.778 4538.048 130.7039 -1147.938 4668.823 
54.472 199.4914 -413.1991 4662.805 207.3517 -601.41 4649.016 213.8498 -751.7213 4636.165 208.9052 -981.1933 4648.386 245.2923 -944.2064 4649.256 393.428 -915.1736 4638.392 438.1614 -633.626 4704.15 456.1729 -392.2194 4662.987 434.2936 -387.869 4563.512 436.7415 -316.2446 4474.345 422.0553 -403.8551 4530.739 174.1613 -942.23 4645.7 43.26938 -894.7819 4644.605 24.42619 -609.6157 4729.392 47.94816 -413.4096 4578.455 101.514 -318.9705 4594.603 49.50018 -298.6862 4692.21 55.22238 -303.505 4591.878 295.2861 -410.0413 4674.309 238.6917 9.9895 4671.367 175.3264 380.6371 4821.954 238.107 476.6508 4660.159 113.1091 -416.0467 4652.431 134.5888 6.403208 4670.48 155.4547 389.7127 4812.536 141.0237 477.3134 4653.109 207.7568 -1067.131 4638.764 220.3424 -1056.526 4469.439 254.7616 -1096.36 4496.645 309.0233 -1107.826 4618.864 200.4724 -1103.763 4488.781 138.6479 -1148.175 4604.741 
54.503 198.9926 -419.4955 4624.423 205.8688 -601.9446 4609.332 211.1553 -747.1219 4590.723 208.2055 -969.8904 4598.98 243.3107 -933.8463 4597.637 385.0246 -900.3109 4579.162 401.6771 -623.1554 4637.755 407.0262 -385.6796 4655.134 391.2306 -360.8823 4560.725 433.5297 -289.8996 4486.67 381.4278 -345.4042 4525.088 174.256 -932.2404 4599.745 44.62898 -894.5873 4595.699 13.95899 -621.7024 4686.223 29.64167 -409.2346 4573.165 74.24089 -314.585 4553.476 46.9512 -272.9098 4650.5 49.832 -299.1731 4555.693 292.5139 -415.7539 4621.8 244.6594 -19.30299 4524.145 209.7081 271.5262 4785.969 214.4392 410.5819 4653.119 114.6603 -422.8694 4626.788 124.8384 -12.90017 4648.189 159.6072 351.5446 4801.783 132.9473 434.71 4647.835 206.6793 -1053.075 4588.292 201.271 -1060.693 4423.548 231.6634 -1101.243 4450.67 295.4575 -1108.767 4563.897 177.9958 -1100.998 4449.168 125.8611 -1123.337 4571.171 
54.535 190.6555 -418.8304 4584.547 196.7176 -600.2448 4564.418 201.6661 -745.4462 4549.97 197.7157 -967.509 4558.019 232.8474 -931.686 4558.078 379.0413 -931.2738 4551.649 393.77 -652.6813 4598.467 404.9708 -416.546 4620.506 384.8913 -394.3508 4526.587 341.2874 -325.2263 4452.053 362.1408 -357.7477 4499.329 163.9848 -929.8722 4557.449 30.49149 -919.2207 4543.685 13.6185 -641.444 4618.748 14.83625 -404.2936 4579.182 73.02769 -331.1301 4528.929 73.76132 -296.5454 4632.003 40.11364 -303.8517 4545.038 283.7651 -415.1198 4579.146 229.5686 -28.3663 4454.933 236.884 297.2447 4672.454 269.0717 436.0556 4544.109 106.6944 -422.1765 4589.417 125.8766 -15.89596 4635.799 169.8408 346.816 4787.927 166.3409 416.1225 4625.705 196.3619 -1050.427 4547.29 190.3025 -1062.229 4383.333 224.4788 -1099.021 4410.924 289.4577 -1097.98 4523.252 171.1803 -1103.807 4409.991 122.5605 -1128.054 4532.616 
54.566 196.6546 -404.8089 4545.418 199.0421 -585.001 4525.767 200.5248 -728.6852 4506.929 200.2264 -949.2689 4504.41 234.5332 -913.1763 4505.282 379.3888 -921.4912 4512.064 386.0613 -645.3421 4562.456 392.4439 -411.6344 4592.112 385.9564 -380.566 4499.561 365.7031 -303.6453 4423.88 367.1289 -344.7341 4470.15 166.1681 -912.4913 4506.5 32.74949 -914.6139 4499.359 23.81273 -636.2945 4565.025 21.63295 -401.4656 4522.538 81.7481 -315.3734 4531.062 75.15237 -296.8787 4637.179 39.92265 -299.214 4545.984 288.4619 -402.2624 4533.221 223.0754 -23.03398 4401.398 231.0757 337.9208 4545.538 165.1003 443.005 4401.18 113.8679 -407.1051 4556.416 144.7831 -7.666617 4624.27 191.4983 351.3884 4776.658 165.1263 411.06 4614.127 199.8747 -1030.983 4489.854 194.0272 -1057.108 4328.789 230.2685 -1088.939 4358.919 294.971 -1074.245 4469.328 177.763 -1097.028 4358.879 131.5385 -1113.407 4482.647 
54.613 201.7863 -408.8201 4501.237 203.7484 -588.4651 4487.212 203.6314 -730.963 4466.034 197.4268 -950.0264 4458.187 232.4621 -915.0461 4458.112 374.851 -931.6011 4440.78 392.0806 -666.936 4527.766 402.1627 -433.4957 4544.72 387.6868 -410.7639 4451.266 362.8544 -316.4256 4402.319 357.4431 -396.5764 4416.679 164.7015 -912.697 4462.96 31.87324 -911.6133 4463.733 32.10151 -630.4667 4506.667 32.10189 -394.7853 4479.536 75.96371 -314.4976 4530.499 78.2188 -298.468 4636.55 41.85793 -307.4855 4543.735 292.6109 -406.6476 4486.118 235.0427 -32.51979 4343.897 240.0673 336.2693 4459.278 225.1225 388.7345 4278.086 119.8857 -410.7791 4514.872 166.8082 -18.31079 4598.104 239.7523 318.3706 4782.025 245.3108 375.6186 4617.703 194.1762 -1030.822 4441.773 192.4243 -1056.105 4281.458 221.4263 -1092.949 4313.044 281.6169 -1088.325 4425.97 168.6866 -1092.623 4310.335 114.579 -1100.991 4430.819 
54.644 199.0756 -408.3322 4458.164 199.3722 -580.1207 4440.465 198.9213 -716.5814 4419.491 199.8536 -926.4385 4408.257 232.3226 -891.9648 4411.18 369.8484 -906.8382 4407.41 377.5188 -651.0082 4485.188 384.0023 -427.1201 4469.707 371.0151 -405.8879 4379.878 346.3092 -326.1643 4316.835 341.5919 -395.4074 4345.974 167.1797 -891.6701 4411.076 41.53615 -911.9488 4408.146 10.92755 -644.7135 4452.176 -14.46419 -421.6005 4416.571 11.72666 -363.6272 4494.198 1.334731 -356.5052 4596.236 24.35447 -354.3497 4495.971 286.9023 -407.282 4449.444 252.916 -53.48059 4295.019 244.5541 314.6024 4335.132 252.8535 384.7226 4168.098 119.8785 -409.2791 4466.028 167.7761 -34.99794 4552.48 227.6123 303.263 4701.02 236.5845 379.9471 4553.111 200.2236 -1003.633 4391.126 202.5943 -1025.104 4237.085 233.4888 -1057.985 4267.085 289.3032 -1049.749 4376.063 183.201 -1062.71 4263.878 131.2201 -1078.01 4378.55 
54.676 195.8016 -405.3058 4409.932 201.3448 -578.1885 4395.346 205.3503 -716.1013 4380.446 207.1161 -927.265 4375.07 239.5797 -892.4382 4377.829 378.0449 -903.5741 4370.8 379.8726 -650.8516 4462.573 378.0315 -428.2007 4425.83 362.1773 -410.9813 4335.11 335.0453 -322.2438 4285.685 338.6974 -391.4954 4301.876 174.1234 -892.3614 4376.13 48.52053 -913.4545 4363.799 7.735904 -645.3563 4402.729 -22.50262 -419.3945 4386.877 5.600317 -367.1403 4468.463 -27.89059 -422.1325 4549.293 51.63984 -368.6441 4463.488 283.7271 -401.5401 4398.713 270.3032 -37.3238 4261.268 245.3671 332.865 4231.008 260.6214 413.4853 4068.242 116.5153 -408.7015 4420.048 168.3926 -33.41496 4508.745 227.8099 320.8918 4620.299 225.3285 426.168 4489.778 208.1104 -1005.304 4360.036 215.5787 -1016.317 4204.256 243.0185 -1053.466 4233.116 294.8641 -1056.705 4344.991 192.4486 -1054.408 4227.669 134.447 -1073.941 4339.498 
54.708 194.3585 -389.7767 4356.601 199.0774 -561.3015 4344.105 201.4782 -697.5037 4325.112 196.5806 -906.1269 4308.213 229.8811 -872.7629 4311.691 367.5242 -880.0616 4309.422 375.2441 -631.5472 4405.324 381.1176 -409.9237 4375.743 370.8296 -408.3662 4283.468 339.0863 -322.594 4233.534 324.1093 -378.0659 4252.468 165.0197 -870.7148 4312.336 38.76996 -881.7525 4307.563 7.659532 -615.3313 4349.76 -17.07895 -390.2231 4353.684 8.949395 -346.1586 4439.577 21.54539 -315.111 4536.365 -21.37581 -341.1967 4445.001 281.2735 -386.4456 4343.699 266.2624 -26.92661 4203.83 236.9621 340.6843 4215.276 261.4134 427.7042 4058.855 115.9833 -392.7805 4368.235 162.0266 -22.42807 4465.399 225.4462 309.3071 4623.311 223.6136 421.3252 4500.525 194.668 -982.5115 4289.053 209.1726 -1008.011 4136.896 239.3357 -1038.251 4169.9 286.4763 -1024.101 4281.806 189.9024 -1045.686 4163.327 130.8538 -1060.454 4274.049 
54.739 200.5309 -399.5934 4301.385 203.5589 -571.4734 4292.779 205.3425 -708.66 4282.231 205.4144 -918.0745 4277.942 237.9282 -883.7372 4278.059 375.2054 -883.1039 4264.8 388.4158 -646.4265 4386.823 382.8123 -432.442 4321.623 367.7171 -443.8796 4230.672 354.2482 -349.2422 4189.078 338.1371 -399.3256 4194.552 173.0827 -883.2491 4281.26 46.40593 -884.9204 4288.213 19.12578 -616.1915 4317.125 -3.315706 -422.0592 4202.423 25.46873 -339.8758 4251.648 3.674859 -320.3762 4349.855 0.41968 -388.5143 4333.01 287.1978 -397.3198 4286.47 264.0137 -37.9614 4146.824 240.4309 325.8447 4204.61 272.924 452.2562 4079.584 122.3796 -401.6436 4314.835 169.1622 -32.11761 4415.424 227.2442 311.9107 4547.344 217.6874 424.3871 4425.236 204.8056 -995.5347 4263.433 209.2615 -998.4728 4108.495 238.3448 -1035.69 4134.67 292.2086 -1042.581 4244.261 188.1595 -1038.15 4130.22 133.7548 -1065.068 4241.099 
54.77 201.4599 -391.1059 4252.05 204.9123 -561.7926 4243.422 205.6258 -697.1444 4224.587 210.5509 -904.8616 4234.658 242.0272 -870.0144 4233.952 378.5 -858.4448 4235.392 371.6249 -603.3068 4305.851 365.0528 -383.8787 4271.292 355.5291 -378.0033 4179.71 331.3257 -297.6069 4119.133 321.2368 -328.7399 4152.923 177.554 -870.9659 4234.044 52.13522 -869.3715 4221.991 19.40631 -612.5194 4297.758 5.353147 -391.0002 4260.661 25.44899 -334.0146 4339.512 15.40493 -309.6852 4437.814 21.09076 -324.9869 4345.14 287.5727 -388.6294 4237.515 260.2889 -32.6173 4097.353 243.2074 324.7574 4177.204 270.4918 453.3659 4054.994 123.8082 -393.3391 4265.157 167.8597 -21.36084 4345.839 232.9566 304.0257 4510.5 232.4884 428.6693 4402.158 212.3699 -982.5784 4225.563 218.4364 -988.5508 4071.834 245.1634 -1026.395 4098.846 296.986 -1033.838 4208.45 195.3178 -1026.477 4093.847 138.7602 -1048.495 4203.739 
54.802 206.456 -378.6812 4206.986 211.4754 -554.751 4198.368 214.0929 -695.1313 4185.592 216.8642 -908.9461 4203.795 249.7367 -873.46 4201.037 389.4659 -852.6486 4197.836 378.8557 -588.929 4268.238 363.9284 -371.0606 4198.426 356.2256 -339.4236 4108.984 291.4073 -267.4166 4064.017 315.833 -319.6349 4077.256 183.2332 -873.5966 4202.602 53.79458 -862.1906 4198.773 18.97386 -587.7626 4229.495 -4.826641 -357.3516 4213.79 10.53866 -302.4823 4298.977 32.68981 -224.8509 4366.097 19.97756 -292.8692 4304.251 294.1417 -375.175 4186.425 258.0202 2.647281 4074.419 246.9613 372.0029 4154.941 261.1869 510.886 4033.279 127.386 -381.8429 4225.527 148.3892 11.10205 4263.155 229.954 341.5939 4436.871 214.4532 486.5158 4348.633 217.5849 -989.4318 4197.349 237.2902 -977.8331 4040.164 261.1774 -1020.845 4065.473 304.4503 -1043.398 4180.894 210.4094 -1018.303 4056.137 141.8596 -1051.379 4160.924 
54.833 221.672 -365.2535 4166.34 212.9355 -542.2393 4152.737 205.9221 -683.7166 4141.695 211.6109 -899.6231 4152.94 244.2346 -863.4267 4149.839 386.0804 -864.9923 4137.329 407.8315 -607.2023 4231.417 412.2804 -384.4119 4170.359 389.0937 -358.6522 4080.915 338.4823 -287.1416 4018.375 362.4724 -353.6201 4046.473 177.3575 -864.3556 4154.402 46.38243 -861.474 4154.163 26.79053 -584.8161 4196.026 12.01529 -351.7345 4181.95 21.25369 -276.4718 4252.076 28.0057 -181.8912 4299.015 22.98799 -265.1344 4254.948 311.0552 -368.448 4150.497 265.3281 13.29514 4044.551 234.8776 373.826 4164.35 222.1723 471.4924 4005.833 141.0711 -362.373 4180.627 163.8389 34.02919 4213.002 203.1554 245.0179 4532.802 187.399 415.9629 4529.476 212.8246 -980.4739 4143.806 231.2344 -976.0438 3984.856 249.9424 -1021.394 4011.358 292.2871 -1046.222 4127.714 199.3836 -1012.483 4002.577 128.4405 -1033.498 4110.098 
54.864 225.7258 -363.5146 4122.029 222.3693 -540.909 4116.016 218.0165 -681.8874 4100.24 216.6232 -897.9183 4099.365 250.3598 -862.7294 4097.797 392.1901 -860.0219 4087.229 392.9951 -597.13 4167.869 387.9008 -366.5083 4160.503 396.4256 -354.5596 4065.815 345.7628 -272.9753 4017.458 356.5471 -350.1669 4022.568 183.6278 -861.7273 4103.294 54.83301 -843.0291 4116.99 37.88446 -568.9152 4172.47 22.24869 -337.9928 4140.004 32.47913 -245.5152 4184.583 17.1711 -146.4629 4218.113 39.83272 -220.0146 4152.082 315.4038 -364.7455 4108.286 268.4682 24.21224 4036.146 233.9022 381.5911 4162.752 230.606 472.6823 4000.139 144.8591 -362.4045 4134.422 153.7141 34.27905 4104.13 213.4882 313.9037 4361.514 214.6031 456.3372 4265.971 215.0118 -978.0377 4085.742 231.2593 -992.4926 3927.33 255.1417 -1031.61 3958.978 301.0641 -1036.172 4076.382 203.878 -1029.516 3950.352 136.8388 -1043.865 4061.248 
54.912 233.339 -362.4092 4081.512 224.3887 -539.658 4070.9 216.3048 -680.8858 4057.047 213.0118 -897.0897 4064.517 247.0512 -862.2616 4060.739 388.5031 -861.9425 4043.821 396.8911 -598.7341 4124.389 395.1093 -367.6882 4118.107 390.4062 -358.732 4022.681 328.0984 -271.165 4015.953 377.5102 -355.3206 3984.042 180.3949 -860.4039 4067.894 51.44699 -841.3275 4081.483 42.54881 -568.3871 4145.992 29.60501 -346.0631 4073.948 29.234 -243.652 4087.645 36.87482 -140.9485 4112.072 39.83001 -225.0168 4079.927 322.7556 -365.9798 4065.735 271.8622 27.02269 4019.63 235.499 377.9501 4164.206 211.1013 457.4526 3997.056 152.7081 -359.1894 4095.739 146.4073 31.30212 4016.361 180.0706 241.5277 4337.485 170.0469 412.1779 4320.679 210.3524 -977.7709 4054.012 237.8624 -982.8002 3896.337 261.7887 -1022.318 3927.597 300.0886 -1030.799 4047.688 211.0956 -1022.455 3915.556 137.6716 -1046.295 4020.861 
54.927 237.2335 -358.4371 4043.726 230.6228 -538.3813 4036.29 224.1012 -681.3668 4019.84 214.7901 -900.4678 4022.241 250.268 -866.0345 4019.553 394.0318 -868.1134 4006.117 400.4739 -596.1754 4068.835 401.6015 -361.9137 4072.547 378.9643 -348.8419 3978.854 320.7689 -266.1189 4019.896 374.2111 -354.4569 3942.616 182.7096 -862.4868 4026.235 54.38984 -837.0096 4049.328 53.44954 -557.5453 4102.248 42.63698 -341.3616 4005.089 66.68405 -240.852 3988.094 65.86514 -134.0311 3978.108 97.97842 -237.1151 3930.161 328.6368 -361.3405 4032.725 282.4258 39.99036 4014.264 238.2462 388.2668 4175.89 228.5854 484.6569 4013.321 154.8112 -355.8191 4053.646 123.0128 35.35497 3957.924 150.8531 283.7665 4258.002 150.8694 442.6354 4186.755 209.9969 -981.8784 4009.654 241.6396 -986.3099 3850.508 265.8393 -1025.984 3882.714 301.9895 -1034.059 4005.301 214.7587 -1026.988 3869.327 138.3184 -1052.549 3974.307 
54.959 245.9439 -351.4536 4008.789 239.5045 -532.4012 3998.26 233.9668 -676.1025 3979.746 219.1253 -896.3115 3980.57 255.6851 -862.5372 3978.207 399.3373 -862.8755 3956.217 418.0506 -592.499 4030.166 419.3883 -358.1835 4003.893 370.8905 -322.9526 3926.501 345.1411 -255.3818 4009.192 348.0205 -347.5857 3892.507 187.7865 -857.3283 3984.774 60.24143 -824.885 4008.307 54.59908 -543.2316 4059.063 47.02132 -322.2568 3968.924 86.94868 -237.2979 3920.993 110.4102 -145.3221 3869.531 111.607 -239.7106 3891.76 338.5084 -354.5229 4004.925 284.5089 48.84934 4001.834 234.949 387.5467 4186.522 227.9125 465.0112 4012.68 162.4745 -348.6858 4012.272 130.1147 40.90097 3900.678 148.7753 326.5855 4169.969 141.2531 445.4191 4041.418 212.3078 -978.005 3967.308 239.5171 -990.9048 3806.75 260.3926 -1032.101 3839.99 298.7947 -1040.029 3962.757 208.8398 -1028.159 3827.666 132.3125 -1042.293 3935.764 
55.006 239.7929 -335.109 3978.146 230.0632 -521.6873 3969.476 221.5783 -669.9313 3951.896 218.5648 -897.337 3942.888 254.308 -860.438 3941.736 400.5629 -830.5048 3928.58 421.772 -543.3184 3960.257 438.0753 -301.5779 3980.722 396.929 -233.5699 3918.491 340.6787 -137.1674 3899.133 360.2644 -249.0009 3877.164 184.1634 -859.1775 3949.192 53.28596 -825.608 3976.62 68.58031 -534.2586 4021.527 67.49048 -316.2527 3907.065 84.82965 -215.444 3870.303 120.4934 -131.7281 3806.133 103.0768 -215.0944 3828.723 335.034 -339.7634 3971.427 289.3546 75.36244 4012.987 240.7557 436.3613 4180.908 237.2518 505.9353 3997.279 153.9098 -330.912 3984.206 139.6385 55.253 3821.611 172.0853 361.5125 4085.115 169.8974 485.5886 3953.77 215.9725 -981.1661 3925.577 221.4412 -994.2651 3757.717 251.0486 -1034.381 3788.658 308.6297 -1037.62 3908.395 196.4735 -1034.874 3783.591 135.5367 -1054.449 3905.125 
55.037 231.9422 -333.4921 3940.329 224.7103 -517.1759 3925.488 218.8779 -663.6965 3910.134 221.585 -887.7946 3898.249 255.7092 -850.4222 3895.771 398.0044 -818.5125 3871.87 434.5821 -538.9886 3918.053 466.0636 -304.8381 3958.892 424.4165 -250.473 3886.653 370.1867 -152.8297 3885.335 389.0848 -232.7189 3863.17 187.0229 -851.2177 3906.776 57.87012 -824.5082 3939.757 67.1975 -538.5808 3993.421 50.68771 -327.1108 3875.278 106.294 -246.2569 3832.176 167.7388 -165.0988 3791.036 130.9377 -257.4492 3806.245 326.1169 -337.0618 3938.62 287.5181 73.03587 3978.545 227.2872 397.2962 4196.835 217.2056 446.762 4009.872 147.0206 -330.2731 3941.869 152.5236 45.72409 3770.139 172.1266 387.5409 3976.315 148.3823 444.5693 3809.19 220.3921 -970.2705 3880.169 218.0345 -987.1306 3714.934 249.0993 -1025.636 3744.937 311.4741 -1025.391 3860.189 195.1174 -1026.795 3742.539 141.036 -1043.807 3865.543 
55.068 231.5882 -338.608 3906.155 222.9973 -522.3873 3893.165 216.7365 -668.0078 3870.878 221.0137 -892.0358 3857.872 255.0485 -854.5012 3857.197 398.1457 -821.4196 3840.781 439.0287 -539.5927 3863.555 473.9588 -303.2988 3884.507 434.9465 -233.2458 3825.511 386.8419 -138.3099 3859.449 386.5557 -195.1618 3833.981 185.9233 -855.6548 3864.985 53.68282 -836.897 3890.381 67.91777 -556.0151 3965.458 53.7359 -351.1954 3835.818 78.85549 -250.9879 3807.247 150.7281 -192.0516 3748.79 113.8106 -251.6897 3767.679 325.6385 -343.3071 3910.438 287.6474 65.56686 3962.093 238.5447 380.3123 4196.552 218.2016 452.975 4018.182 146.7789 -334.3705 3902.293 152.333 37.97725 3722.718 161.2348 410.3106 3867.783 136.4458 438.1887 3693.542 221.0392 -974.4156 3839.292 216.8495 -982.3074 3673.41 246.0705 -1023.894 3701.068 309.0541 -1032.974 3815.641 192.0833 -1022.167 3699.075 137.916 -1042.927 3821.476 
55.116 220.2407 -339.2002 3853.614 214.9652 -518.7734 3845.333 211.2637 -661.1877 3825.953 215.4752 -879.6693 3813.935 248.5187 -842.9952 3811.831 386.5726 -814.9136 3781.53 434.0424 -545.3869 3833.501 474.4308 -319.5373 3878.496 460.3569 -244.5302 3818.513 410.5315 -153.1165 3850.534 420.4292 -207.0146 3808.477 181.4712 -844.2489 3822.082 51.29699 -835.8014 3845.7 66.60029 -561.3494 3916.446 47.0647 -366.1485 3783.888 78.30225 -269.104 3760.867 142.1382 -204.5715 3704.092 100.7903 -263.9165 3731.424 312.047 -342.0567 3857.07 287.5585 51.94622 3940.855 236.6688 360.0468 4167.196 212.7299 468.4912 4014.455 137.455 -336.6244 3850.497 150.3445 34.50897 3693.648 181.1666 421.7668 3724.844 148.7508 450.1572 3556.523 214.9858 -960.0646 3796.132 220.2194 -970.8773 3634.596 247.5921 -1010.547 3663.931 302.6333 -1016.506 3779.108 195.131 -1009.563 3658.969 135.8299 -1028.202 3775.501 
55.147 219.892 -329.074 3811.074 216.1727 -507.0541 3806.395 214.0405 -648.1352 3787.426 217.5922 -864.4982 3775.704 250.4759 -828.3063 3774.117 388.9643 -807.2171 3746.967 441.7509 -540.6915 3794.554 486.4862 -317.2945 3835.677 468.7464 -249.5765 3769.813 422.4593 -168.232 3823.42 420.2065 -192.6628 3812.703 183.9291 -829.2952 3783.222 54.09052 -823.1586 3801.56 65.38708 -556.089 3888.389 49.25156 -359.3666 3761.882 84.55965 -268.9783 3725.913 163.9439 -217.2061 3678.401 121.8646 -274.9445 3693.481 310.7553 -331.1005 3815.932 286.5283 53.37817 3922.109 224.7451 354.0992 4149.258 228.6879 483.0695 4013.91 137.9565 -327.2466 3806.693 152.876 41.23351 3653.917 186.317 425.2314 3634.969 150.3489 458.1462 3469.974 217.0888 -944.1142 3758.111 216.5615 -955.6176 3598.129 246.0018 -993.8308 3626.316 304.9406 -997.2855 3738.239 193.9014 -994.5561 3623.374 140.2147 -1014.191 3741.001 
55.179 208.6421 -329.386 3767.121 206.6671 -505.7001 3758.002 205.6227 -645.5626 3738.997 208.9679 -860.1182 3728.057 241.5212 -824.2335 3725.689 381.0613 -812.4162 3705.593 435.7945 -545.593 3730.161 482.1709 -321.8755 3752.239 463.4085 -263.2837 3679.461 441.4886 -226.4931 3777.448 400.7791 -206.6505 3758.762 175.7421 -825.197 3736.073 47.79837 -822.5378 3759.791 60.4607 -559.4971 3850.895 34.39194 -371.6575 3716.482 104.1739 -309.3756 3674.293 184.1341 -241.1673 3672.705 116.7382 -288.4969 3697.885 298.7842 -330.6025 3771.12 283.959 47.22572 3889.428 226.6888 336.1319 4127.382 235.8819 470.0339 3999.478 127.3569 -328.289 3763.515 153.3105 35.33927 3609.457 199.2222 413.9717 3639.96 152.4963 462.8401 3483.353 208.1339 -939.1157 3710.906 215.8802 -950.3291 3552.464 242.4702 -989.032 3581.849 294.7032 -994.1774 3695.803 191.0474 -988.3329 3576.144 131.0775 -1006.463 3689.67 
55.21 212.48 -321.4123 3718.342 209.6682 -498.9034 3701.921 207.4594 -640.7501 3688.268 211.6626 -857.6499 3688.962 244.4985 -821.4702 3685.545 385.5444 -814.5057 3664.047 437.2576 -543.4978 3675.469 478.281 -315.3986 3676.615 450.7775 -293.868 3586.958 476.9011 -289.339 3691.625 394.6509 -219.9566 3711.84 177.8173 -822.1382 3694.216 47.93337 -818.8875 3713.927 55.10312 -555.6817 3813.092 31.51058 -365.2354 3677.979 105.4798 -308.338 3632.982 192.7574 -258.5379 3667.132 118.4934 -284.3087 3698.483 303.3322 -323.4603 3724.921 314.5211 48.78881 3870.977 300.552 357.7206 4095.756 308.505 500.3374 3974.759 130.5545 -319.5655 3712.408 152.5097 55.16848 3575.387 192.0387 439.3647 3584.427 178.0861 510.1834 3428.05 211.496 -938.2286 3675.933 226.9196 -954.1552 3516.902 251.3914 -992.9511 3548.905 298.2779 -996.0582 3666.544 199.8455 -991.3102 3540.551 133.3347 -1005.141 3652.469 
55.241 209.3122 -317.5817 3666.244 206.2325 -495.239 3657.952 203.9125 -637.0389 3647.491 205.5814 -853.4948 3647.341 238.7558 -817.7667 3643.991 380.6349 -810.4649 3632.522 437.5456 -541.7379 3611.066 470.6101 -322.9142 3543.989 418.1286 -283.7446 3473.782 467.6472 -304.1404 3567.263 382.4869 -265.9168 3623.372 172.2394 -817.6906 3652.801 43.16643 -803.8589 3671.282 49.88227 -539.6694 3766.002 31.37105 -356.8476 3620.839 96.94006 -294.8361 3570.427 160.7784 -257.1774 3646.06 114.9455 -291.6041 3691.657 300.1489 -319.3088 3669.51 306.1423 52.19498 3815.35 294.6627 361.3083 4038.58 296.1145 504.3828 3918.513 127.4007 -316.0243 3663.299 152.1132 61.53077 3537.526 190.4677 444.2194 3563.419 182.5674 522.1207 3410.442 204.4458 -933.837 3634.032 209.0254 -948.0154 3474.513 236.4842 -986.4222 3504.267 291.439 -989.4419 3618.052 184.5706 -985.9021 3499.564 126.5256 -1002.182 3615.455 
55.272 195.4562 -306.0334 3619.567 201.0218 -485.4389 3610.029 205.9583 -628.6027 3598.684 207.5428 -847.3311 3599.402 241.2489 -811.2468 3598.698 384.3262 -795.5344 3593.659 421.4008 -520.3563 3573.202 430.6809 -358.8308 3404.594 436.4817 -269.8676 3366.332 441.1069 -291.8715 3472.851 430.1872 -275.5822 3506.95 173.5264 -811.1252 3601.975 41.30359 -805.4769 3608.37 39.20296 -546.2864 3723.663 31.93516 -333.4888 3620.412 59.67999 -284.1328 3532.628 145.8864 -230.9782 3498.079 59.02346 -316.4778 3502.108 286.4994 -303.851 3631.643 263.9487 92.01324 3705.579 278.5237 306.0322 4025.844 273.6276 494.118 4010.854 113.3587 -308.0013 3608.677 149.8294 78.03509 3499.227 188.2633 459.177 3569.815 180.7668 539.3428 3415.953 207.4781 -928.5614 3586.175 207.2785 -950.2083 3425.733 236.5945 -987.1727 3456.625 295.7521 -984.0992 3569.781 184.0109 -987.658 3453.54 129.3427 -999.5947 3573.098 
55.304 197.5413 -301.1953 3574.538 201.3788 -480.0869 3565.676 205.6696 -622.2242 3548.602 202.7479 -840.2172 3547.954 237.0793 -804.9498 3547.543 380.5748 -801.3596 3549.243 413.558 -525.8387 3551.64 430.3931 -351.3079 3398.339 447.0949 -272.7174 3344.537 438.9645 -277.3732 3452.638 425.504 -249.7161 3481.904 169.5904 -803.4551 3550.679 38.48472 -802.1058 3566.475 35.31862 -539.7466 3671.852 18.91611 -309.6373 3622.777 29.14626 -241.9016 3544.374 73.60588 -195.7124 3459.139 32.82475 -236.9471 3528.862 288.4008 -299.8033 3585.783 284.8972 99.24648 3634.353 272.3389 292.3859 3966.237 286.9334 479.655 3955.867 115.6093 -302.4505 3564.397 142.8161 89.93513 3483.417 191.1855 465.4563 3569.288 179.8541 527.837 3408.236 201.0399 -921.0773 3534.263 212.6443 -949.65 3375.876 240.2443 -984.4827 3410.286 290.9398 -975.2326 3526.692 188.2045 -986.2033 3403.548 125.5691 -994.0027 3518.988 
55.335 192.5096 -302.3188 3531.865 195.894 -481.5385 3522.137 199.8463 -623.8974 3504.402 201.0185 -842.3187 3508.094 234.7497 -806.356 3506.939 378.2853 -798.5188 3512.088 400.699 -521.4136 3506.768 416.4119 -328.9064 3375.772 481.0248 -261.5935 3349.654 411.4303 -236.7045 3429.395 444.9649 -221.4438 3446.197 167.1106 -806.0643 3510.134 36.09312 -799.89 3527.659 39.1115 -531.293 3617.758 27.63249 -300.8719 3566.495 22.71529 -205.996 3523.389 64.8661 -173.0928 3430.857 36.30859 -210.6143 3468.26 283.5291 -301.2239 3543.359 268.9396 101.2056 3533.072 257.945 281.2619 3873.169 290.4691 466.6504 3883.524 110.4332 -303.3062 3521.5 142.0769 94.90388 3473.059 191.1591 466.107 3578.608 184.5166 535.7907 3419.928 200.8164 -923.6172 3495.99 202.7886 -957.7776 3337.963 229.2646 -993.6948 3372.328 286.016 -984.9598 3486.234 176.8824 -991.5375 3367.952 119.1761 -990.9781 3486.486 
55.367 192.8678 -316.034 3493.647 198.7708 -491.1584 3481.631 203.5611 -631.0938 3471.113 202.5275 -844.752 3465.518 235.8699 -809.9343 3467.625 375.3289 -791.9846 3473.51 396.105 -520.7443 3476.485 409.092 -314.0768 3380.273 453.0883 -240.8686 3339.146 387.1288 -157.9242 3348.394 415.5236 -190.6375 3396.401 169.6253 -809.0182 3467.327 41.54642 -790.8808 3472.701 27.51702 -530.6361 3567.118 19.63489 -310.5491 3496.657 4.349153 -217.6746 3536.142 35.26982 -173.1594 3446.726 30.92104 -185.1217 3461.504 282.3122 -313.5103 3500.807 228.0452 76.46132 3483.298 241.9173 288.9308 3793.996 267.894 467.331 3755.099 112.2119 -318.3097 3487.19 137.9208 72.26652 3444.947 186.3068 426.1694 3576.406 195.7 513.9105 3431.47 202.2083 -923.7064 3450.246 193.7375 -957.9985 3296.046 225.6584 -990.3065 3327.248 289.6669 -975.7516 3433.394 174.2588 -993.0224 3327.481 128.3514 -996.85 3447.961 
55.414 194.1123 -309.9155 3457.979 199.0953 -487.0201 3442.587 203.1663 -628.0719 3425.213 197.2496 -844.2136 3415.99 231.8177 -809.7255 3417.702 373.6094 -796.0875 3421.645 394.1732 -524.8854 3465.346 405.798 -316.3021 3366.285 456.1759 -243.6419 3328.917 384.8958 -178.1607 3376.176 415.4744 -176.5273 3355.424 164.797 -807.3682 3419.415 36.90085 -781.0692 3431.111 19.80101 -515.8124 3521.267 3.855884 -290.3262 3460.285 -11.62807 -209.2226 3522.448 24.03662 -166.2661 3432.492 19.55712 -160.128 3461.428 284.9562 -307.5175 3459.797 235.9504 85.89718 3414.188 252.2029 338.2226 3699.712 302.1141 496.4976 3614.083 112.1943 -312.0779 3456.34 139.6914 84.75718 3430.26 189.0522 434.7784 3583.824 182.7691 522.399 3436.161 194.733 -923.8565 3399.218 205.4302 -969.7181 3246.115 231.1238 -1001.551 3284.058 281.4616 -982.064 3398.321 179.4608 -1001.66 3277.183 116.6469 -994.0377 3391.439 
55.445 190.4694 -307.1588 3423.262 198.6259 -485.773 3410.673 205.3921 -627.5502 3390.996 196.8344 -845.3493 3382.72 232.0644 -811.036 3385.271 374.8936 -797.0685 3390.961 381.8869 -525.5418 3448.475 386.9972 -315.9414 3346.779 452.0797 -246.742 3365.089 375.9803 -177.506 3330.436 399.9529 -174.9042 3324.334 164.5313 -807.7721 3385.012 34.88898 -782.3183 3386.658 18.70112 -510.5922 3463.669 12.70214 -277.3287 3428.508 -10.02522 -202.3417 3497.146 26.0077 -137.8206 3420.17 37.14435 -153.9752 3387.706 281.951 -303.1756 3426.019 249.1129 81.23705 3312.333 254.9562 341.8826 3594.799 303.7489 498.5343 3502.573 107.9764 -310.7506 3420.775 142.0556 89.55801 3425.21 187.725 442.9424 3579.859 202.3497 528.3635 3429.934 193.7345 -925.6773 3366.187 204.7073 -948.0846 3206.683 229.4556 -986.2906 3239.701 279.6545 -985.7786 3356.757 177.462 -983.9844 3232.584 113.3585 -992.3105 3347.255 
55.476 191.2262 -306.2947 3384.129 198.2979 -483.7425 3370.135 203.5911 -624.6323 3350.042 189.8426 -840.8413 3342.388 225.672 -807.5911 3344.831 367.9926 -801.3588 3353.797 377.1953 -532.1228 3413.499 388.6039 -317.2846 3327.776 430.5015 -246.1995 3377.134 381.2805 -184.0233 3303.974 363.6672 -194.7191 3284.433 158.653 -802.7227 3344.571 29.61633 -778.4003 3343.417 13.58676 -507.3545 3416.372 10.13208 -274.3974 3389.549 -19.76883 -204.9693 3460.283 18.33437 -131.672 3393.78 44.77604 -158.7668 3351.474 282.131 -302.4154 3380.875 254.3561 74.41988 3250.44 265.3723 381.1103 3477.954 292.3393 517.6599 3352.981 109.2534 -309.7929 3387.063 138.6654 87.69459 3411.241 189.7039 431.0089 3580.239 180.2852 515.9806 3430.871 184.8259 -920.6194 3326.167 199.2298 -944.8423 3168.213 226.4237 -980.1083 3201.981 274.8246 -973.4642 3318.756 174.814 -982.1021 3194.373 110.7178 -993.375 3307.863 
55.508 191.4045 -302.4566 3344.457 197.3307 -478.6147 3328.909 201.8251 -618.8537 3310.942 193.5444 -833.532 3296.479 228.2942 -799.7233 3300.034 370.006 -795.3818 3300.666 371.5235 -532.7258 3378.94 371.479 -321.6374 3287.522 402.5348 -256.1134 3349.675 376.5227 -181.59 3277.186 358.7526 -197.2367 3249.31 161.626 -796.541 3299.782 32.1063 -781.989 3294.752 7.446464 -513.4583 3367.344 -4.458153 -281.3253 3351.972 -25.69509 -226.2084 3436.145 2.750166 -132.8145 3396.588 28.90838 -162.2713 3333.497 281.7041 -299.1004 3340.85 267.9362 61.90476 3176.122 277.1706 392.1516 3362.778 295.7264 520.564 3229.78 109.9775 -305.483 3347.711 137.7674 86.90754 3398.383 188.7258 418.8442 3583.465 183.8593 506.4395 3436.745 190.564 -912.3199 3277.843 198.1569 -936.457 3120.493 226.7058 -971.3725 3152.859 279.7264 -964.5273 3266.659 175.1709 -973.5238 3147.525 116.4722 -984.8375 3262.905 
55.539 189.3132 -299.8861 3307.821 193.7013 -477.0123 3291.274 196.952 -618.0427 3272.868 190.7387 -833.6832 3254.012 225.3429 -799.4385 3258.495 367.3874 -788.3721 3264.185 364.5695 -523.2009 3339.371 364.7994 -318.5506 3231.486 391.754 -256.3582 3299.535 370.05 -184.6195 3222.083 358.1652 -199.2161 3182.355 158.2706 -796.8516 3257.848 27.82218 -783.2488 3255.559 6.406225 -510.2283 3317.847 -5.741075 -276.2763 3319.711 -13.23375 -229.0479 3411.408 3.616611 -132.913 3370.208 31.42371 -161.5686 3316.183 280.1264 -297.2419 3303.599 265.6317 64.83531 3135.839 265.1115 428.3819 3251.898 280.1485 527.6062 3094.272 107.4229 -302.2705 3311.627 139.4806 87.20323 3391.582 188.0269 423.8804 3573.262 191.7144 516.0476 3428.179 188.6061 -912.5586 3233.691 200.8802 -942.3713 3076.687 225.8784 -978.2171 3111.43 274.9603 -971.1407 3227.75 174.274 -977.1647 3103.976 110.0588 -980.9167 3217.737 
55.57 185.4347 -289.0015 3275.608 190.1938 -467.2464 3261.977 192.6973 -608.3555 3239.154 187.52 -825.0431 3219.708 222.1269 -790.4653 3224.249 365.0411 -783.4814 3231.94 356.838 -516.7097 3306.056 358.7174 -322.8589 3177.727 404.8486 -258.0395 3232.378 368.5974 -186.2861 3159.794 334.3457 -203.6694 3138.886 154.7109 -788.2037 3223.691 24.7083 -766.6027 3220.555 -6.930806 -491.2476 3273.816 -23.73962 -256.6751 3262.853 3.002813 -223.8869 3357.776 17.82051 -127.8646 3314.252 40.88721 -162.1194 3267.978 276.2784 -285.8462 3266.065 261.9442 76.94277 3095.162 271.6132 456.3154 3150.462 284.2975 532.7644 2979.415 103.5169 -291.8467 3284.213 140.0481 95.70483 3379.879 195.8539 432.2115 3563.821 204.4795 526.5802 3419.357 185.7496 -904.2693 3199.105 205.0882 -932.3682 3041.688 230.2744 -967.6969 3077.26 274.9101 -959.7014 3195.966 178.7276 -968.5723 3067.839 110.1898 -975.8116 3179.635 
55.602 187.8273 -274.8379 3234.146 189.8141 -454.8247 3218.915 190.2761 -597.8829 3199.179 189.9713 -816.7344 3178.511 224.1517 -781.0009 3182.737 368.8592 -781.9254 3185.83 352.0114 -515.2453 3268.828 347.7232 -328.1978 3126.892 388.4718 -249.3154 3167.181 410.3541 -147.11 3134.849 317.2838 -214.4901 3094.431 156.0168 -780.3456 3183.23 22.87005 -781.8342 3184.15 -13.40526 -500.1103 3208.579 -41.15238 -264.5693 3191.066 -31.429 -236.4602 3291.744 11.20368 -138.6309 3278.442 36.45238 -187.3423 3226.335 279.1528 -272.6981 3220.772 267.2914 99.36142 3060.333 266.3929 486.751 3060.439 268.6754 545.6679 2880.148 105.475 -276.7674 3246.205 146.995 109.7738 3359.422 203.0714 441.6522 3559.316 201.1723 540.9954 3415.841 189.7731 -896.6849 3157.323 201.3419 -916.3589 2996.23 228.3396 -954.0172 3028.862 279.296 -952.6222 3146.667 175.8626 -954.2625 3021.889 112.2192 -967.5956 3137.523 
55.633 186.9501 -270.6204 3189.835 188.7246 -449.1107 3171.644 189.7236 -591.5284 3154.573 188.0139 -808.9402 3134.489 222.1915 -773.6644 3138.668 365.7917 -776.9022 3144.814 341.9178 -506.9723 3206.515 336.5611 -310.2816 3081.238 383.693 -232.4745 3114.451 432.1458 -137.4343 3135.165 332.6072 -195.239 3107.04 154.5209 -772.5645 3139.049 22.63299 -764.8726 3132.775 -1.089549 -488.8094 3191.218 -13.57498 -253.0693 3183.02 19.82415 -220.0427 3276.114 30.85039 -115.4753 3257.304 48.19141 -159.7276 3186.921 277.425 -268.2167 3175.077 263.3103 104.2951 3022.965 259.6953 488.7413 3007.353 247.3397 547.2693 2828.693 105.3649 -272.7878 3203.143 134.5279 112.3186 3315.377 201.3836 406.7598 3560.37 186.3775 513.3196 3424.471 187.3242 -888.392 3113.607 205.3714 -918.5475 2955.869 231.1426 -953.4104 2991.774 277.0081 -943.6346 3110.331 179.3424 -954.6483 2982.825 111.6706 -960.7668 3095.724 
55.664 192.0575 -268.0382 3142.514 192.572 -447.3864 3127.641 192.0243 -590.2523 3110.656 191.8133 -808.6637 3094.58 225.8584 -772.9391 3097.632 369.9198 -778.6688 3100.388 345.8645 -508.4872 3164.643 337.3768 -317.1568 3030.257 367.5706 -249.9445 3093.55 415.4329 -157.9138 3127.019 340.8179 -212.5238 3095.77 157.9889 -772.3668 3098.95 25.4883 -766.3588 3096.485 -9.788036 -487.1361 3134.744 -33.24098 -252.6317 3110.433 -10.99458 -219.8782 3207.235 22.17042 -119.2996 3223.441 35.35014 -171.9335 3160.512 282.4641 -266.3813 3125.663 258.178 106.8193 2973.305 259.6228 492.043 2996.765 229.6616 564.0269 2824.623 110.5339 -269.5322 3157.71 133.3292 118.0834 3267.095 193.2369 403.658 3525.858 186.1803 539.7925 3417.934 191.4819 -888.7345 3075.127 202.6988 -916.3315 2915.794 230.8314 -951.3298 2950.022 282.1676 -942.3964 3066.804 178.5426 -953.4131 2943.456 116.1642 -962.4667 3059.624 
55.696 194.8253 -261.9688 3091.799 194.7487 -441.4432 3077.208 194.3377 -584.7652 3063.735 192.2542 -803.7242 3055.43 226.6259 -768.1622 3056.586 370.8807 -769.3221 3059.203 353.6559 -501.3388 3134.58 349.1638 -325.1725 2980.483 367.0698 -253.6679 3043.825 389.125 -166.0331 3104.881 354.3627 -232.8578 3069.476 158.7603 -767.0101 3059.131 26.38717 -758.9092 3064.63 -5.636252 -477.1504 3083.373 -27.77006 -250.2475 3018.395 -33.99544 -205.4613 3112.767 -25.78842 -151.9698 3205.303 5.919166 -179.9737 3113.139 285.1924 -260.5956 3074.433 252.8025 113.284 2924.664 254.6578 493.5227 2991.995 231.1279 575.387 2823.184 113.3373 -263.2071 3107.458 136.3705 124.3408 3217.87 189.6665 390.3539 3498.349 178.9189 538.8943 3408.435 190.9832 -884.4738 3038.833 204.9427 -899.3104 2877.933 232.1431 -937.2479 2909.751 281.3926 -938.2391 3027.841 179.9404 -938.269 2902.098 115.2911 -955.9982 3016.089 
55.727 196.0642 -265.6514 3043.337 196.3464 -445.5745 3030.709 195.3899 -588.7916 3013.983 193.3112 -808.2298 3009.663 227.7295 -772.5799 3009.547 372.13 -770.8291 3015.233 352.3508 -499.8252 3080.178 349.489 -318.1317 2931.981 378.7598 -238.5713 2979.841 391.9281 -159.0453 3053.57 390.9116 -233.3049 3023.966 159.8083 -771.4072 3013.32 29.14466 -749.0769 3023.592 2.266059 -466.9033 3049.844 -14.79264 -242.3442 2974.57 -30.55289 -193.6183 3066.028 4.569387 -110.3987 3124.086 1.582569 -168.008 3071.546 286.8291 -264.3818 3027.276 249.4828 114.2391 2889.215 252.843 487.7577 2989.65 230.3841 572.8967 2821.965 114.2176 -266.7963 3057.82 148.1019 127.2907 3141.511 188.525 355.7969 3456.042 179.9016 523.9166 3411.027 191.7931 -889.4011 2994.527 216.5062 -906.663 2834.894 241.4202 -944.2587 2869.069 282.7004 -943.6365 2990.402 189.7597 -945.2641 2857.926 117.4268 -961.1828 2967.746 
55.758 199.4203 -257.9185 2998.507 196.1819 -438.8872 2986.231 193.3863 -583.4668 2975.141 195.7437 -804.0695 2967.001 229.618 -767.5089 2967.056 374.6718 -758.0811 2966.175 366.7807 -494.9577 3064.488 357.8798 -326.5876 2899.576 360.3219 -229.2791 2910.191 373.9241 -120.3907 2904.62 365.2636 -192.5902 2882.809 161.3491 -767.8045 2971.756 30.34547 -743.7648 2983.725 6.437598 -459.7604 3011.065 -9.052841 -256.1187 2887.247 -32.96103 -189.228 2965.152 -27.27615 -102.9795 3029.906 -16.2909 -148.7328 2961.19 290.9382 -258.548 2983.643 253.1076 127.3402 2859.64 254.6313 493.7224 2990.481 226.1013 579.9796 2823.044 116.8946 -257.351 3011.91 138.7421 144.666 3069.061 179.7999 355.2035 3398.525 179.3728 530.3475 3391.96 195.6808 -885.455 2950.386 224.8837 -910.0388 2791.51 244.6298 -949.1196 2827.872 281.2179 -948.9813 2951.479 193.3095 -945.2629 2814.534 115.0655 -950.5837 2922.237 
55.806 201.7767 -262.0453 2951.056 198.076 -440.6 2943.289 194.1931 -582.8949 2930.608 195.3513 -800.2449 2921.62 228.9206 -764.3959 2921.769 371.8431 -754.9081 2922.248 359.8874 -490.4648 3003.471 350.9108 -308.5029 2859.184 359.7999 -213.1572 2870.998 374.5796 -105.9371 2868.199 347.2557 -184.2281 2827.05 161.6579 -764.3526 2926.53 32.19357 -744.7336 2941.303 7.403141 -466.0608 2977.713 -14.17354 -256.5927 2872.626 -30.17966 -189.3367 2950.17 -21.78887 -106.8579 3016.898 -12.02903 -154.4448 2947.664 292.2003 -263.3534 2938.047 257.9597 123.2532 2836.697 248.4449 477.4662 2983.012 224.3941 575.2183 2824.575 120.2378 -260.8657 2962.787 131.6891 139.6729 2962.125 174.7278 333.5436 3294.744 159.34 500.219 3337.287 194.834 -880.366 2904.894 220.8841 -905.7111 2748.04 243.194 -942.5684 2783.945 282.2366 -938.5441 2904.754 192.1813 -941.5804 2772.06 118.1405 -948.9781 2880.219 
55.837 205.0711 -263.2618 2913.908 200.3672 -441.6021 2903.908 196.1081 -583.8298 2891.314 194.5663 -801.2113 2886.429 228.5353 -765.7881 2885.323 370.6622 -750.7781 2876.752 378.9959 -488.6011 2965.046 367.1233 -289.5585 2845.872 380.5508 -195.3901 2861.781 394.6818 -88.39094 2869.748 351.521 -174.5205 2802.426 161.4005 -764.8469 2891.233 32.77213 -744.4263 2910.89 13.88581 -465.9987 2951.502 -8.88155 -254.9051 2850.223 -23.51226 -186.8414 2927.27 -36.39146 -98.07213 2984.452 -2.558187 -138.8909 2819.613 295.8296 -265.0964 2903.934 260.9178 124.3775 2815.295 248.8517 466.1768 2988.103 227.0973 576.9141 2838.206 123.2302 -261.6074 2922.901 130.1196 136.8434 2882.787 176.9063 324.6002 3218.195 140.3715 492.0665 3238.714 192.8214 -881.5839 2871.241 216.9709 -910.7344 2714.818 240.9265 -945.8586 2751.356 281.8236 -937.196 2871.245 189.7387 -946.6757 2740.346 117.7873 -953.0187 2849.903 
55.868 214.8212 -259.928 2871.344 208.2739 -438.2077 2862.688 202.5108 -580.3086 2849.917 197.9924 -797.4248 2840.819 232.446 -762.4834 2840.712 375.0185 -751.9659 2834.029 388.5335 -494.209 2933.621 384.7443 -285.0655 2832.813 399.1199 -196.3139 2867.599 417.8925 -89.85003 2871.537 364.2001 -170.2647 2788.981 165.305 -760.7103 2846.017 37.00118 -741.7505 2868.673 18.78695 -465.0732 2919.479 -8.242816 -255.624 2816.078 -14.46916 -174.7527 2880.85 -21.81729 -108.8889 2964.003 22.80456 -141.5599 2844.344 305.6704 -262.8552 2862.917 262.2188 132.0662 2810.152 259.332 473.217 2984.288 226.7737 577.5723 2831.886 132.8984 -257.2885 2878.944 120.7253 136.1963 2806.066 159.8029 347.8326 3127.782 128.9043 517.5997 3126.787 195.2745 -877.4258 2824.072 214.6709 -905.9995 2666.949 236.0941 -943.5685 2702.582 279.2449 -940.2701 2821.892 184.8892 -939.9186 2692.355 114.2413 -941.9458 2802.856 
55.916 210.4434 -256.7878 2833.136 206.4398 -436.2732 2826.966 202.732 -579.1066 2812.517 199.4764 -797.525 2804.162 233.9202 -762.1799 2803.93 376.6378 -746.5889 2793.595 385.1742 -480.0149 2872.888 374.2615 -268.371 2774.772 382.9094 -177.3834 2807.131 396.9747 -69.50967 2805.466 347.3855 -148.2685 2746.959 166.3833 -760.7752 2809.251 37.37246 -739.1115 2829.776 20.62966 -464.0855 2896.555 -1.2428 -248.4735 2801.889 6.72312 -144.9646 2812.884 7.856193 -45.85459 2853.042 21.5771 -124.3563 2762.118 302.0979 -258.6598 2828.122 261.1996 141.0619 2795.932 266.6494 466.3845 3002.189 236.3273 576.1348 2851.799 127.7945 -255.0997 2837.658 113.8706 138.0425 2751.74 155.8156 377.91 3055.465 115.1916 536.5446 2997.98 197.2198 -878.0613 2787.611 206.2856 -907.6575 2628.802 230.9456 -944.776 2663.304 282.4637 -939.7646 2779.984 178.8003 -942.1037 2656.584 115.6448 -944.5576 2772.384 
55.947 203.8137 -260.7188 2800.632 199.5421 -440.0992 2797.126 195.1169 -582.571 2780.787 194.3611 -800.4594 2765.938 228.3249 -764.7167 2766.06 367.9561 -731.6534 2756.633 383.0283 -458.8987 2808.138 374.8245 -237.1449 2736.072 386.5634 -146.3206 2767.631 388.6445 -37.65832 2765.879 334.4948 -116.2181 2712.654 160.9669 -764.3412 2772.809 33.83712 -735.4749 2795.301 31.77049 -461.6104 2867.554 21.52676 -254.7198 2753.915 12.30984 -151.1064 2746.362 35.72933 -66.14964 2685.955 38.84232 -139.3635 2706.856 295.2498 -262.7601 2793.668 258.8075 137.7577 2772.799 265.8715 455.3444 2990.086 236.1206 574.8674 2847.456 121.3618 -258.878 2806.911 115.6397 122.2915 2678.435 149.992 395.5866 2953.002 110.1376 547.6168 2879.783 192.7443 -880.4118 2747.037 186.7708 -922.4122 2591.059 219.0716 -953.7776 2624.869 282.6745 -933.7219 2733.566 166.5707 -956.8778 2624.417 117.7542 -955.6653 2746.837 
55.978 202.7371 -263.8643 2767.963 196.9359 -441.2111 2758.91 191.5668 -582.2375 2742.841 192.7366 -797.9062 2727.554 225.9585 -762.1513 2726.747 364.6844 -735.0614 2709.746 394.576 -466.0464 2759.506 390.5316 -247.5804 2684.609 398.1338 -155.252 2709.387 396.5329 -48.47318 2722.642 352.8926 -125.4687 2695.597 159.5092 -762.5339 2735.467 33.0345 -739.3228 2760.337 30.67263 -467.7076 2829.986 15.04555 -258.8072 2725.924 7.667849 -155.8279 2727.443 28.0746 -85.26898 2651.331 27.56841 -143.5145 2672.349 293.1801 -266.4293 2760.255 262.962 131.1135 2760.094 263.5633 421.0824 3007.272 264.9977 558.4354 2881.017 121.1806 -261.5513 2774.913 107.9913 103.1271 2615.392 144.7785 414.1807 2839.317 123.4514 558.6014 2749.025 191.4326 -877.0251 2708.673 187.9354 -910.6838 2552.263 218.2776 -944.2585 2584.809 279.2749 -931.5793 2694.617 166.2609 -945.8251 2583.086 115.212 -949.2872 2703.119 
56.01 200.2465 -258.8219 2730.02 193.616 -435.6217 2720.547 187.7444 -575.9326 2702.063 192.4844 -791.2751 2692.415 225.0048 -755.1027 2690.553 364.3512 -737.0153 2670.293 395.5441 -468.6278 2718.382 389.6803 -264.2162 2612.372 431.3838 -178.2522 2608.359 402.3902 -79.86598 2639.903 390.136 -130.7915 2645.902 158.7871 -756.3682 2699.514 31.03658 -740.7662 2721.743 32.33923 -471.825 2798.313 13.36981 -267.0807 2688.185 7.617047 -164.8912 2676.944 24.47092 -90.98959 2603.593 23.10506 -154.7655 2635.745 290.6075 -261.9415 2724.997 259.1672 132.4892 2763.793 259.8458 442.8756 2982.954 261.7363 577.7431 2854.807 118.7641 -256.0088 2734.549 108.5229 104.4412 2568.115 140.287 450.8025 2730.75 121.1453 576.5057 2616.15 192.4493 -870.6487 2675.65 185.8145 -896.8389 2518.371 212.3819 -934.6539 2549.26 273.9756 -933.1576 2659.053 160.6303 -930.7653 2547.608 109.4043 -934.1495 2667.172 
56.041 192.5547 -249.5448 2696.206 190.2971 -427.773 2687.737 188.0022 -569.0818 2668.306 191.7047 -785.7903 2654.949 224.6265 -749.4892 2653.584 365.3306 -735.5067 2632.35 394.633 -462.2188 2661.548 387.813 -252.9929 2561.572 435.7874 -177.3801 2526.112 386.152 -82.29202 2539.351 397.0926 -114.5127 2534.485 157.9574 -750.5975 2662.79 28.82433 -736.0073 2683.14 34.53806 -467.3414 2767.41 17.88149 -265.304 2648.701 4.138059 -162.623 2644.018 14.39074 -81.85885 2575.772 18.06415 -149.0809 2598.213 283.6788 -250.5271 2692.586 263.3143 143.5596 2760.536 259.0072 446.6956 2994.058 264.7076 575.5795 2858.164 110.3841 -248.6591 2699.469 97.78033 116.6429 2537.029 131.1613 490.9429 2628.27 108.5503 574.2786 2479.055 191.235 -865.4361 2636.731 175.7208 -890.2432 2478.694 208.4935 -925.7233 2507.001 277.9812 -919.196 2612.864 156.2661 -927.2772 2509.155 114.2803 -937.6958 2632.858 
56.073 190.248 -248.4388 2655.117 187.3168 -423.7697 2647.505 184.3496 -562.7988 2628.746 189.314 -775.907 2615.229 221.4092 -739.964 2613.39 360.0942 -724.5756 2595.799 400.5661 -455.8626 2604.197 408.5358 -245.5048 2516.136 421.1451 -192.6116 2438.559 402.0559 -88.12511 2434.161 386.1214 -138.6562 2425.36 156.0049 -741.5438 2623.555 29.43651 -725.5694 2645.128 29.53872 -462.4784 2731.854 9.310613 -256.0042 2630.097 -5.146524 -156.7588 2611.493 10.93853 -72.5629 2551.735 17.96896 -150.2078 2557.238 279.8315 -249.7399 2650.59 272.5417 135.0051 2734.522 252.1316 436.86 2958.467 267.6716 581.6782 2845.524 109.4665 -247.2656 2659.199 97.73106 117.6471 2512.592 127.1502 496.2685 2534.065 105.8098 576.7272 2386.327 189.1161 -854.2248 2597.202 184.3119 -880.6608 2441.411 212.8025 -916.4402 2472.079 273.4851 -911.1847 2580.916 161.3979 -915.6859 2470.378 110.7985 -921.9826 2588.767 
56.104 181.3139 -248.102 2608.501 181.0971 -421.5804 2607.059 179.4975 -559.0942 2589.087 186.5326 -769.5778 2574.343 217.8441 -733.6964 2572.375 354.3628 -710.6321 2559.956 396.0328 -445.2647 2567.303 400.2171 -256.1458 2444.485 423.1656 -213.2583 2364.473 397.9855 -114.5139 2338.861 388.1551 -155.2766 2348.59 153.3429 -736.0266 2583.174 28.31046 -722.2907 2606.244 29.66215 -460.732 2687.198 6.178854 -262.7014 2575.86 -3.837531 -162.8435 2585.496 40.30778 -128.5817 2498.639 31.60369 -153.2424 2510.308 269.6633 -248.1502 2601.006 269.7793 125.0498 2711.777 252.9861 419.6138 2938.417 262.0283 577.0461 2847.204 101.6455 -248.0586 2615.26 88.39501 114.584 2475.485 124.7337 488.5782 2463.177 102.7553 583.789 2327.001 186.9665 -846.8731 2556.041 187.3951 -870.9051 2401.644 214.2974 -906.84 2432.424 270.553 -903.4463 2542.062 163.5823 -905.7697 2429.004 109.5254 -913.2653 2544.131 
56.136 178.5856 -234.124 2560.835 177.3529 -406.9553 2560.969 175.9638 -544.4726 2547.587 180.1291 -754.4219 2535.697 211.95 -719.1971 2534.497 349.4298 -704.2731 2527.023 385.1607 -438.955 2526.125 390.1829 -258.7946 2391.942 420.859 -228.7664 2309.119 404.173 -126.8098 2292.252 382.1017 -168.7161 2283.301 147.2992 -720.3722 2542.826 21.88767 -704.8599 2559.051 24.71239 -450.3179 2657.077 10.47259 -252.8596 2544.908 -4.108724 -156.0909 2522.279 47.41955 -111.5297 2445.166 19.36778 -146.8593 2474.231 266.878 -234.7558 2558.162 274.5616 137.8427 2665.532 245.3487 413.2508 2911.865 260.4166 591.9654 2884.065 98.96841 -233.5543 2563.245 91.71 133.3728 2439.127 120.2 506.534 2424.045 108.952 603.7254 2288.731 180.0056 -831.6496 2518.42 183.5616 -865.8289 2366.588 209.2651 -899.7641 2400.175 262.9145 -889.6449 2510.187 158.8431 -898.4237 2395.551 102.381 -897.6656 2509.229 
56.167 174.8783 -228.3494 2518.486 170.7623 -401.0812 2516.811 167.2338 -538.4561 2502.763 169.4283 -748.6956 2499.935 201.5148 -713.8582 2496.714 338.9355 -700.1089 2486.947 380.6131 -435.7971 2492.824 389.0759 -252.7719 2362.86 411.5127 -221.6158 2277.868 388.054 -127.0562 2239.655 368.1714 -175.0076 2247.303 137.0148 -714.0794 2506.088 13.86489 -689.6115 2527.502 18.71128 -431.6913 2615.944 1.331272 -233.9592 2504.831 -7.342884 -136.8374 2480.84 25.70361 -76.71461 2404.194 11.00735 -130.759 2432.709 263.1471 -230.4356 2516.716 269.5108 146.0443 2609.224 250.9648 400.6227 2877.84 264.1413 581.3994 2886.027 95.28244 -226.4683 2520.083 97.20616 137.3519 2387.255 132.3969 509.645 2406.537 119.5159 612.7595 2275.889 168.375 -826.5729 2486.035 181.3591 -853.3657 2333.279 205.6047 -888.5096 2366.683 252.5452 -882.9511 2480 155.5375 -887.6389 2359.154 92.5396 -893.1095 2469.172 
56.214 171.6238 -229.8053 2475.508 167.2585 -401.6864 2473.248 163.6631 -538.8633 2465.083 164.0249 -748.1041 2463.051 196.3457 -713.7356 2460.613 332.7208 -695.5584 2453.2 375.0421 -432.6193 2456.594 385.7807 -250.6934 2327.133 409.2041 -217.8552 2243.547 397.8315 -128.9118 2190.576 368.8227 -162.1606 2220.652 131.9253 -713.345 2468.158 8.702263 -689.147 2485.386 -5.972346 -437.1239 2584.976 -22.41294 -211.5632 2575.083 -28.70275 -114.9473 2599.816 -15.92375 -82.63505 2503.526 -20.7563 -113.3648 2489.167 259.4656 -232.0159 2473.966 265.6286 149.4324 2531.767 252.5997 382.2982 2817.397 266.6747 555.0292 2868.077 92.41295 -227.8119 2476.898 96.0985 133.5992 2342.995 136.5008 499.5399 2400.54 117.4727 615.7928 2283.403 162.6568 -825.642 2449.461 170.2682 -834.2364 2295.012 195.9617 -872.4858 2323.068 246.7206 -879.4376 2433.993 145.8895 -871.4805 2317.487 87.31598 -890.5469 2427.726 
56.245 173.1887 -218.9884 2438.192 168.9233 -393.243 2436.801 165.7973 -532.1945 2426.687 161.5316 -744.2734 2427.613 195.1284 -710.1916 2425.834 333.0923 -690.4144 2416.712 368.3187 -422.811 2423.673 377.8788 -225.4229 2312.764 426.0829 -218.6803 2232.249 402.3428 -136.1601 2170.825 380.0742 -149.2999 2196.54 129.617 -708.2675 2431.122 4.00275 -683.3004 2441.521 -12.29742 -429.8921 2547.37 -25.43634 -202.4947 2519.433 -52.47981 -125.6196 2579.607 -18.88563 -73.87296 2496.165 -26.50856 -99.63408 2435.587 262.2097 -221.1892 2440.914 264.5591 168.3049 2476.786 259.1107 384.8277 2781.464 252.8691 562.8677 2823.496 92.91453 -217.0039 2435.738 94.07809 152.5605 2308.894 136.6502 517.5752 2396.344 116.602 623.823 2267.229 158.8937 -823.0226 2414.899 167.9056 -837.5172 2258.827 191.2361 -876.7858 2288.901 240.8533 -883.0544 2402.219 140.6995 -872.9292 2282.516 78.96073 -884.8511 2394.024 
56.277 165.0256 -216.9366 2396.271 163.5666 -389.5613 2396.53 162.7911 -526.8143 2382.114 160.0474 -736.8318 2377.885 193.1136 -702.8307 2377.861 330.5854 -689.3862 2385.252 357.3434 -423.3888 2390.813 375.9973 -219.6743 2298.504 407.8011 -211.6649 2211.29 398.1259 -118.1991 2165.435 381.6952 -141.0696 2184.268 128.1017 -701.4734 2381.329 4.208632 -680.4552 2401.385 -16.38435 -426.4923 2497.88 -39.93081 -200.4709 2494.473 -58.89299 -125.1908 2558.021 -53.68359 -47.85749 2490.534 -38.09501 -89.86803 2436.567 253.2225 -217.6785 2398.589 248.7587 169.3721 2413.852 249.6414 387.0777 2713.287 259.2765 561.1431 2762.978 85.49452 -216.2676 2394.18 90.10271 157.1241 2292.713 136.8218 516.2462 2386.548 121.447 623.1251 2259.438 158.344 -814.5104 2363.362 154.247 -841.447 2210.28 179.2621 -878.2411 2241.163 237.4552 -876.3141 2349.133 128.9117 -873.9933 2238.655 76.99342 -875.694 2354.304 
56.308 163.6661 -218.367 2366.919 161.6843 -391.3826 2367.262 160.2569 -529.1305 2354.701 153.4154 -739.491 2348.598 187.2021 -706.0511 2348.453 325.2019 -693.0159 2351.278 352.4133 -426.8718 2367.306 368.9163 -216.1613 2290.309 391.7114 -190.3479 2203.5 379.3225 -89.19513 2179.066 378.8948 -126.8222 2186.494 122.1289 -703.4809 2352.783 -2.279803 -679.3665 2367.237 -23.17578 -424.1799 2462.194 -42.84774 -198.6786 2436.675 -62.4048 -132.3422 2509.67 -77.58714 -41.73595 2463.079 -44.34755 -86.7374 2397.548 252.0873 -219.3778 2367.956 247.4852 167.6898 2337.823 237.9582 384.515 2638.793 245.0956 565.8945 2646.687 83.93288 -217.4556 2365.985 93.20381 159.6018 2275.608 136.6091 511.1175 2398.702 123.7549 619.2002 2271.828 150.0293 -817.1628 2333.363 154.3503 -846.2381 2180.315 179.9114 -881.3306 2212.904 233.0674 -874.9299 2323.584 129.4575 -879.8223 2208.069 72.36243 -882.8871 2321.549 
56.34 162.2381 -226.515 2340.096 161.9299 -401.9854 2339.484 161.9538 -541.8128 2328.211 150.4497 -754.9195 2321.12 185.4499 -721.7791 2322.013 325.0954 -705.5033 2320.276 345.5613 -435.79 2346.918 356.3515 -214.8469 2291.174 389.6602 -176.075 2211.443 366.2957 -73.49519 2196.397 373.8906 -120.3839 2190.217 119.4368 -717.7144 2324.629 -6.13533 -688.688 2335.581 -34.88792 -426.1381 2418.866 -56.82645 -198.6641 2385.105 -76.66627 -134.9499 2462.214 -92.81483 -51.07812 2402.07 -50.32393 -83.27688 2371.035 251.8923 -226.6803 2342.336 240.3879 157.2547 2255.724 222.4201 396.3762 2545.73 248.356 578.5052 2556.097 81.39296 -226.366 2338.076 98.16401 159.5408 2263.906 135.0798 512.8951 2399.472 113.4352 622.7531 2272.184 145.6869 -833.5494 2305.318 166.7878 -856.0071 2150.304 185.192 -895.374 2184.101 225.0533 -899.2229 2302.182 135.3639 -888.837 2173.2 63.52621 -891.9074 2280.141 
56.371 158.188 -224.8598 2311.333 157.8793 -400.338 2308.198 157.5425 -540.0273 2295.03 146.7694 -753.2254 2288.269 181.663 -719.9634 2289.316 321.6044 -706.1066 2290.313 333.8935 -436.5118 2323.038 341.6501 -210.597 2292.011 389.2516 -164.2288 2224.502 356.2777 -63.35405 2218.472 374.1815 -107.9249 2203.164 115.609 -716.1072 2291.516 -11.24017 -693.5184 2303.199 -35.54053 -429.0162 2381.775 -56.2892 -203.776 2334.625 -102.0937 -144.1791 2403.569 -96.05204 -68.93965 2331.323 -48.75323 -91.01014 2340.482 247.8847 -225.0038 2310.566 218.1436 154.3811 2209.155 219.1893 430.4958 2464.93 232.9247 607.2562 2414.615 77.3045 -224.7299 2312.024 98.76353 161.8055 2242.039 128.9021 504.2021 2404.869 123.7662 619.256 2280.422 142.3581 -831.9154 2272.582 168.4027 -855.2763 2118.425 185.6007 -894.5131 2153.016 221.6204 -897.8207 2272.367 136.1593 -887.907 2140.472 60.87898 -890.2112 2245.07 
56.402 153.7672 -215.5876 2286.917 154.4741 -392.7104 2277.951 155.0049 -533.8791 2264.771 145.3935 -749.3979 2258.58 180.4541 -715.5795 2259.679 322.2599 -706.3282 2259.455 337.6256 -435.3747 2302.033 349.5823 -205.4722 2314.773 351.3028 -163.7433 2228.641 330.6453 -58.77291 2238.264 334.2801 -104.1266 2218.479 113.6756 -712.0626 2261.608 -15.2043 -694.6225 2274.91 -40.73177 -423.4997 2339.625 -66.36387 -202.173 2269.823 -94.14338 -135.7341 2343.56 -88.97952 -56.65853 2273.789 -62.63136 -97.9687 2319.242 244.4079 -215.201 2286.427 219.4108 151.5383 2133.927 212.9311 445.0497 2375.72 237.2764 615.2509 2304.158 72.03245 -215.9361 2287.358 96.14417 176.5916 2229.23 130.2984 513.9042 2410.249 119.8925 622.4489 2278.082 141.4629 -828.9892 2242.963 155.8049 -854.994 2086.009 178.8637 -892.4097 2120.131 225.6915 -889.9958 2237.105 127.6505 -889.4778 2111.766 61.34553 -894.0693 2223.778 
56.434 145.2034 -213.3371 2254.456 150.5771 -390.3049 2249.345 154.8009 -531.0959 2234.821 145.812 -746.2028 2224.447 180.7309 -712.3628 2226.334 322.0685 -699.7643 2229.089 330.8018 -430.7699 2282.349 337.6047 -201.8373 2306.17 367.3995 -157.787 2226.726 327.185 -60.97582 2203.948 317.0018 -120.0323 2188.073 114.022 -709.0648 2228.066 -14.87159 -694.7068 2243.149 -45.22258 -424.9274 2309.812 -77.24981 -214.0225 2215.641 -104.7008 -140.141 2281.85 -108.1734 -66.13616 2206.815 -82.20297 -90.62068 2194.022 235.6866 -210.5767 2254.011 210.0513 151.0975 2091.203 209.1394 478.0509 2284.552 212.0576 628.222 2174.855 63.61079 -215.8263 2254.857 94.43491 178.9928 2226.573 127.3407 521.9487 2395.787 114.3986 631.7733 2265.195 142.1634 -825.386 2207.304 160.8762 -857.0047 2052.059 180.7682 -894.3387 2088.094 223.3155 -890.4735 2206.481 130.1669 -889.204 2077.722 59.77423 -887.0074 2187.086 
56.465 142.4536 -216.0957 2226.617 149.0093 -393.379 2224.857 153.5233 -534.2547 2209.036 144.1163 -749.4547 2194.469 179.1564 -715.6606 2196.91 320.6934 -702.4703 2198.302 328.9116 -434.8405 2260.145 335.1872 -206.9294 2294.999 357.2386 -152.2 2219.581 331.2087 -58.67559 2173.518 311.3808 -120.1629 2182.273 112.3499 -712.281 2198.921 -16.67433 -695.6553 2212.316 -48.67863 -423.1264 2268.047 -78.59335 -216.4897 2163.36 -109.1635 -138.2793 2223.185 -108.1265 -77.81731 2136.59 -81.48507 -96.35145 2129.902 232.9597 -212.7057 2222.253 212.3723 152.051 2064.081 207.6252 508.2768 2197.635 213.1035 624.4291 2052.084 60.84026 -219.1527 2230.551 87.32998 177.5739 2223.12 127.3489 518.7411 2395.808 125.9679 628.8676 2264.472 140.2713 -828.4109 2175.765 149.2394 -857.9286 2018.976 174.1111 -894.2029 2053.089 225.1772 -888.344 2168.201 122.5686 -892.2055 2046.56 60.47619 -895.0947 2161.068 
56.497 142.4244 -216.8292 2197.011 148.671 -393.7999 2196.316 152.1759 -534.2663 2179.036 143.9694 -749.0693 2163.859 178.7578 -715.1552 2166.418 319.5958 -698.3466 2170.352 332.0232 -432.7858 2237.875 342.0744 -207.1571 2282.486 352.4758 -142.7942 2212.597 337.016 -50.65139 2159.929 303.806 -107.877 2186.14 112.057 -712.1518 2168.389 -16.1093 -690.4321 2180.265 -48.54885 -419.02 2238.515 -76.56399 -215.8705 2127.632 -108.8692 -133.8916 2180.798 -123.6249 -81.52045 2090.501 -82.76156 -102.1492 2093.069 232.5335 -213.6178 2189.183 218.9626 148.9335 2027.098 210.5151 522.0258 2097.436 211.3518 629.5065 1945.698 61.16903 -219.725 2204.07 93.52866 174.9312 2231.62 132.9818 524.3666 2385.259 123.3135 635.6723 2255.695 140.5745 -827.8428 2144.955 148.7505 -853.9053 1987.814 175.7987 -889.4732 2020.828 228.0377 -883.2639 2135.135 124.2296 -889.8959 2015.028 64.08776 -897.9612 2130.053 
56.528 141.9573 -206.1085 2170.607 147.2277 -384.929 2168.405 150.0932 -526.9909 2152.031 144.5549 -744.3388 2140.559 179.264 -709.5668 2142.075 321.0463 -688.3781 2141.554 328.4761 -421.9019 2217.278 330.5895 -189.5032 2207.982 340.2625 -115.4961 2146.71 319.8505 -32.21612 2080.454 308.6518 -98.19189 2099.963 111.8718 -707.4008 2144.931 -17.68784 -685.269 2155.78 -49.25157 -408.7997 2203.744 -74.40181 -208.3152 2082.7 -107.0447 -124.9322 2135.543 -116.3467 -75.59573 2041.607 -85.26599 -93.98152 2034.874 232.9846 -203.3244 2162.382 222.8385 162.4309 1997.159 201.6133 544.9764 2017.655 199.6355 625.6573 1848.003 59.87407 -208.6191 2178.024 94.46177 188.6912 2220.212 137.3834 535.595 2387.964 120.9802 638.1086 2249.764 141.9542 -824.2858 2122.885 151.6748 -842.0793 1963.021 175.156 -882.0342 1994.69 225.5888 -886.8416 2111.292 123.347 -877.7481 1987.866 59.44762 -887.4096 2102.267 
56.559 145.4765 -195.7605 2139.183 150.6489 -373.8043 2135.684 153.2797 -515.4413 2120.956 145.2976 -731.8977 2111.771 180.2534 -697.6722 2113.314 321.952 -681.2043 2118.601 328.239 -415.2875 2192.071 333.8568 -191.3358 2133.279 314.1367 -130.6738 2061.325 273.4691 -60.93683 1989.731 308.0355 -100.0541 2038.679 113.1493 -694.6873 2115.354 -17.17365 -682.9772 2126.531 -49.42045 -408.4745 2178.166 -73.77141 -206.2108 2061.952 -106.2006 -111.5576 2088.567 -97.29778 -58.00634 1997.453 -76.05891 -91.36755 2006.186 235.7905 -192.9162 2127.962 224.1004 174.7736 1971.493 200.2723 555.4937 1950.259 196.4307 620.2028 1774.774 64.03631 -198.3253 2149.302 95.53321 196.8084 2197.764 142.9586 525.9154 2393.96 116.4416 630.1582 2259.592 141.9547 -811.6544 2094.991 153.4745 -831.8279 1936.22 175.699 -871.5701 1968.634 224.2395 -875.5903 2085.481 124.2928 -866.4742 1961.065 58.95693 -873.3135 2074.213 
56.606 145.9844 -192.6755 2109.622 150.1673 -370.0476 2104.269 152.3209 -511.346 2091.346 145.5797 -727.017 2081.395 180.2141 -692.7084 2082.648 320.3406 -668.3845 2083.996 331.7908 -407.1376 2168.922 335.2285 -184.3086 2109.035 294.6883 -138.1657 2035.509 235.925 -86.37226 1961.874 292.1264 -104.2315 2006.352 113.3681 -690.1563 2085.509 -15.01598 -668.0454 2097.712 -47.74759 -394.4517 2148.268 -69.29965 -203.4773 2015.332 -102.6895 -115.3271 2057.233 -99.80614 -67.83195 1962.88 -58.84887 -90.84277 1990.944 235.8415 -190.1872 2097.389 220.8546 174.1036 1937.025 199.9942 553.2863 1910.82 193.3026 622.3071 1737.809 64.95632 -194.9193 2120.653 91.91828 198.7149 2171.964 148.7817 512.5286 2387.031 108.4607 628.3495 2267.164 142.5324 -806.4321 2064.386 166.043 -838.1365 1909.46 181.3908 -877.2634 1945.994 218.6414 -877.6506 2066.497 131.7537 -868.1851 1933.357 56.56302 -861.5481 2039.636 
56.638 145.6569 -192.763 2075.44 151.3657 -368.0733 2074.509 154.5991 -507.8984 2064.385 148.5039 -720.8653 2051.317 182.6327 -686.8692 2052.673 321.1189 -662.8802 2052.768 340.3752 -405.9409 2138.964 349.0067 -179.7855 2111.039 329.4522 -125.4411 2036.023 303.026 -67.1872 1951.202 324.7978 -98.58015 2009.732 116.6072 -684.6157 2056.33 -9.795099 -660.7806 2069.468 -43.48418 -390.4885 2118.917 -64.45747 -191.5305 2003.585 -96.46894 -97.44032 2026.245 -95.64135 -58.84518 1929.218 -63.20682 -86.85323 1942.674 234.3831 -189.8074 2062.957 224.0602 171.5985 1907.384 202.7896 545.8151 1875.629 194.306 635.897 1715.196 65.64868 -195.4281 2086.696 90.74798 192.9903 2142.298 141.1224 491.4179 2372.286 117.8754 628.4897 2275.391 145.5426 -799.082 2033.328 163.0135 -828.9019 1879.167 180.0646 -867.6673 1914.308 221.6015 -868.556 2031.821 130.4518 -859.1924 1903.86 60.32877 -854.3765 2011.812 
56.685 147.2545 -186.4032 2041.551 152.9717 -362.8003 2042.077 155.6893 -503.2868 2029.266 151.8321 -717.9615 2023.976 185.8101 -683.3699 2024.245 324.5619 -656.0427 2024.664 339.8521 -396.4743 2109.072 346.9846 -169.7959 2074.261 331.4107 -123.5189 1992.468 301.1912 -66.30547 1907.381 322.8372 -102.6479 1964.484 119.3386 -681.6656 2027.524 -7.152274 -652.622 2036.59 -39.10807 -381.8184 2093.45 -60.50296 -184.1046 1973.289 -88.91965 -89.64692 2001.402 -88.52714 -43.58193 1906.969 -53.28998 -71.70296 1941.887 236.5568 -183.5458 2029.16 218.7431 180.7994 1874.95 208.7697 558.9478 1862.351 193.5225 656.3148 1705.4 66.72665 -188.9798 2052.723 90.69003 198.6855 2127.887 145.233 491.7421 2367.526 112.9335 627.1238 2269.024 149.7561 -797.3005 2008.768 173.3173 -831.9437 1855.424 188.7642 -869.9977 1892.563 225.782 -867.6758 2012.363 139.368 -861.4833 1879.806 64.55468 -853.0327 1985.312 
56.7 150.6304 -178.576 2003.783 154.9231 -355.1636 2002.698 157.2699 -496.1689 1995.321 154.4301 -711.0966 1992.881 188.2505 -676.3045 1991.924 327.8977 -653.2423 1991.28 344.1096 -395.419 2081.436 350.8901 -169.4835 2040.888 333.9357 -120.5091 1960.863 317.5909 -42.8573 1889.105 326.4203 -100.7969 1931.524 121.8059 -674.8899 1996.71 -4.341341 -646.9667 2012.901 -32.05779 -374.482 2064.929 -58.4697 -175.6175 1947.304 -87.8634 -86.45361 1988.826 -82.96518 -38.97493 1895.121 -54.72366 -60.59193 1904.937 239.6648 -176.3208 1989.003 216.8054 191.8456 1843.923 207.367 570.3957 1854.553 193.002 671.7237 1699.853 70.34418 -180.6095 2017.112 89.99246 206.8792 2096.14 145.3969 484.0927 2354.25 118.6077 630.0721 2270.007 152.4262 -790.7045 1978.734 174.6185 -828.3904 1825.762 194.1589 -863.8463 1863.608 234.1226 -854.5609 1982.233 143.8593 -859.8 1852.057 71.42389 -853.9808 1959.52 
56.747 152.2676 -178.6449 1966.812 156.1992 -353.4978 1965.475 158.9297 -493.2537 1962.003 157.7607 -706.0734 1959.174 190.9765 -671.3636 1958.191 328.639 -645.1375 1959.564 345.1937 -388.3095 2044.183 351.752 -165.509 1999.246 338.1086 -112.8392 1922.1 325.3023 -32.14382 1854.677 325.8621 -107.1219 1881.989 125.193 -670.4827 1963.137 0.05170703 -643.7949 1978.942 -27.61535 -375.2894 2036.716 -50.11151 -171.7259 1931.476 -79.47235 -82.28671 1969.819 -78.51872 -35.08451 1877.013 -47.10454 -59.05245 1889.947 240.3492 -176.549 1951.711 219.4426 189.3478 1811.291 203.2479 562.934 1840.593 195.1332 680.6265 1699.832 72.84048 -180.535 1980.428 87.01207 205.5501 2047.072 137.4281 463.9406 2319.754 109.0344 625.1846 2277.953 156.3441 -784.8821 1945.017 188.177 -838.7335 1800.436 205.3497 -869.107 1842.787 237.298 -846.1534 1960.679 156.3475 -867.1281 1827.883 77.96061 -850.4195 1928.258 
56.778 153.4358 -173.7593 1929.392 157.0234 -347.9037 1928.386 160.0209 -487.1231 1928.242 160.4528 -699.0272 1923.051 193.2347 -664.1865 1921.79 330.4641 -638.8586 1919.276 349.5373 -383.4129 2003.997 356.3066 -161.3908 1959.96 341.5175 -96.78661 1893.28 337.26 -6.951585 1838.132 329.1709 -90.3278 1846.664 127.8306 -663.8904 1928.057 2.82982 -638.1339 1942.114 -16.7254 -370.9177 2003.656 -35.55979 -157.2964 1922.437 -51.48336 -73.09299 1976.318 -55.94343 -27.84727 1883.12 -25.17114 -62.64175 1967.978 240.7754 -171.8611 1912.259 220.1362 194.6581 1778.054 205.9761 564.0903 1831.479 193.4933 682.5388 1692.667 74.67789 -175.471 1944.841 88.02738 211.4229 1995.63 134.136 450.6386 2283.962 109.1716 616.438 2269.59 159.3666 -777.3591 1908.097 181.9605 -830.7831 1762.327 203.9937 -859.6769 1803.144 244.0515 -834.0015 1917.406 154.1082 -860.364 1792.34 83.69867 -846.712 1898.264 
56.81 164.425 -173.0239 1903.245 163.632 -347.5614 1898.727 162.6556 -487.0458 1893.592 160.5985 -699.4944 1891.267 193.9281 -664.9964 1891.083 331.5272 -639.9785 1894.676 353.3922 -380.0693 1966.153 360.85 -156.8872 1925.451 345.6413 -87.16425 1863.903 337.4544 7.271133 1817.025 334.8846 -75.11327 1820.041 128.1556 -663.8102 1894.267 6.138518 -626.9927 1912.18 -13.3594 -359.8721 1976.986 -20.88511 -141.6045 1905.307 -44.33661 -63.05629 1965.105 -41.39537 -9.486314 1876.078 -10.34297 -37.27982 1938.227 251.4892 -172.9131 1883.679 219.628 197.147 1759.02 203.5653 565.147 1826.221 196.602 692.4988 1694.514 85.91541 -173.1239 1920.888 90.55281 218.1264 1929.306 126.3921 435.8332 2236.686 117.4155 602.5649 2260.64 159.2036 -778.1954 1877.298 179.4238 -835.8336 1732.386 203.3159 -862.8975 1773.584 245.7556 -832.4825 1886.128 153.0817 -865.1959 1764.13 84.96359 -849.886 1871.68 
56.841 167.3824 -175.6484 1879.056 168.9068 -349.3351 1876.431 169.1797 -488.0279 1869.318 164.5256 -699.2162 1861.216 198.1075 -665.3132 1861.98 335.2119 -641.5524 1865.495 366.9572 -381.6835 1927.633 389.009 -158.1339 1950.898 386.2997 -88.97786 1887.644 366.0169 -5.740695 1826.571 359.5164 -92.02391 1855.292 132.6859 -663.4119 1865.163 12.87895 -624.4859 1888.147 -10.67726 -358.6611 1950.984 -18.02885 -141.703 1879.036 -32.49074 -79.86665 1957.514 -24.12901 0.9767935 1893.566 5.399559 -25.48093 1868.933 254.6278 -174.6344 1862.632 218.4817 195.8095 1746.817 202.8708 560.0777 1823.278 197.2714 694.687 1700.302 88.7094 -176.5627 1893.866 87.61142 211.9682 1868.099 115.5427 422.9245 2178.636 112.1239 585.8528 2218.749 162.1794 -777.0855 1845.177 167.4413 -836.2994 1700.448 197.0389 -861.4557 1738.676 250.9457 -827.3837 1844.364 146.4383 -865.9462 1735.344 91.27599 -851.4435 1849.459 
56.872 168.5496 -177.8317 1859.036 169.2126 -353.2317 1857.083 168.4243 -493.1222 1847.315 165.5401 -706.5078 1842.375 199.1519 -671.9715 1842.343 337.4125 -646.6923 1841.778 364.8291 -381.9655 1896.475 370.079 -162.3145 1835.4 370.7333 -67.9893 1843.529 358.7854 24.10489 1791.924 343.8601 -43.04557 1778.408 133.1056 -670.5786 1846.093 12.00625 -630.1606 1866.606 -9.537615 -362.0621 1932.2 -15.56321 -142.828 1859.886 -34.99201 -80.27503 1937.998 -23.38794 -4.96234 1866.594 1.945831 -26.62799 1828 257.0688 -177.3391 1844.838 217.3843 197.3481 1730.955 202.8932 560.4537 1828.183 197.4385 692.3414 1699.715 88.72799 -178.2759 1871.838 85.19876 213.1694 1834.966 117.5747 434.252 2142.498 104.1286 603.0829 2148.437 163.7293 -785.3915 1827.382 168.2277 -833.1177 1676.837 196.8078 -862.6989 1713.399 251.4586 -839.2288 1822.938 145.6148 -865.0445 1709.349 89.4086 -857.8727 1825.042 
56.904 173.3129 -183.0938 1840.324 172.2503 -358.0965 1837.562 170.021 -497.636 1827.409 164.681 -710.5026 1822.314 198.6081 -676.4258 1822.052 336.3084 -649.8428 1821.14 369.843 -383.8311 1861.312 375.8627 -170.6125 1782.077 371.8613 -77.29797 1796.251 360.6125 23.10074 1764.136 352.0251 -41.27847 1758.868 132.7576 -674.2898 1826.307 11.07602 -638.22 1849.52 -7.92558 -370.1425 1913.405 -11.37154 -150.6032 1843.501 -25.99099 -84.8 1919.677 -19.48966 -9.200745 1848.263 2.697464 -35.92423 1804.594 261.446 -183.3871 1825.002 214.2807 192.2796 1720.568 202.7447 553.166 1823.123 189.693 691.7962 1703.161 93.83936 -182.8293 1854.139 76.54464 202.8359 1784.226 114.8019 443.1719 2075.163 91.67429 610.5651 2081.396 161.8622 -789.1732 1807.299 172.6312 -838.9154 1658.094 198.5302 -868.6357 1696.321 248.1145 -845.1047 1807.927 147.6719 -869.7613 1689.747 86.09506 -859.6569 1802.125 
56.935 171.719 -185.0778 1822.894 171.7765 -359.3931 1819.345 170.743 -498.4354 1809.625 164.5625 -710.4638 1804.88 198.4523 -676.6345 1803.629 335.1906 -649.2031 1795.424 370.2332 -384.4434 1835.524 365.9832 -183.2562 1731.203 367.8931 -91.18583 1750.57 368.0127 10.77148 1723.078 339.3522 -58.57078 1715.441 133.0111 -674.2797 1809.732 13.39816 -633.9599 1833.917 -5.130267 -367.8116 1901.306 -8.703577 -150.8674 1826.414 -26.00655 -78.70436 1895.405 -12.3247 -8.338109 1820.338 6.213136 -39.88708 1774.152 259.7539 -184.7678 1809.1 215.6596 192.8619 1716.805 202.786 551.4709 1821.861 191.3327 693.8539 1707.341 92.33397 -185.3573 1835.334 78.68286 196.009 1751.008 107.2264 461.958 2017.871 81.49084 627.8004 2003.461 161.0641 -788.8314 1790.074 172.6158 -837.0186 1641.06 196.4929 -868.0785 1679.234 244.6713 -847.9433 1791.584 145.9593 -867.0947 1671.741 82.96687 -855.9009 1782.655 
56.966 171.728 -185.2923 1806.624 169.5702 -360.8941 1804.694 166.4113 -500.7919 1793.206 163.1959 -714.4251 1787.94 196.8189 -679.8564 1786.307 333.6872 -648.5854 1776.679 366.9346 -380.7939 1811.118 355.6102 -189.5731 1686.87 381.7141 -111.8033 1734.368 359.9832 -39.30566 1659.625 337.2135 -60.18956 1691.39 130.9621 -678.4511 1793.357 10.32281 -638.215 1817.594 -4.042084 -370.8523 1889.295 -4.58977 -157.3147 1800.635 -26.96383 -80.01513 1863.416 -8.140425 -8.859001 1789.157 13.36866 -48.11704 1741.87 260.5586 -186.2425 1793.769 218.1858 195.8116 1706.869 201.3333 551.627 1829.202 194.9209 694.3687 1712.606 91.62549 -184.4355 1818.217 73.91066 198.9821 1730.722 101.6108 495.4359 1967.791 69.81624 655.0643 1919.856 160.6055 -793.371 1772.865 163.7668 -836.2692 1620.641 193.0708 -866.7753 1655.949 248.8589 -846.2889 1765.685 141.7944 -869.4672 1652.407 86.8196 -866.514 1769.046 
57.014 169.9313 -186.4939 1793.359 168.01 -362.3315 1788.697 165.0318 -502.3496 1775.92 160.4764 -716.2962 1770.328 194.3166 -681.8625 1768.12 330.1532 -645.6336 1757.945 363.4727 -376.3086 1782.385 348.9095 -197.3268 1640.775 380.1602 -119.1659 1684.695 354.6086 -56.16052 1602.666 330.7509 -69.07082 1641.477 128.507 -680.0895 1776.424 9.256453 -637.7029 1804.659 -2.89332 -369.7828 1876.425 -8.581667 -157.8277 1783.285 -31.58176 -83.55247 1849.656 -25.90281 -12.7882 1772.667 4.059836 -47.36711 1734.037 258.7097 -187.0878 1779.175 221.4728 198.3394 1702.529 203.4908 553.507 1828.41 196.1204 694.6252 1709.447 89.87601 -185.9583 1806.15 73.03292 195.0851 1706.138 95.777 510.2567 1919.382 62.00758 664.9976 1857.754 157.1414 -795.325 1755.14 162.1548 -837.4142 1602.474 190.056 -868.9114 1638.185 244.3144 -850.4741 1749.274 138.7227 -870.3021 1633.646 81.52489 -866.6928 1749.426 
57.045 172.2699 -185.4591 1777.779 169.3047 -362.2778 1775.249 165.1938 -502.9034 1761.13 157.1372 -717.9399 1757.036 191.6794 -683.8826 1754.206 329.7303 -654.0667 1742.537 363.6104 -383.3564 1767.377 341.4903 -215.3564 1611.961 364.9577 -129.0929 1645.434 337.258 -72.06467 1559.091 344.4327 -105.9678 1668.897 125.6464 -680.9889 1763.265 5.979166 -637.3224 1791.013 -6.881632 -369.8265 1869.727 -12.01252 -158.3299 1772.479 -29.80667 -82.79868 1839.88 -29.84609 -17.14068 1757.568 -0.6479062 -46.18634 1727.286 261.7206 -186.7738 1764.829 221.1406 202.5407 1699.304 202.0899 557.2412 1832.278 196.7328 694.423 1707.204 91.60833 -184.2736 1789.457 73.78656 202.1531 1702.715 96.55379 543.5924 1875.345 56.53189 679.8464 1780.32 152.3549 -797.4332 1742.349 162.5721 -835.8573 1588.092 188.6571 -868.9572 1624.187 239.1747 -854.3273 1738.328 137.244 -869.2786 1617.624 75.35938 -867.5909 1731.808 
57.076 171.6929 -184.3663 1763.561 168.5307 -361.3454 1759.917 164.4392 -502.199 1746.623 156.3598 -717.4866 1744.542 190.9053 -683.4202 1741.073 329.2976 -655.1097 1727.999 361.3196 -383.0478 1740.704 341.6801 -222.753 1576.701 343.5161 -143.3451 1629.828 331.6462 -99.99875 1532.47 342.2877 -128.7158 1662.236 124.8931 -680.4435 1750.744 5.33428 -637.4875 1780.621 -5.282381 -368.4144 1855.213 -15.82333 -156.383 1758.993 -31.85007 -82.21572 1828.482 -33.70217 -16.98331 1745.714 -4.510242 -45.73438 1712.075 261.1488 -185.6855 1750.008 223.3061 206.4743 1698.909 203.202 562.4548 1829.406 198.6138 698.7241 1703.025 91.02653 -183.1766 1775.782 69.27335 203.2171 1687.921 88.03703 553.2883 1843.814 62.49367 684.7979 1737.466 151.4415 -797.1917 1730.604 161.1484 -832.6826 1575.443 187.5692 -866.3752 1610.827 238.5848 -853.6639 1725.119 136.0759 -866.8061 1604.479 74.6329 -867.5588 1719.064 
57.108 172.2741 -183.2558 1749.877 167.4107 -361.0026 1748.038 162.1528 -502.5598 1736.056 154.0783 -718.8009 1734.713 188.7775 -684.5913 1731.183 327.6202 -655.46 1717.911 358.416 -381.9423 1728.237 338.5172 -231.0444 1554.232 356.97 -148.8094 1600.153 323.5331 -99.4072 1510.482 332.4283 -130.3116 1625.712 122.4537 -681.5787 1740.742 2.925202 -635.2028 1768.026 -6.194731 -364.584 1841.829 -15.45128 -153.5652 1740.881 -33.99837 -81.43898 1812.528 -31.44642 -12.60676 1732.137 -4.702844 -40.25321 1694.861 262.3507 -185.5977 1738.019 227.9313 209.5435 1694.413 204.9138 564.1204 1832.872 198.7176 696.671 1701.498 91.04816 -181.144 1760.571 66.05647 208.3127 1679.46 87.59119 566.3151 1820.427 63.14693 692.3879 1706.309 149.1823 -798.906 1720.986 156.4586 -828.8439 1563.813 183.9682 -863.6544 1597.635 237.1508 -854.468 1711.886 132.1485 -864.4031 1592.166 72.54128 -869.9303 1708.23 
57.139 173.4645 -185.0909 1737.344 169.9346 -361.4173 1733.742 166.4155 -502.1747 1725.859 154.0529 -716.4481 1722.105 189.2234 -683.1963 1719.644 328.9312 -664.3539 1709.405 351.0203 -392.1476 1717.896 336.2614 -235.3584 1551.193 384.1754 -164.8654 1593.617 323.2092 -78.71937 1576.99 337.3446 -150.1357 1635.23 123.3291 -678.9471 1727.852 4.420146 -634.3317 1755.748 -10.20279 -364.8023 1823.923 -16.91575 -154.5775 1725.48 -37.03659 -81.21206 1794.195 -31.24867 -12.7062 1714.812 -4.79415 -43.38836 1675.94 262.7368 -186.6228 1724.845 228.6712 206.6871 1696.054 204.0218 562.6689 1821.65 197.6729 698.4661 1695.834 92.96375 -183.7096 1748.614 70.27267 204.6964 1678.11 87.61119 562.3043 1812.078 66.26115 694.4688 1706.624 147.847 -795.6522 1707.557 149.8595 -829.2758 1552.288 177.8644 -863.2448 1585.823 234.2549 -851.8705 1697.188 126.3095 -863.5928 1582.03 70.79247 -865.6136 1699.061 
57.171 172.8377 -184.5662 1723.693 167.587 -360.4294 1721.305 162.7969 -500.8295 1714.035 151.7913 -714.6727 1713.8 186.6897 -681.3332 1711.05 325.5823 -657.9066 1704.844 351.0513 -386.59 1700.094 334.3151 -235.5812 1529.083 342.0507 -155.4501 1579.47 363.0577 -77.02747 1648.507 321.0991 -151.4904 1615.722 120.875 -677.3649 1718.672 2.061293 -633.5195 1746.681 -10.22445 -363.7653 1811.511 -18.46425 -153.9442 1713.691 -45.27011 -76.20956 1774.481 -31.85683 -12.10748 1692.724 -9.03118 -39.15667 1663.791 262.179 -187.0983 1713.729 225.8835 205.7382 1697.528 203.4871 562.9992 1816.918 196.0666 699.8034 1692.946 92.27483 -182.2828 1732.678 67.91022 205.5544 1665.198 87.5546 556.353 1813.377 67.24055 695.1545 1717.354 146.1911 -793.9485 1700.576 146.779 -825.1169 1545.188 173.4828 -860.5268 1578.059 230.2421 -853 1689.212 122.0745 -858.9172 1574.36 66.79524 -860.7109 1691.149 
57.202 168.5782 -185.376 1710.06 164.7018 -361.1062 1709.998 161.3422 -501.565 1707.458 149.6451 -715.1459 1707.884 184.6383 -681.9656 1705.31 322.8339 -655.5164 1699.055 349.5305 -384.766 1688.597 331.4677 -238.246 1514.172 334.6949 -156.4666 1562.155 355.7091 -80.33821 1633.546 321.0633 -145.5367 1595.126 118.8452 -677.7594 1712.362 0.002019107 -632.1492 1736.535 -15.9756 -362.6334 1800.293 -24.29636 -151.5727 1705.778 -57.2551 -74.45223 1764.095 -45.33727 -6.453164 1685.455 -16.41627 -38.79911 1653.442 257.903 -187.3431 1700.691 226.554 205.7824 1694.173 203.5552 559.5319 1822.33 198.4961 700.612 1703.424 88.03017 -183.6022 1718.508 69.75085 206.226 1664.303 87.23243 556.4449 1813.093 67.94526 697.842 1721.043 143.8992 -794.366 1694.906 147.4077 -825.6232 1539.744 173.0254 -861.244 1573.151 227.4677 -854.2259 1685.343 121.7788 -859.1099 1568.382 64.11697 -860.2448 1683.87 
57.233 167.7881 -186.403 1700.831 161.9175 -361.7675 1699.546 156.8987 -501.903 1695.719 147.0923 -715.197 1697.821 181.7142 -681.7919 1694.753 319.5454 -654.8046 1688.268 351.1498 -384.8637 1686.419 329.8107 -241.7151 1510.095 346.8063 -160.6994 1556.106 347.61 -81.48084 1626.944 305.6382 -129.1496 1521.577 116.053 -678.1118 1702.233 -3.8362 -636.8732 1727.845 -22.48598 -366.9073 1786.687 -33.97248 -155.4592 1694.38 -59.45733 -77.89397 1755.475 -51.32961 -13.11837 1673.926 -25.39753 -39.99328 1650.823 256.8141 -189.3069 1690.416 226.6139 203.2746 1690.829 203.4812 557.4022 1815.956 197.5592 698.2339 1697.294 87.50944 -183.7844 1710.223 72.37291 206.5657 1664.434 86.8918 554.5986 1816.931 63.30499 693.1089 1722.08 141.9569 -794.4217 1685.499 143.6035 -829.3031 1531.362 168.6262 -864.6394 1565.359 223.953 -856.2435 1676.779 117.4947 -861.4717 1560.906 60.78648 -858.619 1676.585 
57.265 165.8601 -186.1798 1695.915 159.7526 -362.2496 1691.879 154.843 -503.0023 1688.412 144.542 -717.1561 1692.878 179.3354 -683.7256 1688.898 317.3095 -654.8309 1680.746 355.7231 -384.59 1681.906 330.295 -232.4042 1512.558 336.9812 -144.6305 1548.583 335.3895 -59.6856 1613.186 300.9275 -117.5253 1473.024 113.5288 -679.7922 1697.423 -4.972525 -633.5652 1723.781 -28.95875 -360.9502 1773.365 -49.15649 -151.6235 1675.4 -70.47739 -78.98371 1744.371 -65.31586 -16.94036 1659.931 -31.13463 -38.19698 1644.391 255.3059 -189.0497 1685.763 228.1725 205.4498 1684.078 203.9129 556.1326 1822.829 202.843 695.1271 1700.676 85.20284 -183.5918 1705.07 72.69947 210.0634 1674.875 87.04511 562.9953 1820.04 63.09772 693.0307 1712.787 139.0065 -796.8311 1681.403 142.3626 -829.5098 1526.118 166.7321 -865.7406 1560.031 220.91 -859.5198 1672.752 115.4734 -862.0274 1554.948 57.0434 -860.4209 1670.414