124.198 252.0172 -368.471 6116.814 263.4841 -601.9904 6073.475 272.1699 -790.2639 6048.689 297.5985 -1077.2 6021.267 338.0481 -1026.616 6029.804 520.4968 -973.2032 6042.51 540.6704 -616.8121 5951.762 441.9739 -365.4239 5801.346 400.004 -295.4692 5702.268 323.2211 -174.6738 5686.332 315.499 -229.5846 5748.684 248.75 -1033.229 6024.581 74.05911 -1023.756 6035.381 145.6199 -661.7717 6103.823 322.7948 -403.7368 6108.697 371.6066 -276.519 6085.698 468.3047 -191.7066 6144.821 489.2436 -308.2652 6079.844 373.2715 -363.7562 6123.492 246.8683 144.6461 6022.231 152.0855 621.8473 6174.97 113.2044 839.5381 6059.02 142.6768 -372.7226 6110.793 190.7075 148.2529 6008.962 164.8888 611.9415 6232.255 150.4636 823.3713 6143.573 307.9439 -1181.92 5993.33 310.8464 -1163.005 5780.016 355.3368 -1214.736 5810.18 432.7434 -1234.426 5959.075 286.3605 -1222.719 5804.301 216.7237 -1281.376 5953.315 
124.23 0 0 0 0 0 0 0 0 0 0 0 0 0 0 0 0 0 0 0 0 0 0 0 0 0 0 0 0 0 0 0 0 0 0 0 0 0 0 0 0 0 0 0 0 0 0 0 0 0 0 0 0 0 0 0 0 0 0 0 0 0 0 0 0 0 0 0 0 0 0 0 0 0 0 0 0 0 0 0 0 0 0 0 0 0 0 0 0 0 0 0 0 0 0 0 0
124.261 0 0 0 0 0 0 0 0 0 0 0 0 0 0 0 0 0 0 0 0 0 0 0 0 0 0 0 0 0 0 0 0 0 0 0 0 0 0 0 0 0 0 0 0 0 0 0 0 0 0 0 0 0 0 0 0 0 0 0 0 0 0 0 0 0 0 0 0 0 0 0 0 0 0 0 0 0 0 0 0 0 0 0 0 0 0 0 0 0 0 0 0 0 0 0 0
124.292 0 0 0 0 0 0 0 0 0 0 0 0 0 0 0 0 0 0 0 0 0 0 0 0 0 0 0 0 0 0 0 0 0 0 0 0 0 0 0 0 0 0 0 0 0 0 0 0 0 0 0 0 0 0 0 0 0 0 0 0 0 0 0 0 0 0 0 0 0 0 0 0 0 0 0 0 0 0 0 0 0 0 0 0 0 0 0 0 0 0 0 0 0 0 0 0
124.323 0 0 0 0 0 0 0 0 0 0 0 0 0 0 0 0 0 0 0 0 0 0 0 0 0 0 0 0 0 0 0 0 0 0 0 0 0 0 0 0 0 0 0 0 0 0 0 0 0 0 0 0 0 0 0 0 0 0 0 0 0 0 0 0 0 0 0 0 0 0 0 0 0 0 0 0 0 0 0 0 0 0 0 0 0 0 0 0 0 0 0 0 0 0 0 0
124.355 0 0 0 0 0 0 0 0 0 0 0 0 0 0 0 0 0 0 0 0 0 0 0 0 0 0 0 0 0 0 0 0 0 0 0 0 0 0 0 0 0 0 0 0 0 0 0 0 0 0 0 0 0 0 0 0 0 0 0 0 0 0 0 0 0 0 0 0 0 0 0 0 0 0 0 0 0 0 0 0 0 0 0 0 0 0 0 0 0 0 0 0 0 0 0 0
124.402 0 0 0 0 0 0 0 0 0 0 0 0 0 0 0 0 0 0 0 0 0 0 0 0 0 0 0 0 0 0 0 0 0 0 0 0 0 0 0 0 0 0 0 0 0 0 0 0 0 0 0 0 0 0 0 0 0 0 0 0 0 0 0 0 0 0 0 0 0 0 0 0 0 0 0 0 0 0 0 0 0 0 0 0 0 0 0 0 0 0 0 0 0 0 0 0
124.433 0 0 0 0 0 0 0 0 0 0 0 0 0 0 0 0 0 0 0 0 0 0 0 0 0 0 0 0 0 0 0 0 0 0 0 0 0 0 0 0 0 0 0 0 0 0 0 0 0 0 0 0 0 0 0 0 0 0 0 0 0 0 0 0 0 0 0 0 0 0 0 0 0 0 0 0 0 0 0 0 0 0 0 0 0 0 0 0 0 0 0 0 0 0 0 0
124.465 0 0 0 0 0 0 0 0 0 0 0 0 0 0 0 0 0 0 0 0 0 0 0 0 0 0 0 0 0 0 0 0 0 0 0 0 0 0 0 0 0 0 0 0 0 0 0 0 0 0 0 0 0 0 0 0 0 0 0 0 0 0 0 0 0 0 0 0 0 0 0 0 0 0 0 0 0 0 0 0 0 0 0 0 0 0 0 0 0 0 0 0 0 0 0 0
124.496 0 0 0 0 0 0 0 0 0 0 0 0 0 0 0 0 0 0 0 0 0 0 0 0 0 0 0 0 0 0 0 0 0 0 0 0 0 0 0 0 0 0 0 0 0 0 0 0 0 0 0 0 0 0 0 0 0 0 0 0 0 0 0 0 0 0 0 0 0 0 0 0 0 0 0 0 0 0 0 0 0 0 0 0 0 0 0 0 0 0 0 0 0 0 0 0
124.528 0 0 0 0 0 0 0 0 0 0 0 0 0 0 0 0 0 0 0 0 0 0 0 0 0 0 0 0 0 0 0 0 0 0 0 0 0 0 0 0 0 0 0 0 0 0 0 0 0 0 0 0 0 0 0 0 0 0 0 0 0 0 0 0 0 0 0 0 0 0 0 0 0 0 0 0 0 0 0 0 0 0 0 0 0 0 0 0 0 0 0 0 0 0 0 0
124.559 294.4485 -477.6194 5653.011 296.8225 -672.3538 5607.881 290.9248 -829.3211 5578.416 287.4939 -1069.728 5541.339 321.4684 -1033.489 5564.77 448.5825 -1008.429 5658.964 461.123 -738.6411 5810.425 483.1186 -488.7086 5878.205 471.631 -398.4051 5820.278 454.3704 -300.5264 5751.127 453.9764 -370.9406 5796.155 253.7318 -1026.839 5532.305 119.7744 -977.843 5495.288 109.4458 -666.5363 5545.56 144.8215 -405.7763 5549.773 156.2885 -304.5572 5605.634 161.0218 -199.2435 5660.865 134.6433 -291.8277 5596.923 361.2437 -494.3008 5728.505 324.1098 -70.46786 5870.696 212.774 304.7215 6045.715 292.1493 499.032 6048.765 234.2165 -462.5771 5584.935 290.3607 -30.34401 5688.959 217.2495 352.9293 5877.208 296.0709 527.1001 5849.757 292.8152 -1156.99 5514.222 293.7808 -1102.766 5342.526 328.8403 -1152.737 5356.926 394.4917 -1199.628 5473.845 270.4904 -1154.971 5352.176 210.7852 -1226.915 5465.374 
124.59 282.1047 -463.7719 5503.226 277.2397 -654.5488 5466.97 274.847 -808.4515 5446.359 273.8697 -1044.83 5448.338 310.7396 -1006.254 5447.518 458.6771 -958.0269 5443.577 460.0246 -712.8403 5617.977 461.3018 -507.3696 5764.794 457.3088 -415.4755 5714.474 426.1419 -308.984 5675.356 441.1156 -377.5931 5715.127 237.5448 -1005.274 5450.783 103.2082 -955.7783 5453.55 97.29247 -652.1312 5495.441 108.4291 -396.8854 5484.229 135.6713 -304.5429 5543.177 151.9913 -213.1755 5612.164 140.6851 -292.9947 5544.159 379.8567 -462.9697 5485.888 391.3103 -44.7818 5608.327 422.8857 271.2634 5877.877 414.2288 466.706 5820.129 193.9575 -464.4954 5518.86 291.498 -45.03998 5583.187 389.1997 299.6907 5804.149 372.4979 472.9005 5733.865 272.855 -1132.682 5434.489 299.983 -1113.373 5262.725 328.6834 -1159.48 5290.375 373.2949 -1184.417 5418.596 273.1305 -1160.486 5277.98 196.2912 -1205.655 5389.366 
124.621 285.6577 -436.4408 5461.278 277.0108 -634.3536 5431.625 269.8226 -792.3865 5406.771 265.7346 -1036.103 5404.687 304.0707 -996.7676 5401.269 458.6282 -953.9825 5394.748 457.1969 -659.321 5491.904 427.7906 -407.3694 5433 444.8567 -303.7766 5407.192 433.3056 -186.6904 5377.594 434.8915 -259.9837 5416.537 229.1788 -994.9254 5411.114 93.04093 -940.2383 5427.791 105.6868 -626.1512 5461.453 127.1609 -364.6883 5434.661 169.4892 -258.8141 5458.115 189.0851 -141.1905 5459.194 200.6023 -251.983 5407.6 385.1791 -437.1936 5437.282 437.4307 0.3439486 5525.977 490.338 336.9316 5787.585 492.9114 536.3282 5720.675 195.9148 -435.762 5482.917 252.1918 9.179235 5504.403 370.3463 356.1786 5736.916 351.1469 536.6845 5669.833 262.2596 -1126.398 5388.987 289.3992 -1100.772 5212.474 322.7969 -1146.153 5240.303 370.104 -1170.377 5372.344 265.8818 -1151.835 5227.098 190.2931 -1207.209 5340.501 
124.653 285.9858 -440.0493 5410.487 285.0085 -637.8157 5382.922 285.3275 -796.4063 5364.695 292.5178 -1039.276 5367.742 329.0381 -998.381 5365.872 481.4013 -949.6763 5369.496 452.2534 -652.1335 5448.759 416.7284 -408.0956 5367.685 439.21 -303.5799 5381.348 434.5736 -183.3986 5394.053 435.5972 -266.202 5415.302 253.902 -999.8734 5370.941 112.8743 -958.3834 5363.486 95.38692 -649.1672 5421.775 103.9463 -391.2454 5371.68 153.4304 -286.2949 5373.417 175.7478 -170.4628 5358.709 174.0476 -280.9354 5327.462 384.0939 -436.6452 5382.585 435.5984 -3.700733 5485.917 494.7891 359.6121 5704.718 476.1716 555.5784 5632.496 197.5175 -443.119 5435.647 233.4789 -18.4072 5572.271 318.1002 360.223 5763.922 269.7103 535.8163 5700.346 294.1809 -1129.635 5353.901 293.543 -1096.334 5177.161 330.1497 -1143.016 5197.295 397.1051 -1173.432 5318.64 271.9739 -1147.68 5193.024 214.5971 -1207.416 5314.039 
124.7 280.462 -428.2703 5365.648 276.2621 -627.1964 5342.99 272.9518 -786.2545 5325.101 273.5891 -1029.75 5315.247 311.2456 -989.649 5314.301 466.1087 -948.5237 5305.712 466.2336 -648.3729 5383.98 432.6643 -425.733 5253.277 424.2433 -319.0322 5268.334 415.2701 -198.5892 5279.464 449.415 -320.9826 5371.769 236.0781 -989.4779 5321.781 95.47803 -944.9119 5327.814 104.177 -636.1077 5394.566 128.1246 -386.7882 5312.276 146.7234 -272.4594 5323.549 136.1913 -153.8195 5318.382 155.8395 -257.9648 5285.53 380.6143 -427.9825 5344.556 399.7275 20.95002 5349.54 440.1708 368.357 5598.75 436.538 563.999 5521.741 190.1502 -428.5298 5384.667 228.3069 18.26385 5405.054 320.4805 366.6131 5646.901 298.104 545.2417 5576.031 272.338 -1119.522 5296.625 304.7939 -1091.673 5121.398 328.8578 -1143.725 5147.064 369.9982 -1182.286 5277.715 271.9826 -1137.959 5133.792 186.6931 -1183.027 5244.804 
124.716 263.5275 -427.3307 5321.595 259.0639 -628.3562 5298.687 255.5113 -789.1007 5280.672 260.4643 -1035.279 5275.867 297.6803 -994.0974 5272.634 453.1459 -949.4792 5261.003 474.7242 -646.8249 5339.736 443.9212 -411.1461 5226.918 427.3976 -303.5311 5235.711 411.7884 -181.9979 5238.875 430.2351 -262.2574 5217.686 222.0602 -995.1445 5283.03 79.78828 -956.4817 5305.801 93.60328 -640.3412 5349.179 100.2662 -393.9946 5247.918 118.6458 -278.0595 5255.237 120.2021 -159.7864 5232.333 141.2906 -267.0351 5229.782 366.7928 -428.9798 5315.946 395.5744 24.16047 5307.98 398.7972 387.3705 5545.521 421.3091 580.4034 5459.545 170.4086 -425.8435 5326.689 227.763 23.91639 5341.206 281.7085 388.4639 5578.979 280.3861 562.8997 5490.671 260.2282 -1126.396 5259.018 294.3974 -1082.065 5085.544 324.3844 -1132.94 5108.864 366.6512 -1175.619 5239.523 267.0497 -1133.349 5093.697 184.0355 -1196.966 5199.294 
124.779 268.4651 -426.1436 5282.111 264.5665 -627.0002 5263.524 261.4058 -787.3641 5246.544 265.4375 -1032.411 5231.921 302.8329 -991.4974 5232.051 458.2827 -950.1041 5216.058 482.7024 -647.5823 5290.516 452.4793 -401.9667 5203.598 433.1263 -295.8958 5218.841 407.9769 -176.9493 5231.121 429.7149 -255.0109 5204.805 227.0513 -992.481 5238.972 81.33499 -962.9291 5242.317 80.60792 -655.7706 5326.239 98.86198 -412.739 5220.644 120.6126 -299.8557 5197.589 139.553 -182.5412 5180.13 131.6268 -285.9237 5161.907 371.5379 -427.9302 5279.798 431.8355 20.72734 5285.273 425.4498 391.9863 5507.365 447.2823 586.2958 5425.819 175.5198 -424.5326 5284.197 215.0064 25.65694 5267.208 257.1528 393.692 5499.44 258.5861 574.3165 5426.19 265.5461 -1122.484 5211.419 278.3621 -1113.62 5030.371 308.5227 -1161.258 5059.136 365.507 -1182.054 5189.032 249.9084 -1160.196 5051.449 178.8936 -1196.766 5176.24 
124.81 265.3943 -389.5998 5246.945 260.1808 -595.9917 5226.965 255.9027 -761.0851 5212.018 257.792 -1013.201 5199.868 296.3173 -971.3426 5196.53 456.1216 -941.3595 5162.079 485.6353 -630.7913 5238.903 460.7496 -368.4443 5181.712 499.7858 -309.0212 5268.192 508.1129 -183.6689 5268.016 424.375 -245.254 5242.58 219.177 -971.8559 5209.604 71.27845 -956.5721 5245.251 96.68805 -634.3822 5297.371 88.21998 -380.428 5197.349 104.9331 -263.2268 5174.65 129.6711 -149.1264 5134.431 137.6421 -299.6718 5088.642 370.7694 -393.3254 5257.934 417.5309 67.22233 5306.41 388.966 450.9741 5529.54 428.7628 652.0555 5455.898 170.373 -386.2403 5237.036 198.789 62.27839 5117.879 197.8038 431.3836 5374.42 207.4995 624.6712 5322.418 255.8868 -1106.054 5180.005 303.2479 -1083.928 5000.644 329.8426 -1134.135 5032.375 363.1718 -1163.345 5172.944 272.1128 -1133.805 5013.34 177.7668 -1181.671 5122.941 
124.841 263.7757 -391.0926 5210.369 263.7185 -599.6976 5189.049 265.2683 -765.2733 5162.879 270.7929 -1020.301 5156.089 309.4611 -977.6039 5155.259 465.8243 -933.5833 5112.318 479.4362 -615.3827 5176.037 458.6597 -344.4756 5153.814 486.1485 -296.4992 5252.567 510.9392 -173.3941 5271.551 436.5769 -208.3425 5205.859 230.6273 -978.7789 5161.611 79.61261 -947.4347 5171.85 89.09461 -625.1545 5246.496 105.2601 -379.5139 5121.561 129.2365 -261.5066 5102.855 154.4311 -177.7222 5013.809 126.9102 -242.9128 5082.33 369.3718 -392.9829 5228.583 391.4238 70.39788 5307.319 340.6658 465.824 5515.366 388.5776 657.0549 5417.286 168.555 -389.388 5193.945 198.913 76.37486 5138.496 187.4594 478.1781 5350.443 202.6979 654.7121 5252.232 271.5724 -1114.564 5137.866 296.8823 -1088 4952.596 329.8677 -1137.574 4980.568 381.2884 -1166.63 5117.365 269.7277 -1140.127 4968.196 190.4494 -1194.507 5088.5 
124.873 243.127 -410.2159 5159.469 250.3476 -613.5164 5143.899 258.9333 -774.5317 5119.319 264.8302 -1021.156 5091.309 302.3801 -979.6554 5094.412 455.7287 -927.5896 5072.077 487.0435 -618.3336 5129.093 482.75 -353.4525 5115.965 506.3313 -304.741 5211.869 490.7977 -182.5013 5221.13 439.732 -227.3463 5180.185 225.6315 -981.419 5099.833 79.43046 -951.7924 5118.965 79.21323 -642.9441 5210.058 87.05537 -405.7188 5084.329 107.4844 -289.1299 5077.39 142.7227 -218.9099 4984.76 122.641 -279.9624 5016.13 344.6433 -408.4299 5183.228 348.7045 37.16516 5288.243 280.7266 397.1944 5527.398 309.3905 598.4051 5459.639 151.5852 -411.8264 5138.044 182.5536 33.29119 5037.745 175.6396 470.6165 5102.433 190.3159 618.3206 4972.737 265.9065 -1110.992 5065.714 271.0772 -1099.033 4882.414 306.2198 -1145.078 4909.656 370.2937 -1163.139 5038.443 246.7774 -1148.413 4904.135 182.8784 -1192.136 5032.415 
124.904 242.7584 -408.0035 5113.309 249.1548 -609.927 5089.62 255.4676 -770.2972 5063.44 252.8744 -1017.051 5043.996 291.5836 -976.745 5043.682 447.039 -947.0383 5004.748 486.2347 -642.792 5076.634 478.5333 -381.1792 5038.833 534.6115 -346.9164 5126.78 520.6174 -233.0546 5171.696 455.4535 -285.6701 5145.638 215.4378 -976.0034 5053.088 74.25008 -941.7131 5090.137 66.66763 -629.0792 5162.69 83.96481 -385.0505 5053.778 113.5522 -277.8776 5013.622 151.718 -209.9634 4920.912 126.0746 -279.136 4967.624 345.2859 -406.7689 5130.469 349.244 29.35263 5265.083 302.6254 390.5026 5505.256 330.7948 592.9351 5443.206 150.3049 -409.1168 5097.835 182.1579 27.32211 4969.784 178.764 446.5685 5105.912 186.572 609.0135 4995.595 250.0556 -1107.422 5021.652 268.4854 -1123.363 4840.07 299.0149 -1166.136 4876.277 352.7846 -1167.375 5010.437 240.1817 -1167.678 4866.803 165.5046 -1188.729 4994.458 
124.936 236.4889 -418.0381 5068.783 246.6477 -610.4112 5043.507 255.6528 -763.1306 5016.632 255.2397 -998.4034 4993.193 291.7137 -959.4401 4992.255 439.6539 -920.5414 4963.315 459.7118 -623.3798 5006.483 468.8932 -371.8407 5027.587 497.3403 -335.3581 5121.698 515.3049 -221.8022 5146.799 427.736 -257.5035 5068.626 219.3897 -959.8402 5004.103 86.22376 -926.4683 5044.912 70.59095 -628.588 5115.997 87.39869 -401.5305 4999.423 112.7654 -297.2321 4964.385 150.0183 -214.924 4892.159 131.1061 -299.2245 4923.48 334.7986 -414.6306 5082.36 314.517 1.272053 5211.571 262.7191 318.434 5476.78 270.5944 515.9219 5426.172 147.8387 -421.1109 5056.539 182.3874 -15.0151 4903.028 206.7487 404.8097 4923.909 191.6289 533.0603 4787.681 252.7295 -1084.292 4970.154 267.1998 -1093.816 4796.015 289.6003 -1140.382 4828.349 340.4836 -1155.809 4955.76 233.8577 -1132.495 4819.825 160.5859 -1146.842 4941.419 
124.967 236.0136 -406.6535 5016.027 242.8156 -604.1719 4999.085 249.6262 -760.8903 4975.839 253.8315 -1001.639 4958.792 290.4999 -961.324 4958.559 443.7867 -926.2143 4935.475 468.7359 -620.2074 4947.329 477.5456 -363.0772 4929.784 524.0577 -340.2028 5023.464 500.0459 -247.5424 5096.067 411.2896 -264.239 5002.315 216.1592 -962.5519 4966.958 77.08271 -932.4154 5000.57 69.52584 -629.6098 5079.694 85.87585 -401.1885 4954.188 113.6379 -298.0255 4910.88 150.8484 -210.3388 4841.083 140.2677 -309.1324 4876.023 336.3324 -404.4396 5030.493 323.5805 15.46746 5177.6 269.1471 359.5192 5421.776 286.0142 558.5794 5362.814 145.5518 -408.6498 5002.982 180.4715 13.80265 4868.769 189.9735 432.1178 4967.289 187.3983 587.791 4855.551 253.7063 -1089.977 4937.687 286.5255 -1093.735 4762.105 300.5899 -1144.851 4794.697 336.228 -1171.693 4928.4 246.112 -1130.244 4780.623 157.1969 -1141.831 4895.433 
124.999 227.4672 -419.3759 4951.055 238.3813 -607.0449 4939.41 248.7728 -755.5873 4917.058 252.0769 -984.3444 4903.167 287.1244 -946.3138 4904.898 436.7382 -926.7957 4901.598 469.2397 -636.8718 4901.61 460.6281 -430.5947 4769.959 482.9843 -363.9841 4843.428 526.1771 -312.579 4935.651 428.1115 -379.8322 4878.113 216.1587 -946.9098 4908.229 82.27576 -916.6563 4929.112 68.38161 -636.8041 5028.374 88.911 -430.3528 4892.579 122.7715 -338.843 4842.976 140.1162 -231.5788 4815.294 149.9168 -343.8279 4810.552 322.7674 -414.6229 4963.773 299.7381 -13.27837 5094.227 287.756 248.6857 5401.438 296.9079 376.0105 5250.373 141.5309 -423.662 4939.585 193.6892 -25.36321 4809.666 203.0252 375.0095 4888.483 210.9396 375.7986 4706.692 252.6339 -1068.401 4883.896 269.6599 -1073.459 4715.186 292.9251 -1118.216 4745.962 340.9777 -1133.502 4869.936 238.7296 -1112.853 4736.975 166.6046 -1132.42 4853.371 
125.03 224.9709 -422.2749 4893.318 232.5554 -605.4608 4885.486 240.1355 -750.2955 4863.385 241.3463 -973.3172 4851.975 275.7336 -936.4539 4851.266 421.7986 -926.7328 4837.412 463.8674 -647.0522 4865.804 464.2591 -444.9362 4739.054 503.0135 -384.1627 4806.989 562.4251 -340.7035 4890.265 453.1405 -393.858 4847.749 206.8999 -936.5873 4858.586 74.42795 -916.1458 4876.81 77.12775 -641.9389 4970.012 70.73864 -435.5579 4844.582 141.883 -370.5957 4798.844 189.1073 -287.6207 4745.738 183.6964 -396.3628 4774.305 318.2367 -418.8103 4902.601 284.6236 -21.83211 5006.757 286.202 189.1183 5338.981 297.2617 364.566 5260.06 140.8691 -425.3992 4884.947 191.4719 -35.9942 4762.438 215.6836 347.7467 4863.968 211.8432 376.8239 4689.118 240.3379 -1055.399 4834.042 260.6666 -1072.093 4670.862 281.3633 -1114.123 4704.326 324.8643 -1121.906 4827.008 228.9524 -1108.097 4693.885 155.4981 -1117.402 4806.494 
125.061 221.4219 -425.4181 4843.756 231.2911 -607.1956 4832.116 239.591 -751.7294 4814.552 242.4856 -973.4922 4805.016 276.4344 -936.6261 4804.733 421.3249 -918.8932 4797.186 458.0584 -640.643 4829.821 463.7744 -434.1748 4713.292 500.6141 -377.2693 4784.696 542.5132 -319.6612 4869.15 449.8587 -388.5082 4823.26 207.8755 -937.1614 4810.578 75.43404 -920.6501 4826.952 61.87618 -649.2484 4922.053 40.86508 -435.9544 4813.712 122.1633 -371.0172 4793.409 185.853 -293.8356 4751.216 171.5079 -403.6989 4779.897 314.3962 -420.6946 4848.822 279.8806 -17.43594 4910.037 297.0307 175.2774 5250.042 296.8699 366.405 5237.31 137.5828 -429.6775 4839.188 179.0381 -40.89105 4719.513 211.6801 333.9545 4840.751 200.2248 374.6407 4669.658 242.3922 -1055.228 4787.829 255.2014 -1063.715 4624.247 286.7149 -1100.421 4654.824 338.4319 -1100.567 4773.683 234.0337 -1106.12 4647.746 172.375 -1133.735 4763.43 
125.093 223.5028 -424.6871 4799.542 232.2517 -609.8849 4787.695 239.3937 -757.3371 4771.379 243.4401 -983.1791 4761.78 277.86 -945.4906 4762.08 422.6644 -911.919 4754.024 452.0353 -628.6552 4795.373 449.9695 -414.8343 4683.072 494.594 -357.5716 4752.243 539.1248 -287.4317 4828.129 442.1357 -330.4858 4772.398 207.9465 -946.3227 4766.824 72.80497 -925.7695 4775.139 56.84876 -655.8112 4888.46 44.807 -416.742 4838.238 63.41444 -362.4179 4746.807 159.3636 -369.1656 4692.209 161.3605 -408.171 4780.874 318.3253 -420.3628 4801.969 251.4624 -9.617746 4826.74 271.8563 187.569 5172.336 250.2173 343.2316 5056.754 137.9971 -428.5864 4797.353 159.7198 -26.92783 4689.555 211.6629 325.5089 4877.126 210.426 378.1033 4705.521 243.9909 -1066.426 4744.298 235.7708 -1084.406 4578.137 263.0442 -1126.32 4608.083 328.1769 -1132.419 4722.748 208.8558 -1121.171 4606.889 155.664 -1130.817 4732.161 
125.124 220.1494 -415.7581 4755.212 230.519 -600.2141 4743.196 239.0204 -745.937 4718.72 244.7931 -971.136 4715.412 278.8263 -933.3375 4715.858 422.9895 -899.0721 4708.819 446.6426 -617.7657 4759.257 442.4019 -401.9417 4652.802 450.5302 -307.0902 4683.173 482.7037 -212.2279 4733.566 413.0017 -307.5878 4727.393 209.0411 -934.5416 4718.231 74.0453 -915.1075 4723.057 64.18435 -644.2144 4832.133 61.42024 -437.2678 4703.399 63.59021 -332.6259 4728.331 156.5974 -390.3116 4741.37 157.0923 -404.3188 4773.577 314.6097 -410.5749 4757.162 254.8218 -0.4465878 4785.648 277.4077 214.092 5118.962 280.5931 395.0434 5047.963 134.9704 -420.4321 4753.453 160.3167 -12.98279 4678.87 211.2511 342.4114 4857.952 210.8815 404.9379 4690.371 246.4598 -1054.527 4700.279 241.53 -1053.375 4533.603 267.8249 -1098.509 4559.005 330.3481 -1118.144 4673.076 213.8943 -1092.804 4557.356 158.2923 -1116.126 4679.221 
125.171 218.9571 -419.8858 4712.644 221.4723 -600.1403 4692.412 223.5348 -744.4957 4678.661 221.9754 -964.9897 4668.072 256.5133 -929.1194 4670.157 400.5719 -909.7518 4670.319 425.3739 -632.517 4708.776 437.7516 -403.7625 4652.777 441.9565 -307.5985 4670.705 438.0599 -208.4649 4717.915 394.6835 -288.513 4657.461 188.1089 -928.0981 4671.616 55.57708 -911.0929 4676.84 60.28225 -642.5383 4775.962 64.21897 -430.9454 4665.293 49.01027 -328.5083 4685.024 106.7699 -372.9331 4605.316 140.6882 -356.7399 4600.555 311.6412 -418.3879 4710.821 265.0818 -16.27526 4667.954 293.0974 207.3403 4985.054 307.1204 383.3553 4913.587 135.3797 -421.2365 4714.287 139.8132 -17.49721 4666.137 213.1217 316.7464 4859.655 207.899 383.3574 4697.633 221.1164 -1046.171 4650.526 238.4269 -1072.973 4490.283 267.7438 -1106.682 4525.542 315.6099 -1095.045 4644.661 215.4416 -1111.714 4517.455 149.9401 -1124.59 4632.747 
125.202 222.3086 -430.3722 4670.483 227.6045 -610.4331 4657.748 230.9016 -752.4716 4632.109 229.1 -972.2253 4631.703 263.5246 -936.4966 4631.591 405.3315 -908.8053 4623.687 423.0715 -633.4734 4669.76 425.401 -403.4612 4622.772 418.8006 -307.0485 4635.485 415.4617 -207.8943 4589.437 371.0809 -297.2983 4582.899 195.4595 -935.339 4634.067 63.71614 -916.2542 4634.563 58.35303 -653.6392 4745.19 63.88275 -450.4964 4621.798 51.60166 -351.5106 4654.437 120.9525 -379.4037 4577.166 140.0469 -361.0732 4555.541 314.4081 -427.2955 4665.283 258.7424 -36.48537 4573.727 287.7538 221.4908 4861.113 292.6849 401.5677 4801.884 139.2585 -433.1465 4675.173 146.8168 -28.78606 4657.967 225.4724 309.4581 4838.412 221.0119 406.6734 4693.604 227.9386 -1053.758 4617.988 210.1891 -1071.198 4457.247 245.4836 -1107.001 4483.371 317.5621 -1102.787 4589.455 192.8046 -1111.086 4486.392 153.3259 -1130.048 4611.576 
125.234 215.5745 -432.1727 4635.089 216.4405 -612.3077 4615.188 216.5963 -754.8364 4589.154 219.6875 -975.2441 4581.985 253.4303 -938.6457 4583.075 394.9432 -906.9046 4575.668 415.4215 -640.4743 4661.693 409.9921 -412.2441 4603.43 407.087 -314.637 4609.17 410.8435 -248.4204 4521.706 363.4332 -329.0089 4521.438 185.1077 -939.0725 4585.391 52.80775 -920.6338 4583.327 41.98619 -659.4971 4699.539 48.29925 -444.8436 4595.561 31.07474 -341.3363 4604.65 108.2452 -375.1036 4537.23 129.6582 -366.131 4528.274 308.074 -431.2022 4630.33 228.8014 -40.38247 4550.555 233.7276 229.9492 4829.756 211.8788 385.0013 4721.595 132.1636 -433.0478 4639.38 160.828 -27.8939 4647.201 220.7182 315.487 4828.182 225.1756 396.8956 4673.229 220.3712 -1056.613 4565.718 207.3411 -1069.258 4403.495 239.854 -1107.67 4429.961 308.5202 -1109.91 4538.886 186.7699 -1108.975 4431.094 141.796 -1128.837 4554.778 
125.265 209.6486 -421.6916 4591.593 214.3146 -601.2666 4572.205 217.1714 -743.5521 4547.492 216.5342 -963.3344 4541.259 250.7738 -927.3938 4541.344 392.4909 -898.9825 4533.066 402.1452 -631.8836 4616.063 386.9526 -417.7837 4520.645 393.9358 -323.366 4544.025 396.785 -237.0042 4476.878 353.6733 -311.0198 4454.585 182.741 -926.7055 4545.35 50.41322 -912.1737 4549.44 37.32374 -640.1184 4633.877 30.87049 -414.4066 4559.095 39.09254 -312.6872 4583.811 96.40642 -366.8879 4510.686 126.6656 -352.4863 4492.471 301.5635 -418.4114 4583.332 250.3823 -20.47297 4524.99 230.0682 246.9623 4804.633 211.6794 406.2406 4703.201 126.7648 -424.6495 4599.042 161.8801 -23.76995 4644.726 221.6023 316.5651 4828.886 226.7943 400.336 4675.831 215.5041 -1044.52 4525.396 211.4639 -1050.938 4362.836 241.6687 -1090.793 4389.529 303.8264 -1098.327 4501.613 188.7531 -1091.111 4387.65 136.6815 -1114.548 4507.425 
125.297 205.4882 -419.518 4551.167 213.4802 -604.6209 4538.532 217.1897 -749.1083 4504.608 212.7488 -974.9414 4497.497 248.5673 -938.6329 4498.844 395.6214 -916.2814 4494.665 401.1848 -644.905 4589.881 387.9171 -436.3967 4468.905 377.0896 -336.843 4464.605 359.7408 -225.9033 4458.11 353.0698 -309.5499 4455.123 178.5681 -936.6925 4500.681 43.03305 -918.6703 4493.989 35.67301 -636.7513 4573.802 42.46671 -398.4772 4519.477 46.80267 -312.5556 4584.639 91.21072 -362.0519 4496.317 150.354 -330.6463 4499.102 299.7631 -414.7713 4541.259 240.1378 -3.24747 4513.962 255.8877 290.743 4782.153 211.6063 435.8832 4659.677 120.4764 -423.7983 4560.102 174.2431 -19.05197 4641.146 239.8249 338.0028 4814.841 227.5858 402.654 4647.927 210.7473 -1058.314 4480.912 202.9151 -1061.214 4313.857 236.579 -1101.217 4339.567 303.5145 -1108.467 4453.058 182.2419 -1104.194 4338.87 132.9351 -1133.765 4462.541 
125.328 205.5772 -410.524 4514.581 208.2311 -591.0622 4489.113 209.6883 -734.0818 4460.937 208.6894 -955.9293 4456.258 243.295 -919.7582 4458.218 388.4106 -904.9526 4449.847 389.9646 -641.2462 4550.996 373.5646 -449.2261 4412.954 362.072 -356.8306 4444.849 364.3492 -247.5849 4460.887 357.582 -319.9087 4452.317 174.519 -918.8336 4457.99 41.83994 -905.6042 4441.006 31.42401 -633.6826 4534.664 48.65339 -406.3371 4459.529 38.86059 -355.7227 4552.114 99.16714 -348.6474 4462.128 141.4838 -332.7256 4495.893 298.4396 -408.1026 4507.092 258.5133 -31.68139 4351.732 255.1452 354.585 4412.584 256.9354 414.98 4230.891 121.8392 -412.7076 4521.333 172.2278 -17.39484 4612.177 235.961 326.0012 4797.021 228.3152 404.7183 4639.604 208.3682 -1037.98 4440.82 218.3301 -1023.54 4277.522 247.3389 -1066.5 4301.723 300.4357 -1087.709 4417.997 194.3085 -1067.217 4295.174 132.2772 -1106.712 4407.09 
125.359 204.7421 -402.9556 4472.911 208.2745 -583.0462 4451.154 209.9998 -725.6269 4424.571 206.8379 -945.7375 4407.542 241.6055 -910.2842 4411.901 386.7332 -903.0729 4407.311 391.1013 -644.298 4516.839 383.4817 -452.0563 4380.378 359.5845 -372.5244 4432.276 363.7161 -265.4652 4456.706 362.9884 -331.2795 4446.415 173.1934 -908.6182 4410.939 41.43736 -891.7048 4395.4 27.72195 -617.0615 4475.271 36.58766 -381.5182 4436.609 23.55492 -290.4641 4488.155 83.13412 -329.9486 4407.173 119.3757 -284.0564 4404.759 296.8195 -399.8762 4462.371 261.4489 -26.25981 4304.523 226.1818 361.1621 4311.813 285.5638 408.7815 4137.159 121.7118 -405.7324 4482.415 179.8913 -17.40119 4588.309 243.3733 307.0392 4801.155 256.3089 417.2713 4665.481 205.8812 -1026.383 4387.627 216.3602 -1027.913 4224.554 246.202 -1067.273 4252.845 298.8954 -1075.39 4370.229 193.5127 -1070.046 4246.262 132.2007 -1099.769 4360.768 
125.39 209.564 -388.8693 4420.601 214.9584 -568.1633 4399.44 217.7211 -710.5057 4375.331 215.8905 -929.7924 4360.45 250.3214 -894.1825 4363.432 394.4828 -885.2416 4354.312 387.0368 -628.7658 4465.83 367.1201 -447.3864 4318.038 356.9958 -378.0132 4385.777 356.6898 -283.4012 4440.693 370.2622 -352.683 4419.689 182.2073 -893.0811 4364.505 51.42054 -874.7838 4347.568 26.59106 -606.6124 4440.997 30.3464 -371.5446 4405.341 22.79518 -294.5094 4476.239 73.53325 -319.0091 4384.654 107.9696 -272.959 4358.946 299.8145 -383.9388 4401.833 267.9501 -5.381525 4260.593 236.6806 380.4271 4246.145 270.5088 458.8997 4076.823 128.1812 -393.3153 4437.525 174.755 -3.632039 4536.994 248.24 280.3151 4796.188 259.1166 435.2134 4716.574 215.0129 -1010.26 4341.385 222.966 -1007.288 4178.924 251.6588 -1048.33 4205.446 305.5236 -1061.768 4321.163 199.0492 -1049.025 4199.652 138.6898 -1079.828 4313.683 
125.421 204.1953 -382.537 4367.148 208.2061 -560.5185 4346.085 210.38 -702.0764 4323.81 207.2396 -920.1284 4317.884 241.6321 -884.8878 4318.888 384.5947 -873.1218 4311.354 381.7231 -613.0068 4408.5 365.7098 -440.1024 4253.054 353.4441 -352.6221 4292.537 328.1769 -264.2905 4350.399 319.4755 -325.7802 4236.836 174.0584 -883.3705 4320.943 42.84182 -870.6722 4311.797 15.69992 -596.791 4377.393 8.185757 -366.4519 4326.527 -29.12755 -329.1261 4416.351 47.67899 -287.756 4354.875 73.7427 -256.712 4352.214 294.2202 -378.5481 4350.585 264.9434 -2.688855 4210.248 231.8701 380.1642 4221.608 262.1752 474.4676 4061.531 123.0159 -386.134 4382.084 187.692 -0.7106066 4475.57 277.838 336.7303 4645.666 267.6978 466.0146 4530.865 205.6734 -1000.687 4302.223 224.8093 -997.2903 4141.931 252.7935 -1037.011 4170.258 298.4634 -1048.554 4288.613 201.1707 -1039.556 4160.839 134.5573 -1072.362 4269.557 
125.453 206.7881 -376.399 4312.228 208.9156 -554.2834 4293.52 209.884 -696.0451 4274.733 207.2547 -913.6944 4272.171 241.4909 -878.4396 4272.613 384.2445 -866.4305 4268.035 379.3588 -605.7618 4361.832 366.6874 -431.9714 4207.832 348.9879 -337.8152 4219.782 317.7044 -241.6552 4258.67 304.794 -329.9619 4178.009 174.0619 -877.0508 4274.678 43.21535 -861.2475 4270.659 28.66563 -587.5436 4338.311 22.22922 -352.1595 4335.064 15.51829 -299.4094 4424.389 48.94565 -268.3315 4328.175 69.47012 -234.5388 4314.647 296.6018 -373.5536 4295.387 262.2422 2.758712 4160.011 229.3823 383.7596 4190.263 259.3269 473.5974 4028.046 125.7991 -378.9649 4327.415 180.1168 8.420557 4415.47 246.1229 365.488 4551.172 242.224 468.6561 4412.582 205.871 -994.3122 4257.784 227.0248 -989.5725 4098.134 252.9682 -1030.687 4126.17 296.5977 -1045.63 4244.617 201.5148 -1030.996 4116.143 132.4599 -1062.433 4223.385 
125.485 208.4923 -376.5689 4266.405 211.6851 -555.585 4248.597 212.5317 -697.6046 4225.777 218.5023 -916.4584 4222.644 251.5176 -879.6705 4223.174 389.8349 -839.2173 4227.352 372.1588 -570.3869 4298.707 353.7201 -374.0078 4172.962 349.358 -281.2148 4144.648 340.1981 -176.5937 4115.556 313.0521 -262.6031 4098.156 183.6909 -880.9485 4225.262 52.21011 -863.8067 4228.482 32.46012 -585.3911 4280.781 22.49123 -349.6123 4260.299 42.09447 -318.8738 4358.303 48.99809 -232.2464 4295.678 68.85912 -236.4532 4265.291 298.709 -373.2188 4248.902 257.2898 4.909128 4113.556 232.3203 379.3182 4203.462 252.5127 467.529 4037.605 127.1399 -379.5898 4282.188 171.4872 18.35048 4330.571 248.2454 297.5268 4591.735 246.3875 433.9685 4484.042 220.2992 -997.5043 4207.966 252.865 -993.4269 4049.264 272.2752 -1037.717 4078.388 306.022 -1058.78 4199.896 221.6075 -1032.181 4064.875 141.9049 -1057.046 4167.296 
125.532 214.6812 -365.452 4217.858 214.2158 -546.8093 4202.182 210.2023 -689.7373 4175.094 211.7415 -911.1187 4182.804 245.8924 -874.5999 4181.675 382.529 -824.7054 4192.449 381.5857 -550.2951 4257.265 370.5007 -330.9058 4169.228 366.5581 -248.1887 4116.354 311.6118 -180.6505 4048.715 325.0416 -234.6461 4071.259 177.2522 -874.4034 4183.522 50.56289 -830.6869 4190.181 41.21047 -551.2688 4256.345 44.4322 -314.1437 4221.803 29.39362 -243.9807 4299.535 65.11081 -215.1922 4201.354 76.44029 -186.4903 4198.145 304.9771 -363.7518 4195.508 253.8224 26.34442 4085.682 233.5172 397.0012 4206.498 253.1989 478.7315 4034.827 133.2573 -366.9851 4238.012 157.1999 39.96772 4255.646 234.7393 324.3253 4517.842 192.298 463.572 4419.159 211.9438 -993.7632 4171.998 234.4151 -994.8313 4009.591 257.3195 -1037.875 4039.328 299.9111 -1053.429 4160.47 205.137 -1034.323 4028.826 132.134 -1057.858 4138.318 
125.579 221.7591 -354.5629 4178.856 217.7822 -538.3132 4167.793 210.8485 -682.8334 4140.708 209.6662 -906.8887 4138.814 244.659 -870.3599 4139.202 383.3393 -821.0146 4149.186 382.4951 -541.1028 4203.86 374.9337 -311.1354 4137.85 364.754 -232.7931 4077.556 278.6357 -179.679 4030.663 294.481 -242.6473 4029.85 175.2405 -869.3946 4141.215 50.69478 -817.4967 4155.94 41.98112 -533.0311 4214.684 46.07534 -293.3361 4178.782 31.87479 -246.0722 4273.728 58.65062 -145.4017 4239.608 68.86021 -162.5099 4161.593 313.907 -355.4088 4159.78 248.9327 42.14367 4067.906 234.8427 410.7626 4208.758 251.8123 477.7432 4028.181 138.6653 -353.8 4196.057 151.7854 58.67544 4190.139 223.2568 242.2401 4537.142 193.8508 413.9933 4501.36 208.8281 -989.928 4124.279 235.5592 -989.3283 3960.608 259.1702 -1032.415 3990.99 299.678 -1047.764 4114.448 206.583 -1030.188 3979.102 130.7524 -1056.706 4087.875 
125.61 223.1417 -354.0398 4134.69 217.0745 -538.2781 4124.452 209.6224 -683.5778 4099.608 212.9919 -908.2133 4097.527 247.3191 -870.8898 4098.714 384.7997 -817.054 4107.943 399.209 -537.8817 4168.234 401.5051 -315.179 4078.752 378.2505 -220.7028 4057.229 284.1088 -195.3116 4002.491 325.2968 -216.3249 3995.08 177.6805 -871.3212 4099.199 50.57605 -824.1668 4111.125 40.45794 -539.0543 4170.386 46.13515 -309.8841 4089.606 45.64308 -223.8029 4153.65 46.9287 -119.4494 4188.134 67.82318 -187.2215 4087.271 316.3033 -356.2844 4119.873 248.4532 46.26963 4049.313 234.1074 400.5624 4225.467 254.6436 480.4681 4050.031 139.1338 -352.0157 4148.051 143.2126 60.37459 4113.694 190.9914 261.3936 4456.307 170.2699 422.4089 4382.416 214.1452 -991.46 4082.88 229.3404 -994.6981 3917.319 257.8542 -1035.27 3947.251 307.9247 -1043.887 4068.203 204.3894 -1036.772 3939.086 138.0466 -1064.417 4054.056 
125.642 219.7777 -345.343 4097.604 216.5704 -533.3978 4087.31 211.0359 -679.9904 4053.301 209.1398 -909.1931 4055.712 245.0495 -871.9325 4055.183 385.8964 -817.9482 4049.876 404.1215 -536.9896 4126.413 399.1859 -304.3932 4049.98 383.8271 -203.907 4048.27 297.0164 -185.5839 3976.551 328.0301 -191.9214 3976.332 174.0506 -870.689 4057.654 48.33457 -816.5545 4080.989 46.11684 -524.2412 4135.094 61.05474 -297.3293 4036.185 49.87613 -196.1719 4076.501 62.11749 -113.1437 4002.127 66.48708 -164.424 3995.776 315.3939 -346.3626 4086.438 246.7007 69.48224 4054.611 237.2992 422.7191 4250.346 243.5004 581.4493 4132.493 133.5564 -344.4237 4107.673 134.7655 73.99279 4051.1 186.2903 313.6941 4377.469 158.1918 464.9509 4280.261 207.9414 -994.4067 4042.459 225.9307 -982.3383 3874.19 252.5226 -1027.836 3900.933 301.1758 -1050.861 4023.48 198.1017 -1025.884 3891.888 127.3005 -1061.791 4005.176 
125.673 219.0208 -352.3749 4058.498 216.1246 -536.7007 4044.714 213.2863 -682.035 4018.041 212.4787 -906.8657 4010.356 247.5366 -870.1182 4010.653 387.1225 -820.5682 4012.095 406.091 -539.6128 4064.031 405.775 -304.4651 4014.386 392.479 -208.2552 4037.245 322.5797 -200.7002 3950.106 326.0586 -201.3381 3952.913 177.9292 -869.3898 4014.762 51.63124 -825.7475 4041.479 42.4484 -540.6099 4102.611 61.12111 -328.6354 3984.506 59.41317 -221.3978 3990.758 68.28449 -124.7588 3938.853 75.17789 -208.1083 3938.246 313.4368 -353.6106 4055.183 248.0761 55.99105 4049.311 236.3663 394.8388 4254.771 234.5114 551.5022 4140.16 133.8818 -351.2607 4061.487 131.3987 50.75714 3961.061 171.6945 313.5438 4260.748 137.7598 448.6383 4148.962 211.3658 -989.8351 3993.642 221.0784 -993.515 3827.461 245.8721 -1037.256 3856.37 298.4119 -1052.245 3975.83 192.2745 -1032.794 3849.855 126.7309 -1053.836 3966.873 
125.704 214.2591 -363.6953 4017.589 212.9614 -545.509 4005.074 210.6583 -688.1909 3975.669 209.8894 -909.8609 3968.679 244.442 -873.6229 3968.707 381.9742 -826.2966 3955.658 416.941 -550.833 4006.524 419.8977 -323.4042 3940.159 453.0166 -243.8902 3987.664 360.1791 -203.3945 3943.784 343.7043 -210.7555 3935.067 175.8395 -872.9133 3973.093 49.86443 -831.6517 3994.906 35.33268 -555.0809 4072.569 43.51535 -345.9986 3955.16 36.39584 -240.3246 3955.37 59.95092 -155.9384 3891.371 65.54184 -232.6762 3888.689 307.2049 -363.9391 4011.492 261.6834 42.16447 4027.441 229.417 385.756 4210.902 237.9931 472.2328 4040.396 130.4458 -363.4756 4023.087 129.8962 16.65708 3873.469 167.9617 315.9348 4128.358 146.2151 448.471 4014.501 208.7355 -991.7003 3952.422 222.9404 -989.1597 3788.907 247.9174 -1032.521 3816.571 296.8765 -1049.944 3935.19 195.1641 -1029.488 3808.792 128.0629 -1056.294 3921.454 
125.736 215.342 -365.3798 3982.935 210.6629 -546.8964 3963.312 206.4716 -689.5901 3932.668 202.1906 -911.3248 3918.146 237.3319 -875.509 3918.268 375.7606 -828.9927 3908.817 413.3474 -553.3191 3959.995 414.7457 -335.2002 3866.203 492.1822 -292.1454 3909.411 402.9641 -226.9001 3905.058 388.5775 -238.1187 3942.323 168.7812 -874.0106 3924.947 45.04275 -831.6375 3956.851 43.46558 -554.1446 4034.824 46.0159 -345.8799 3914.698 42.87903 -239.7897 3914.164 52.14967 -159.9437 3840.949 59.3348 -228.6229 3869.909 308.6093 -367.4441 3979.791 262.0422 38.48326 4011.568 239.4349 375.0939 4210.524 235.2109 468.6127 4043.145 131.2388 -363.5183 3985.77 154.1906 12.16883 3824.752 181.0506 338.5719 4046.98 159.0105 448.2578 3910.537 199.2937 -992.7039 3899.123 208.3991 -1014.419 3736.32 236.5187 -1051.911 3769.286 290.0171 -1048.743 3887.48 183.3551 -1052.614 3763.135 121.0793 -1065.176 3881.261 
125.767 215.2693 -361.6589 3946.592 211.2852 -545.062 3930.88 207.3788 -688.0724 3896.259 202.0401 -911.7077 3883.603 237.5498 -875.7032 3882.372 377.225 -833.5208 3860.545 415.385 -552.7545 3892.913 417.2073 -326.6535 3814.366 455.08 -282.716 3895.055 414.0965 -190.7032 3942.903 396.9227 -247.173 3924.118 168.6777 -873.9386 3891.148 46.21881 -827.6143 3926.899 43.45288 -544.9251 3994.125 51.31068 -335.4683 3872.386 56.55967 -231.7301 3846.698 74.22505 -141.3576 3787.24 66.11542 -223.7812 3811.41 309.2943 -363.4135 3943.231 262.186 42.81679 4001.997 236.9188 391.8128 4184.938 228.1362 507.4918 4030.275 130.4828 -360.0767 3949.623 140.6325 11.0954 3769.466 161.305 381.6606 3915.943 116.8789 445.7933 3756.084 198.3334 -993.8935 3865.2 206.4967 -1002.096 3699.771 234.6287 -1042.803 3729.575 289.1694 -1050.078 3848.273 180.9992 -1042.482 3723.641 118.6742 -1064.444 3841.61 
125.798 204.8011 -354.0726 3908.91 206.5795 -535.0397 3890.039 206.805 -675.2466 3851.279 205.807 -896.3622 3839.583 240.2162 -860.1191 3838.354 372.1978 -799.79 3824.272 411.7591 -521.2846 3841.743 415.4452 -297.2954 3765.764 430.3148 -251.9121 3851.58 413.8609 -180.3556 3933.764 392.5742 -259.3405 3884.114 172.1012 -859.648 3846.784 48.65569 -818.2312 3878.976 43.08064 -542.5428 3959.191 49.18966 -345.5164 3823.079 57.12379 -243.0625 3798.136 79.08446 -152.9595 3742.16 72.57553 -236.2462 3769.138 297.6822 -352.6975 3904.476 259.4128 47.0117 3978.506 235.3565 373.6969 4190.553 211.6103 471.0453 4027.868 121.0462 -355.3126 3912.908 137.1198 10.74067 3733.743 156.2475 399.4731 3797.049 117.7749 433.8645 3629.001 203.7646 -977.7051 3821.688 196.7042 -983.166 3658.044 227.3917 -1023.62 3684.133 291.9779 -1032.206 3795.812 174.0753 -1023.654 3683.204 123.7001 -1047.708 3804.614 
125.83 195.509 -341.5355 3859.627 199.104 -522.4919 3846.002 202.3569 -664.4172 3815.973 200.2612 -884.6215 3798.889 234.7295 -848.5925 3798.187 369.8307 -797.7209 3780.548 410.2218 -520.3448 3802.268 413.7162 -296.2653 3728.406 429.3123 -251.735 3814.26 409.0165 -178.0201 3893.248 388.9734 -257.8499 3846.185 166.8799 -848.0473 3807.333 45.45712 -803.6512 3841.779 44.54413 -526.3493 3913.63 48.04371 -318.3941 3795.985 48.25771 -215.577 3772.429 86.43104 -136.5685 3709.371 76.59766 -210.6845 3724.44 288.236 -339.8496 3861.704 257.6675 55.12178 3956.291 221.9109 369.8906 4182.458 219.6264 490.8801 4035.209 111.893 -343.0556 3857.754 136.9827 30.67082 3698.928 149.979 423.716 3691.176 116.9111 451.866 3521.283 197.6753 -965.2877 3779.07 196.2122 -979.7269 3616.235 226.3594 -1018.209 3645.439 287.0718 -1019.867 3759.218 173.2409 -1018.965 3642.753 119.1883 -1036.944 3763.265 
125.861 193.5848 -335.1683 3816.264 199.0984 -514.7489 3798.691 204.0992 -656.7964 3773.682 198.875 -875.7976 3757.219 233.6768 -840.4681 3756.532 371.3475 -805.1226 3729.686 419.6735 -532.2422 3766.954 412.7958 -313.5872 3681.975 423.0908 -264.5639 3765.548 411.9359 -198.1889 3851.713 392.6321 -278.2484 3798.935 166.1834 -838.9213 3765.431 38.99722 -808.3396 3789.851 45.96403 -540.6086 3887.041 49.00094 -354.2951 3739.528 36.37069 -251.5238 3722.652 70.21453 -149.8399 3730.707 112.991 -236.243 3681.066 285.6672 -332.8599 3821.565 261.9229 55.78452 3933.304 217.2055 360.1493 4168.33 221.2563 505.0697 4046.202 110.5501 -337.2498 3811.483 130.3738 37.16323 3659.289 143.1894 427.3691 3634.399 121.2683 467.0375 3465.984 195.1916 -956.0302 3737.694 200.0474 -966.4851 3575.507 226.23 -1007.275 3604.805 281.2886 -1015.44 3720.376 173.6283 -1004.567 3599.848 113.5605 -1021.749 3716.779 
125.892 183.6206 -325.0425 3772.632 192.8246 -506.8409 3747.339 200.208 -652.1291 3726.766 190.4956 -874.8926 3709.464 226.7536 -839.773 3710.629 371.5555 -814.4539 3701.882 405.0135 -531.9304 3711.697 405.5867 -321.896 3597.813 442.0544 -265.0995 3670.501 499.0602 -226.3532 3757.902 412.6178 -272.0879 3712.151 157.7244 -836.5754 3716.157 28.05527 -808.3434 3743.389 44.75854 -535.8151 3841.265 48.37557 -350.2336 3686.071 26.94302 -245.875 3693.619 63.68397 -153.6826 3739.675 119.5126 -217.8914 3681.915 277.1952 -321.313 3779.877 254.8035 70.36906 3906.973 221.44 387.345 4138.804 212.8443 552.5046 4039.352 99.24022 -328.4055 3766.099 133.4599 53.31987 3615.042 151.6689 451.14 3620.064 115.7159 527.8303 3464.015 185.8434 -956.4597 3689.315 197.4273 -968.3209 3524.617 228.1536 -1005.767 3555.893 280.9771 -1005.504 3675.323 174.8766 -1009.904 3549.169 112.622 -1033.636 3666.547 
125.924 179.1354 -312.1651 3722.956 187.3293 -493.314 3697.694 193.8879 -638.1254 3677.441 187.5163 -860.4393 3664.184 223.125 -824.9219 3665.008 366.8409 -797.7488 3653.655 408.352 -517.8022 3671.833 397.4726 -347.7382 3505.66 436.5552 -271.7015 3555.219 487.7551 -208.2449 3630.373 394.5777 -254.4178 3585.912 154.2734 -822.6252 3669.878 22.85477 -801.236 3691.921 22.74354 -535.4033 3805.184 20.06312 -344.4281 3658.152 5.589861 -242.2433 3684.032 37.5493 -166.3392 3755.428 75.39547 -251.1065 3583.67 271.7423 -309.8182 3736.165 247.4678 76.22212 3874.621 225.2509 361.2303 4143.762 216.5662 543.0632 4081.935 95.62764 -314.2813 3711.045 132.2705 68.83049 3568.547 149.8768 464.516 3591.866 116.99 543.1646 3436.881 184.2106 -942.1075 3645.562 173.4951 -966.6312 3482.844 206.0188 -1003.32 3512.769 273.7579 -997.4822 3623.686 152.3837 -1004.716 3513.222 105.1492 -1015.915 3638.611 
125.971 180.2462 -308.4365 3669.568 185.9844 -493.7994 3651.554 190.8425 -641.6794 3634.343 185.4684 -868.2147 3626.296 221.5224 -831.8754 3626.088 367.2916 -801.6505 3614.792 401.3485 -518.7498 3660.64 392.2487 -352.4994 3484.703 442.0814 -280.142 3533.64 479.3376 -207.4385 3611.495 411.6185 -229.7329 3502.083 151.4667 -829.7762 3631.34 18.80023 -797.3751 3645.976 19.79588 -522.4448 3750.324 26.49638 -330.7072 3597.475 30.67481 -223.3326 3584.12 66.84776 -137.2893 3644.056 81.5584 -235.4842 3527.258 274.9934 -306.4123 3678.919 252.8489 96.11436 3789.795 229.1922 347.3283 4099.626 224.1269 533.811 4040.641 94.80837 -310.2619 3661.135 129.5586 85.47703 3532.222 153.0464 478.1376 3623.361 138.814 608.0132 3499.529 182.4433 -951.7735 3609.354 190.3464 -969.3945 3442.647 220.1933 -1007.895 3474.959 276.0289 -1006.657 3595.002 165.9157 -1009.59 3469.24 104.0026 -1026.873 3590.038 
126.002 183.3953 -312.248 3622.23 187.539 -495.3186 3607.142 192.0937 -640.4625 3585.027 177.6225 -863.5034 3578.884 214.6391 -829.1821 3579.08 358.9838 -800.8047 3573.198 389.2326 -522.7267 3625.695 389.2446 -343.4594 3467.829 429.9374 -260.2481 3432.405 477.1411 -159.9877 3422.218 393.2426 -237.209 3386.118 145.615 -824.1919 3582.871 19.63492 -779.2014 3604.065 18.05496 -506.6981 3703.219 18.12444 -314.7417 3556.029 23.10609 -208.0992 3558.125 24.82874 -98.92941 3564.759 49.8087 -201.9071 3497.613 276.5698 -311.0993 3633.882 260.9574 96.28221 3695.431 244.2933 318.6685 4020.282 239.1464 510.381 3999.184 99.37573 -313.2838 3611.724 128.0884 84.94872 3510.667 150.2721 472.2842 3600.244 127.4587 545.4334 3440.12 171.5255 -945.8586 3562.821 160.9965 -962.7428 3398.529 195.8588 -999.141 3426.507 264.2004 -995.1078 3537.68 142.1998 -1003.588 3427.122 96.40192 -1023.826 3552.425 
126.034 182.568 -303.5993 3576.293 186.5175 -486.4638 3562.498 190.5253 -631.6959 3542.622 180.7793 -854.2928 3529.18 217.0104 -819.3222 3531.17 362.5537 -799.3442 3535.625 385.8495 -521.2048 3588.726 388.4184 -325.3713 3452.683 434.2057 -238.5209 3439.95 480.9792 -138.747 3425.823 384.8749 -207.2756 3423.207 147.9569 -815.8412 3533.781 18.97313 -778.575 3549.8 9.336492 -508.2442 3652.929 13.01935 -304.8284 3522.843 16.99004 -199.2441 3536.964 11.80386 -90.98551 3550.294 45.51842 -189.9034 3474.88 275.8628 -302.2717 3585.404 239.8572 107.0679 3609.083 245.8272 327.2866 3934.972 277.4136 516.1871 3914.524 98.43997 -304.7965 3568.078 128.0358 96.36077 3482.939 150.3723 466.3961 3626.407 146.1284 620.7628 3539.475 176.6852 -936.0588 3510.44 165.5135 -970.761 3349.301 198.546 -1005.308 3381.349 266.8035 -992.0051 3491.586 144.8279 -1007.143 3382.134 98.11426 -1010.978 3508.426 
126.065 182.1449 -305.7876 3533.584 184.1663 -485.9575 3512.674 185.27 -630.5121 3501.207 177.0995 -850.0513 3479.741 212.696 -815.371 3483.44 356.3404 -794.7483 3491.558 373.5081 -523.5611 3563.004 374.7349 -330.3844 3427.76 436.1674 -260.2335 3457.594 501.4242 -176.9078 3487.058 416.5929 -220.2604 3467.967 144.3624 -812.3951 3485.255 16.20282 -776.7522 3498.792 -5.366895 -528.9993 3640.603 -3.800267 -320.6917 3523.847 -5.38881 -218.4089 3549.304 0.7919152 -115.84 3582.51 3.974799 -191.0394 3498.611 274.4142 -305.7972 3542.586 228.3283 98.5612 3535.802 230.5399 325.6223 3851.646 280.7824 504.3133 3808.921 98.94166 -305.779 3525.467 117.6742 97.08616 3473.814 158.0222 458.3984 3623.296 149.8721 606.5162 3529.993 173.7653 -930.1961 3458.209 191.3346 -962.1188 3298.947 219.0036 -995.9506 3335.395 266.2968 -982.877 3454.583 166.6166 -999.1522 3326.959 99.70781 -1006.227 3441.932 
126.097 178.3393 -306.7892 3503.57 179.633 -487.3704 3486.398 181.1972 -630.6948 3464.336 171.2953 -850.75 3449.91 207.1654 -816.2006 3451.772 351.8877 -802.8408 3453.818 376.5227 -533.0142 3528.23 381.62 -320.1159 3426.918 400.9304 -225.5051 3443.109 402.0743 -123.0995 3482.894 378.1459 -193.9003 3436.289 138.9007 -812.7276 3454.938 10.27225 -776.9769 3462.497 -13.26116 -518.003 3582.265 -17.75724 -297.2772 3491.202 -46.26514 -216.2028 3552.257 -41.78214 -159.9961 3644.362 -24.30128 -174.0942 3513.1 270.8641 -306.687 3509.466 234.2562 89.30358 3422.602 235.678 332.6649 3726.097 276.056 511.7698 3675.35 94.90564 -306.8813 3498.253 120.1472 96.28082 3451.771 156.5046 448.9385 3621.615 155.1724 601.43 3535.25 167.0369 -931.5067 3430.966 194.9588 -949.4534 3270.986 219.6617 -986.9094 3305.997 258.9291 -985.3835 3428.761 167.928 -988.3652 3293.847 93.28877 -1004.389 3403.025 
126.128 178.5372 -310.9657 3467.004 181.4106 -490.8752 3448.897 183.719 -633.772 3427.062 175.2847 -852.9328 3408.956 210.82 -818.3138 3411.653 353.9954 -796.9566 3418.122 370.7582 -529.4651 3499.557 372.4607 -311.5311 3411.38 387.9949 -226.3511 3456.438 381.8669 -139.7895 3523.268 355.6643 -193.9035 3411.3 142.7246 -815.309 3414.357 14.15215 -780.6879 3420.757 -22.3127 -516.0974 3521.372 -33.60664 -289.3312 3449.74 -51.24371 -203.122 3507.204 -28.56032 -162.5932 3604.331 -28.43257 -168.7632 3475.99 270.9521 -309.5222 3467.327 241.4832 77.18301 3347.893 234.8149 349.0674 3624.368 272.3874 512.0667 3534.478 95.20268 -312.2673 3466.713 128.1331 91.07715 3443.292 160.6717 443.3076 3611.994 154.2322 559.6365 3481.796 171.6673 -933.1377 3388.701 196.3931 -958.2414 3229.675 219.4737 -995.5557 3265.646 260.2711 -991.7009 3387.439 167.7382 -994.692 3254.182 94.04387 -1002.732 3364.377 
126.16 177.7605 -311.4972 3430.299 179.3092 -490.3435 3410.145 180.4738 -631.6985 3383.283 168.6512 -850.0432 3370.686 204.5533 -816.1227 3373.059 347.5772 -798.0718 3377.194 371.5656 -533.1021 3460.492 379.6333 -304.6106 3410.716 386.3658 -210.3846 3433.373 370.3288 -111.1967 3475.656 354.7622 -193.0648 3380.394 136.8072 -811.9387 3374.588 9.496882 -774.7903 3378.414 -27.80332 -507.5262 3467.129 -40.64926 -283.0293 3392.415 -51.12281 -199.3102 3454.239 -43.66018 -157.6597 3552.681 -35.31605 -174.6861 3442.942 269.7442 -310.6442 3429.797 233.4428 63.52303 3282.151 236.5887 370.6111 3515.969 275.9085 513.6771 3398.895 94.81468 -312.2664 3430.75 133.0643 88.71657 3453.485 158.7176 452.1568 3592.723 142.4731 540.8917 3444.066 164.0077 -930.2893 3352.509 193.4901 -955.6665 3195.134 217.0678 -991.51 3231.847 254.4947 -984.9268 3353.966 165.8805 -992.8606 3219.189 90.25152 -1002.872 3327.133 
126.191 171.9457 -308.6489 3395.173 173.3669 -487.3021 3372.385 174.3038 -628.4745 3344.074 165.1135 -846.9432 3329.088 200.6265 -812.5997 3331.887 343.1039 -791.4306 3340.77 370.1047 -528.5021 3430.031 381.307 -301.3643 3374.282 383.2873 -215.7576 3420.298 365.9682 -133.4006 3489.701 341.3336 -190.087 3379.298 132.7872 -809.2419 3333.353 5.28264 -772.8431 3339.987 -26.06662 -509.3623 3441.946 -38.40754 -290.6091 3351.301 -43.59627 -213.2074 3421.569 -52.11362 -137.1497 3496.665 -43.10454 -189.4633 3413.355 263.977 -307.7047 3393.51 233.966 60.11912 3228.758 232.1235 400.6127 3411.091 272.0519 520.536 3270.405 88.95711 -309.5003 3396.672 133.0174 89.05173 3443.598 167.047 449.1192 3590.339 150.7766 537.0396 3441.064 161.4576 -927.0917 3310.024 188.0442 -943.2501 3150.814 208.8433 -983.4707 3184.617 247.3009 -988.8115 3306.565 157.6184 -979.7858 3172.436 81.90457 -991.5314 3280.254 
126.222 172.6494 -304.7917 3356.817 171.9665 -482.8676 3337.176 170.7924 -623.258 3308.834 163.8401 -840.4968 3291.758 198.8081 -806.0544 3295.46 338.8103 -776.8732 3307.94 360.6333 -514.5328 3395.753 362.7067 -308.4378 3287.267 367.0139 -212.02 3293.24 370.5269 -103.582 3295.019 352.9351 -189.9767 3256.041 131.2842 -803.3186 3295.799 6.43231 -760.2863 3296.914 -44.62812 -494.0102 3377.17 -52.73598 -285.1318 3267.922 -78.97842 -184.6309 3275.085 -67.10493 -182.2313 3381.053 -37.22205 -212.3664 3385.638 264.1035 -304.6436 3352.295 232.5687 59.00377 3183.81 240.5191 427.2031 3293.273 266.5556 522.7253 3133.305 90.18121 -304.9252 3360.896 132.7771 88.57578 3428.838 167.7782 437.5186 3595.427 134.378 522.0662 3448.133 161.2354 -920.0693 3271.996 190.2338 -939.2751 3114.423 211.9653 -977.5938 3149.334 248.8721 -978.3091 3271.171 161.0651 -976.1465 3136.538 84.89932 -987.824 3243.186 
126.254 171.2943 -294.6208 3319.152 169.9178 -472.6068 3296.115 167.7224 -612.9223 3266.217 164.1905 -830.6271 3249.068 198.6462 -795.6292 3253.464 338.6212 -769.5037 3273.608 357.5393 -507.7537 3365.331 368.4206 -295.3557 3269.359 368.7649 -198.5305 3272.302 373.608 -90.4136 3262.126 348.9342 -189.6747 3209.138 130.9769 -793.8486 3252.446 4.391953 -755.3872 3252.766 -37.62719 -487.2149 3333.722 -47.1163 -270.6599 3239.686 -52.41168 -192.6329 3308.699 -44.39097 -125.7566 3391.642 -28.83998 -197.0091 3338.628 262.6147 -294.209 3310.514 237.6539 72.32887 3145.517 231.7263 455.0184 3186.204 257.6145 536.2457 3018.126 88.9468 -294.9921 3326.942 129.9384 95.16028 3416.098 169.1975 444.5349 3582.445 150.7785 546.4999 3443.412 163.1102 -910.3732 3229.257 192.4462 -932.0182 3071.769 213.8622 -970.0577 3107.335 250.5059 -969.3148 3229.487 162.9166 -968.4429 3094.357 86.25509 -978.1273 3201.139 
126.285 170.0895 -284.2163 3280.586 168.738 -462.1075 3255.877 166.2492 -602.8621 3227.62 165.3803 -820.7643 3210.654 199.4552 -785.2646 3214.331 339.4203 -754.9461 3228.521 355.3852 -493.3564 3321.851 353.1427 -301.769 3188.401 371.1658 -220.9433 3238.796 398.305 -119.6297 3267.643 349.6472 -176.3444 3175.436 131.7128 -784.4198 3214.69 4.741594 -746.9417 3213.341 -42.064 -477.6414 3288.421 -55.37249 -250.6068 3223.715 -55.81564 -181.7255 3302.135 -66.06673 -111.0778 3381.737 -41.87735 -163.8358 3310.696 260.6776 -282.8532 3265.817 240.8283 86.3027 3105.323 231.3645 471.3457 3107.687 249.1932 531.7192 2929.906 88.40218 -285.4456 3293.904 122.7286 103.8834 3390.462 162.4931 438.7843 3584.758 138.2274 542.3636 3447.676 164.9999 -900.5909 3190.899 191.6748 -926.1033 3033.398 213.9457 -963.1423 3069.553 252.7747 -959.1021 3191.059 162.7331 -962.1176 3057.444 87.98082 -969.4791 3165.868 
126.332 171.7678 -283.6917 3238.208 170.0817 -461.7391 3212.437 167.0121 -602.1152 3181.258 163.5182 -820.65 3168.466 198.075 -785.4406 3171.515 338.0676 -754.3199 3186.185 354.7728 -493.4331 3282.715 353.8582 -301.1138 3149.604 348.4576 -204.2622 3145.131 329.0608 -116.0602 3084.157 289.2666 -205.6956 3095.139 130.2317 -783.7671 3171.757 4.597679 -741.3126 3173.08 -37.03694 -468.5239 3239.998 -47.06945 -239.7606 3179.447 -59.96484 -173.1213 3258.975 -59.79594 -119.6708 3351.791 -48.33665 -174.1254 3282.291 262.5526 -282.4461 3223.663 236.9143 87.5991 3064.311 232.7207 473.3739 3059.77 223.5825 539.9562 2883.209 89.90321 -284.815 3251.325 117.6701 101.1844 3364.755 161.0412 429.9792 3569.748 132.5444 545.6856 3443.209 162.1931 -900.969 3150.22 201.8546 -921.8343 2994.496 218.9834 -961.3915 3030.935 246.8304 -963.9991 3155.679 169.1031 -957.2595 3014.358 84.41572 -964.8988 3115.487 
126.379 178.0511 -272.4045 3190.047 176.3333 -451.6263 3169.153 172.8411 -592.9402 3140.378 171.4401 -812.0045 3125.322 205.7719 -776.3425 3128.01 345.8179 -743.1062 3141.7 348.5863 -479.5489 3234.704 338.3657 -289.7145 3097.266 333.8049 -194.1939 3078.816 318.3918 -95.75325 3033.917 271.088 -196.4903 3049.007 137.7343 -775.42 3129.725 12.52165 -731.0055 3136.17 -29.72637 -454.4095 3189.211 -40.95633 -231.9352 3106.678 -62.78796 -150.1225 3168.539 -62.68982 -119.2437 3271.428 -33.86514 -177.9054 3230.66 268.9075 -271.4344 3174.256 230.3368 99.87962 3017.447 223.3658 484.5498 3058.969 216.3696 552.9297 2882.397 96.12185 -273.2793 3204.286 125.628 116.9022 3306.687 168.4162 408.0162 3564.238 133.231 524.1816 3439.103 170.5923 -892.3787 3106.208 200.1907 -943.3903 2954.761 218.4292 -976.2581 2997.093 253.8299 -956.7668 3118.778 167.6203 -973.3054 2982.735 88.82413 -958.7308 3088.28 
126.411 180.1005 -267.0136 3141.76 176.7048 -447.7745 3121.799 172.4444 -590.7639 3095.704 172.0876 -811.954 3087.378 206.5072 -775.8053 3089.79 345.099 -735.0076 3109.015 348.9086 -464.6952 3188.356 343.0407 -265.7909 3060.607 336.6674 -171.7199 3033.253 316.9685 -65.56311 3011.364 282.824 -151.3618 2987.04 137.8995 -775.0881 3089.856 12.09417 -729.0809 3095.668 -31.74373 -451.2563 3153.13 -48.69345 -216.0264 3111.64 -52.06124 -154.9066 3197.819 -62.9574 -93.68163 3286.467 -39.32403 -144.5262 3212.756 271.9976 -267.1897 3127.721 229.7042 112.2493 2983.397 216.6595 496.9547 3046.545 216.7535 572.8487 2871.272 97.2328 -266.8549 3154.419 125.7948 130.3153 3242.019 165.2765 400.134 3526.647 135.0424 553.2419 3445.872 171.9477 -893.5348 3070.627 209.0253 -925.7659 2914.338 225.3326 -964.0633 2953.375 255.12 -960.0494 3079.08 174.8682 -958.9813 2936.975 90.45004 -957.1218 3040.483 
126.443 181.9426 -268.5007 3094.415 177.2529 -448.4678 3073.077 173.0296 -592.022 3053.6 171.0058 -812.181 3039.598 205.5933 -776.3793 3041.232 348.3946 -751.6755 3051.161 376.0063 -519.6688 3206.927 378.7264 -307.8088 3103.705 391.6532 -263.0658 3017.651 390.9678 -158.1199 3049.93 361.6406 -190.8792 3014.33 137.3053 -775.3651 3044.711 11.83276 -730.8224 3056.156 -21.48144 -453.6327 3118.77 -36.6884 -216.7063 3094.341 -27.8372 -161.5787 3183.685 -46.81815 -95.55382 3266.923 -29.41962 -139.9055 3184.098 272.8612 -268.7533 3076.563 223.6633 115.8784 2953.57 201.9424 494.2835 3040.095 205.4908 578.2095 2869.265 99.95728 -268.273 3110.513 123.3854 129.6134 3189.7 162.7295 381.9392 3488.246 144.1443 548.5177 3437.427 169.5762 -893.0234 3020.82 207.8955 -925.0471 2865.359 224.0981 -963.0807 2904.421 252.824 -958.7853 3029.924 173.8936 -958.3473 2887.696 88.97689 -956.9371 2990.229 
126.474 180.1649 -263.9764 3050.044 179.6278 -445.0073 3031.708 177.7589 -588.8508 3010.121 174.6223 -810.2068 3005.432 209.5225 -774.4213 3006.106 353.7916 -753.588 3003.002 390.1589 -502.7935 3126.354 400.3774 -267.956 3099.805 403.4377 -260.8777 3001.897 418.2674 -211.3203 3099.208 360.0614 -218.8461 2967.424 140.9429 -772.8901 3008.443 13.94093 -731.5197 3020.672 -21.65651 -454.7411 3088.471 -31.16582 -244.0376 2974.905 -66.88837 -160.8981 3029.62 -75.9866 -115.8344 3127.706 -12.12454 -172.2703 3097.107 271.2448 -262.3509 3031.327 218.3306 128.6986 2926.475 202.6691 504.8665 3029.04 203.2393 581.1132 2853.844 98.03413 -265.4423 3066.921 104.6569 138.4561 3123.289 162.7188 366.6731 3439.57 142.162 540.0451 3419.005 172.9993 -892.0674 2990.026 205.5724 -925.4452 2832.914 224.6529 -962.5298 2871.896 258.7979 -955.4675 2996.401 173.4613 -959.5023 2857.274 92.78535 -959.0024 2963.801 
126.505 182.7626 -266.4907 3007.081 182.23 -447.4743 2988.695 180.8394 -591.3812 2967.728 174.4531 -812.6304 2963.754 209.8644 -777.3608 2963.948 354.2858 -759.0923 2956.452 394.5904 -503.4802 3067.977 414.0577 -267.9399 3076.582 405.5368 -246.803 2981.075 411.1954 -139.1594 3003.891 367.5138 -227.8781 2947.169 141.3586 -774.8295 2967.007 14.74792 -733.6794 2983.091 -21.53399 -456.5626 3048.836 -44.49152 -254.2352 2922.765 -57.9264 -156.0159 2959.498 -49.40834 -91.33787 3045.944 -41.49464 -134.2751 2940.25 274.6707 -265.3385 2993.077 216.992 129.1297 2905.299 204.263 497.1123 3034.233 213.2169 582.9273 2863.803 99.88499 -267.5296 3019.708 103.2487 135.7418 3080.036 144.6161 381.6171 3385.405 123.1386 555.1469 3367.649 171.4828 -894.4847 2948.623 196.1885 -929.0342 2790.373 217.3483 -965.7262 2828.627 257.7091 -957.5322 2951.157 165.4839 -962.9885 2816.593 90.31328 -961.8815 2927.032 
126.537 188.122 -272.1705 2964.572 186.9659 -452.3285 2947.826 185.2161 -595.4105 2926.649 174.7378 -815.3176 2922.988 210.6093 -780.9198 2924.073 354.3475 -762.5379 2919.476 382.062 -504.3769 3024.991 404.8764 -286.3394 3110.265 432.1348 -244.5374 3026.319 416.7048 -145.987 2980.939 382.2928 -241.0774 2973.625 142.4751 -777.0867 2925.239 16.5941 -737.0911 2943.782 -13.28003 -460.2504 3007.15 -24.49065 -238.8499 2919.981 -52.01278 -137.89 2930.307 -35.88379 -40.85144 2974.199 -24.65834 -114.2781 2874.356 280.0868 -271.8582 2954.864 222.8818 125.3656 2893.288 199.1901 487.7649 3029.931 211.4393 578.9325 2863.684 105.1934 -272.452 2973.326 110.1779 132.9741 2983.37 145.2452 365.1193 3297.422 91.82133 530.2791 3276.779 170.6296 -896.6997 2908.033 193.7633 -922.2488 2748.75 215.2749 -960.7198 2784.522 256.5792 -959.1779 2906.269 163.5684 -957.5052 2773.216 89.86991 -962.7046 2883.664 
126.568 199.1693 -273.4657 2923.55 194.2524 -453.5702 2910.292 189.3762 -596.3234 2888.91 178.5291 -815.8972 2887.363 214.4091 -781.6035 2887.665 357.3664 -759.2903 2883.176 389.8313 -494.4427 2967.484 416.7595 -271.4383 3036.082 437.6147 -233.32 2948.789 397.7786 -132.1743 2936.334 375.048 -216.4462 2905.204 146.4075 -777.6533 2889.693 21.7805 -735.3185 2909.954 1.130389 -461.7319 2987.548 -4.532837 -244.5192 2890.833 -30.35452 -143.8948 2906.027 17.17179 -57.78037 2949.535 -6.380986 -111.2369 2877.58 291.1111 -275.3663 2915.271 228.7814 123.6271 2879.761 210.1037 478.7618 3033.486 210.2796 576.987 2871.19 116.2613 -271.7519 2931.015 107.5027 127.3265 2862.839 123.547 358.9477 3178.069 73.75772 525.8525 3166.78 174.1055 -897.277 2873.217 191.289 -933.6321 2715.545 213.1785 -970.1022 2753.006 258.529 -961.5545 2872.797 161.2754 -966.4766 2743.208 91.372 -962.7985 2855.915 
126.599 201.1226 -272.2556 2888.59 193.7687 -452.0063 2873.78 187.845 -594.7247 2853.254 177.2821 -814.0413 2846.804 213.0846 -779.7614 2848.395 355.2346 -753.1242 2846.386 389.9861 -482.9451 2909.413 416.358 -252.1294 2942.57 438.3329 -170.4787 2894.17 357.8613 -126.5194 2834.633 351.12 -205.5882 2820.211 145.1115 -775.9142 2849.465 20.06991 -734.6609 2868.65 3.392203 -463.9445 2955.813 6.118382 -243.9949 2865.875 -21.54076 -147.4501 2896.186 -5.34912 -69.50094 2824.006 14.05558 -125.0666 2806.871 293.3013 -275.9532 2887.698 241.4949 124.5186 2855.933 211.2478 466.5998 3034.592 212.957 581.9516 2884.193 118.001 -268.9212 2889.394 96.79953 121.2198 2784.237 114.1842 371.6934 3084.209 67.01382 536.6359 3052.867 173.1717 -895.033 2830.851 180.7652 -941.2723 2675.166 208.6945 -972.9496 2712.898 262.5447 -951.964 2827.406 156.0988 -974.3293 2707.4 95.4706 -968.1641 2825.129 
126.63 195.8813 -274.1036 2852.376 190.7567 -453.4566 2838.438 186.7559 -595.4213 2815.417 178.8152 -814.2286 2810.578 214.0973 -779.5897 2810.511 355.6649 -756.4872 2795.697 385.7077 -486.7751 2859.415 409.892 -259.21 2908.09 446.5908 -179.1788 2867.06 393.6423 -140.2916 2780.082 369.0439 -181.7935 2799.654 146.3858 -776.6147 2814.351 21.87605 -737.4404 2838.051 1.845624 -466.9835 2922.474 -1.302981 -246.5352 2835.714 -5.039137 -188.2814 2922.496 -47.12362 -142.149 2835.435 1.825418 -135.8706 2826.114 287.8216 -276.7637 2852.802 241.2436 124.1953 2840.657 217.1353 457.1783 3034.292 219.0431 581.0845 2891.615 112.9747 -271.7049 2851.993 105.176 113.2897 2731.773 115.2318 405.0533 2990.378 82.8232 560.9855 2920.624 175.117 -895.1135 2795.28 177.8109 -936.8034 2638.661 206.7313 -969.4756 2674.495 263.9502 -951.8685 2787.498 154.1471 -970.6271 2670.595 97.35271 -967.7329 2789.903 
126.662 192.3352 -273.2369 2820.129 188.1843 -451.8816 2803.966 184.9728 -593.4048 2780.82 175.9365 -811.3821 2772.008 211.2537 -776.9948 2771.649 352.4616 -753.4244 2758.468 386.6827 -482.1224 2808.087 415.2886 -254.3071 2849.212 415.4695 -197.1315 2771.05 425.2671 -121.8516 2693.293 388.7181 -178.3917 2741.616 143.8901 -773.8323 2777.372 21.28653 -732.9968 2805.541 3.682369 -463.6615 2891.195 2.527619 -252.2003 2785.941 -13.71112 -161.4334 2834.626 0.749467 -100.6415 2747.996 8.002021 -138.8304 2716.135 284.008 -275.4286 2820.811 240.9469 124.7811 2829.645 224.6939 451.8424 3031.685 224.7867 577.6793 2891.463 109.6698 -271.2605 2819.515 97.67485 97.79644 2660.127 117.3656 420.394 2876.293 92.10088 565.2496 2784.496 171.4701 -891.6959 2755.312 191.5946 -939.7751 2602.343 215.4967 -971.1914 2642.472 259.3324 -949.6736 2760.244 163.8691 -971.8353 2632.522 93.83875 -963.2664 2743.81 
126.693 187.5352 -268.2218 2783.642 183.762 -446.0198 2767.604 181.3532 -586.3275 2741.422 174.7103 -803.3026 2731.736 209.4503 -768.6741 2730.952 350.4111 -749.8434 2715.263 388.2854 -482.5162 2775.252 404.0509 -251.5885 2757.607 402.2018 -207.649 2671.85 414.7134 -136.9111 2591.008 400.3036 -203.3134 2628.909 142.4853 -766.3312 2737.797 19.59313 -729.8641 2767.673 3.711238 -463.5802 2858.555 0.4332406 -256.5756 2747.205 -9.024223 -153.456 2753.922 10.31286 -105.1342 2661.233 18.7124 -150.7707 2674.774 278.6868 -270.5019 2787.474 250.3018 128.4663 2811.219 222.249 446.8544 3022.111 237.8028 588.3901 2900.118 105.3398 -266.1657 2780.185 95.32571 98.4571 2615.414 116.8575 450.1393 2775.384 100.4411 572.3671 2654.757 170.904 -883.1967 2714.803 185.9545 -918.1282 2558.537 211.3333 -952.3462 2594.915 258.8601 -940.2449 2711.935 159.6461 -952.6711 2586.751 93.79069 -953.9896 2700.142 
126.74 184.7757 -256.8737 2750.669 185.2166 -435.4476 2733.023 185.9314 -577.1506 2710.672 176.8554 -794.9696 2698.123 212.1417 -760.5429 2697.682 352.4796 -736.2369 2677.973 397.7808 -468.8416 2738.835 399.592 -249.0816 2660.574 396.4418 -204.6638 2574.564 389.793 -130.4847 2495.411 382.2929 -179.1106 2554.867 144.8947 -757.5488 2704.795 21.7903 -716.9744 2731.176 3.741063 -448.82 2820.478 2.35257 -248.5966 2695.107 -9.250189 -145.0372 2691.11 9.173353 -75.17036 2612.424 12.68902 -135.1248 2635.666 276.4007 -257.0432 2754.674 256.6292 140.7696 2813.778 209.8418 453.5729 3032.991 262.8236 582.5093 2906.208 102.1534 -256.7209 2747.058 96.15285 107.256 2575.958 119.7516 480.9211 2681.024 96.03885 568.5914 2533.352 172.1077 -874.9846 2680.075 192.4585 -917.8622 2525.577 213.7764 -952.2037 2564.764 256.4681 -938.0365 2684.077 162.3905 -949.4973 2553.917 90.8014 -941.4937 2664.27 
126.772 179.0215 -247.3661 2707.704 181.3084 -424.561 2691.971 183.5452 -565.3973 2672.25 175.5641 -781.2339 2657.342 210.303 -746.865 2656.328 347.882 -715.3842 2636.272 397.3457 -450.0815 2692.007 387.4577 -247.6707 2580.534 388.942 -199.5183 2497.47 382.7535 -122.801 2422.06 372.7115 -175.8108 2477.381 143.8466 -744.4329 2665.338 21.04519 -706.7967 2691.828 2.614738 -446.2845 2794.943 -7.914098 -234.8569 2694.721 -17.87396 -134.4601 2672.118 16.58332 -86.39212 2584.256 17.07215 -144.8701 2601.29 269.7926 -246.6627 2712.977 256.7003 142.1279 2802.662 196.3719 443.4531 3028.773 263.5918 576.7097 2916.416 97.16916 -248.0003 2702.949 95.32034 119.7879 2548.811 115.4619 503.9492 2574.418 90.60804 576.4147 2420.555 170.8459 -860.364 2638.59 185.9335 -906.0159 2485.734 208.8058 -939.0019 2524.517 255.2157 -921.9696 2640.867 157.4809 -937.0428 2515.56 90.41213 -927.3994 2627.271 
126.803 179.2545 -248.532 2666.216 178.5163 -423.5882 2651.873 178.2134 -562.5328 2631.579 168.7945 -775.7783 2620.419 203.1839 -742.0435 2617.591 340.1387 -715.4265 2599.082 385.6728 -449.8428 2636.65 375.1448 -262.1311 2507.052 381.5716 -220.7562 2421.997 373.6498 -153.2645 2340.148 371.2758 -199.146 2397.358 137.9735 -739.1687 2628.951 19.92753 -694.0942 2657.186 -1.890106 -435.9404 2755.813 -15.46668 -218.538 2678.208 -24.95039 -139.1476 2614.751 22.07031 -78.41364 2543.797 2.350759 -142.7155 2572.971 268.9777 -249.1438 2669.065 255.688 131.6123 2770.028 200.6105 417.8201 3008.64 263.5155 574.4114 2934.208 98.34705 -247.9804 2663.646 93.66009 117.294 2516.8 115.1821 497.0964 2503.694 102.0039 570.9909 2351.503 163.0705 -854.1465 2603.289 192.4793 -893.1018 2452.805 209.5609 -928.2543 2491.653 243.3054 -918.4822 2611.417 160.2478 -923.787 2477.586 82.91241 -916.3486 2580.558 
126.835 173.2923 -240.105 2622.71 174.2386 -412.775 2606.892 175.1158 -550.4854 2591.051 165.6558 -760.8429 2577.459 199.7434 -727.5977 2575.974 336.6224 -706.542 2564.813 376.7672 -443.5228 2601.494 362.3593 -278.0905 2449.047 379.7722 -220.4981 2377.362 389.6879 -135.9345 2315.882 364.2468 -208.9126 2344.167 135.0888 -724.7197 2585.436 15.67635 -686.7072 2610.595 -2.663873 -433.0472 2711.648 -5.569983 -218.9734 2632.438 -21.71887 -146.8712 2563.919 -6.098428 -60.56718 2509.481 9.065671 -144.3203 2528.136 261.8495 -239.9276 2626.072 254.6553 135.8789 2726.624 223.6547 389.2216 2997.051 272.9768 559.1129 2953.961 93.43632 -240.2649 2619.678 97.52235 121.9004 2478.657 115.8703 496.3116 2452.615 105.4272 583.4467 2309.92 160.3023 -838.0031 2559.546 190.1242 -887.7473 2414.538 206.6243 -919.4806 2455.528 239.2326 -900.962 2572.894 158.0461 -915.9915 2441.03 81.09467 -900.6965 2541.331 
126.866 171.5246 -236.6696 2577.242 168.5785 -408.8548 2562.135 166.4482 -545.7393 2543.212 160.0404 -755.8228 2534.282 193.4756 -722.2064 2531.497 330.1186 -700.5743 2524.567 374.9186 -439.1486 2561.317 365.0761 -283.7638 2399.244 373.3469 -230.4755 2323.1 367.5652 -152.2413 2253.755 364.9226 -210.2817 2297.212 129.1528 -720.112 2542.006 12.3202 -680.915 2574.448 -2.563011 -425.3687 2668.863 -12.40503 -211.3497 2592.085 -29.37807 -126.6701 2540.758 -11.77473 -42.71634 2483.894 -7.656317 -122.9398 2498.252 259.8195 -238.4177 2579.947 239.5432 138.4657 2669.543 227.3119 399.3003 2932.708 261.3537 577.2814 2943.494 91.90529 -235.0933 2574.803 99.42736 126.1749 2434.858 121.8428 500.1282 2433.022 113.9641 613.0667 2310.234 155.5891 -833.1879 2518.156 191.3754 -877.483 2373.238 207.119 -910.0533 2413.646 235.1676 -894.6547 2532.245 159.1466 -907.1497 2397.619 78.7151 -896.7518 2495.296 
126.898 163.4544 -225.3218 2532.407 165.0849 -398.592 2517.951 166.6317 -536.6816 2502.07 158.58 -748.0835 2497.833 192.5668 -714.6202 2495.145 330.2647 -694.8309 2487.44 370.9495 -433.2094 2536.822 359.42 -278.7212 2372.2 366.445 -226.8795 2294.284 362.1222 -148.7347 2223.817 356.1179 -206.0232 2269.464 127.6327 -711.741 2503.934 8.648724 -671.4846 2529.446 -13.43147 -415.7796 2626.594 -25.06823 -190.0869 2590.137 -41.68328 -107.7147 2534.013 -12.53862 -70.15491 2442.06 -27.45621 -111.6272 2492.186 252.1796 -224.9066 2537.438 228.1797 156.8507 2614.413 229.0628 391.063 2904.57 254.8027 571.1238 2920.49 83.44695 -225.6962 2527.87 100.4779 135.6494 2382.779 126.2702 509.1975 2425.028 119.6814 615.2231 2294.891 153.8539 -826.2198 2483.312 183.1864 -863.8621 2334.147 201.9515 -897.8015 2372.513 236.036 -886.3958 2490.726 152.8577 -895.5284 2359.049 77.0276 -891.2258 2461.703 
126.929 156.6974 -221.0445 2488.094 160.1829 -395.986 2474.26 163.2886 -535.5291 2459.831 158.3645 -749.0472 2456.802 192.2571 -714.7912 2455 331.0533 -693.3124 2447.621 358.8699 -428.1054 2500.613 344.188 -256.6018 2350.811 367.4126 -203.5455 2275.84 376.3463 -124.497 2205.321 348.5524 -189.9599 2247.14 126.4136 -712.7796 2461.648 1.545034 -681.82 2475.426 -22.48026 -429.4048 2587.002 -33.1897 -198.6031 2590.498 -67.88357 -109.7238 2554.417 -33.22317 -66.13732 2465.999 -40.12886 -96.87012 2554.856 245.9895 -219.9423 2496.653 226.0622 167.9746 2561.867 222.4146 391.9049 2864.404 245.5942 572.0692 2895.617 76.17883 -222.0384 2480.375 98.69325 147.3062 2346.684 125.8738 520.8812 2412.914 114.2866 624.5521 2279.219 155.2186 -828.0782 2442.553 160.4554 -861.2134 2288.061 186.8504 -895.6009 2322.021 240.3789 -885.5792 2434.226 135.664 -894.9868 2316.97 77.50745 -896.2382 2432.002 
126.96 158.3746 -218.8653 2447.882 159.4551 -394.4911 2435.495 160.6163 -534.7059 2423.221 156.7873 -748.88 2418.642 190.6483 -714.3463 2417.804 329.3893 -688.9725 2414.658 352.9407 -422.6474 2468.426 344.5747 -239.8486 2330.923 363.7106 -186.1472 2254.892 384.229 -104.6144 2189.296 346.3435 -159.7093 2236.471 124.4626 -712.6859 2423.048 -0.40479 -680.5322 2437.831 -24.4088 -423.2602 2540.058 -33.83457 -193.8557 2508.245 -81.90694 -121.203 2561.912 -46.73623 -50.7812 2492.699 -51.3198 -79.15823 2540.79 247.6626 -219.1047 2459.064 228.6481 164.4006 2552.086 221.2908 396.4682 2849.837 232.7688 580.9932 2849.985 77.85973 -218.6494 2437.798 94.81361 157.6154 2319.931 130.5018 525.6191 2414.165 118.5156 627.2589 2278.297 154.3291 -828.0706 2403.753 152.3958 -860.5168 2248.539 180.6026 -895.057 2281.136 239.5125 -885.3152 2391.077 129.0735 -894.6513 2278.504 76.26212 -896.7449 2396.511 
126.992 155.8396 -219.3018 2406.76 157.0603 -393.2468 2395.985 158.2198 -532.1854 2385.607 153.6639 -744.1373 2379.53 187.3064 -710.0701 2378.974 325.8725 -692.9474 2381.807 345.4221 -429.4608 2437.204 345.615 -238.9682 2314.529 363.2964 -169.543 2253.568 357.3346 -82.28609 2194.466 352.3732 -140.0336 2238.137 121.7934 -708.2262 2384.128 -2.628498 -679.5131 2398.257 -33.90194 -424.1325 2495.532 -46.19735 -196.8245 2466.814 -76.60048 -129.4138 2536.024 -57.78878 -46.84669 2476.073 -40.71883 -74.74895 2483.535 244.4355 -219.2513 2415.982 224.2433 170.8445 2396.913 237.1752 369.7984 2713.051 229.1355 527.8111 2805.028 75.94877 -219.3473 2398.444 94.60892 158.2747 2300.105 126.8867 520.7399 2401.22 120.3333 638.7338 2281.28 150.9575 -822.4074 2364.221 155.8757 -870.7792 2214.965 181.2202 -901.897 2252.101 234.2512 -881.8759 2362.209 130.4363 -900.6902 2246.787 72.342 -889.1006 2360.246 
127.024 149.5934 -219.7421 2373.34 154.7706 -395.9258 2363.981 159.1225 -536.4431 2351.821 150.8843 -751.0343 2347.343 185.5314 -717.1165 2346.456 326.0992 -701.5525 2345.27 345.7372 -438.3246 2416.506 342.5415 -245.9058 2291.521 355.8817 -155.2297 2265.521 351.5757 -48.6789 2257.967 342.3109 -123.7155 2260.927 119.2321 -714.0911 2351.771 -6.717384 -683.1322 2362.13 -42.3437 -423.9585 2457.859 -58.49046 -196.1423 2415.001 -71.03793 -128.8157 2491.368 -74.74327 -42.9325 2430.934 -44.75761 -78.1778 2391.69 239.6716 -217.3222 2377.613 221.0231 175.2262 2328.269 244.9208 381.2711 2644.903 244.7161 552.9001 2714.88 68.36594 -221.9243 2369.486 91.11618 163.1501 2281.512 131.1514 519.3786 2414.972 111.3149 629.0169 2285.876 146.7814 -830.3642 2332.46 163.5134 -871.7932 2179.888 185.2631 -905.7863 2217.809 229.761 -892.482 2334.316 134.5051 -903.0227 2208.232 66.42354 -895.63 2318.293 
127.055 147.4651 -218.577 2341.044 151.9482 -396.121 2332.113 155.799 -537.5688 2318.407 149.7284 -753.853 2314.849 184.3127 -719.3455 2314.787 325.5933 -700.9396 2316.691 340.4623 -438.0326 2397.484 336.7019 -240.8976 2276.784 352.4531 -146.5725 2268.615 340.9832 -39.59399 2263.725 339.3056 -114.4739 2263.03 117.3642 -716.9268 2318.171 -10.92558 -690.1978 2321.316 -43.10601 -429.2749 2419.552 -54.24897 -201.203 2367.922 -80.63751 -136.0371 2443.664 -99.63517 -68.18684 2364.653 -48.95686 -90.34705 2344.171 238.2445 -216.4781 2344.89 219.6321 172.2909 2256.919 232.1656 398.4611 2563.707 234.5804 583.1824 2590.911 65.60522 -220.4696 2337.577 87.82915 171.698 2269.792 132.6219 526.2408 2414.007 109.0758 635.3868 2283.438 146.8095 -833.889 2300.183 173.7123 -875.4936 2147.873 191.7024 -910.5474 2187.371 228.1219 -898.9944 2307.815 141.5251 -906.1677 2173.996 65.18698 -897.0869 2279.566 
127.086 145.6359 -213.1419 2309.698 151.9338 -392.0513 2303.741 156.991 -534.4534 2289.546 148.3077 -752.1543 2282.951 183.5562 -717.8378 2284.236 327.0028 -713.4493 2285.97 334.0223 -442.7802 2346.52 338.7327 -226.1116 2261.324 348.0582 -130.768 2274.335 329.3687 -24.33715 2283.954 337.9321 -98.99569 2262.452 116.0898 -714.5987 2285.95 -15.12402 -700.6774 2290.723 -36.60746 -434.0799 2382.274 -51.63642 -206.9916 2320.53 -90.14033 -141.0983 2391.32 -98.02237 -79.73282 2304.469 -53.3356 -90.48683 2314.308 237.1253 -209.9356 2310.127 221.553 172.1036 2186.206 225.8922 418.1134 2481.187 240.8335 602.3169 2446.214 63.13581 -216.0332 2309.31 87.71375 181.1692 2256.097 128.2575 529.3566 2422.819 115.0302 625.0219 2279.223 144.7635 -832.5339 2267.052 162.2051 -874.9325 2112.371 183.1103 -909.9381 2151.044 227.4637 -897.5088 2269.695 131.7731 -905.937 2140.846 61.83902 -896.8521 2251.89 
127.134 153.63 -216.5622 2278.879 157.3473 -394.8417 2272.124 160.061 -536.4311 2254.9 151.4048 -753.1216 2243.66 186.5086 -719.0075 2246.399 328.9819 -711.3332 2255.732 330.2966 -441.8799 2317.318 336.4384 -220.1458 2249.384 349.4863 -131.0625 2283.595 334.9142 -32.56757 2325.636 340.4418 -97.20993 2261.115 119.2769 -715.7408 2246.733 -10.98635 -700.6893 2257.115 -40.48624 -433.4026 2340.813 -66.26514 -210.1774 2272.285 -84.94434 -138.3599 2344.727 -101.4418 -79.71451 2257.697 -56.45347 -96.10816 2255.138 244.7928 -214.5919 2277.044 219.4595 155.6152 2126.56 217.2616 435.5882 2387.437 238.7645 609.3267 2320.62 71.4245 -218.339 2280.533 90.08817 180.0371 2249.81 128.6579 523.0073 2424.245 122.3419 623.1515 2284.055 148.1596 -832.8506 2226.095 160.168 -884.8813 2074.5 181.6108 -917.6536 2114.506 229.5678 -898.7261 2230.352 130.2494 -913.4109 2105.627 64.13219 -896.2843 2217.473 
127.165 155.2385 -226.4375 2251.202 157.0271 -403.7585 2243.243 158.4866 -544.6353 2226.216 151.3206 -760.3936 2218.545 186.0055 -726.1926 2220.915 327.4976 -712.2734 2224.991 331.4437 -446.1894 2294.148 333.7404 -225.5423 2226.587 350.182 -139.2292 2264.785 342.71 -47.49276 2320.347 328.8407 -109.8755 2212.896 119.1068 -723.372 2220.798 -9.641245 -700.1563 2223.343 -39.01505 -434.0307 2305.811 -54.48398 -213.9171 2228.854 -89.44001 -134.4093 2284.517 -94.5957 -68.15584 2202.35 -56.81835 -95.21873 2206.814 245.9568 -225.5371 2251.529 224.6867 129.5818 2072.368 220.7126 451.5462 2275.432 237.595 618.9151 2195.141 73.43379 -227.2494 2250.907 91.92031 170.214 2251.271 128.0669 518.6038 2410.314 112.9173 630.6876 2281.402 148.7044 -840.0001 2202.365 155.7578 -875.9716 2046.743 179.1519 -911.9764 2082.209 230.9012 -903.9087 2196.955 127.6948 -907.9566 2075.714 65.94755 -903.648 2190.445 
127.196 156.0656 -224.7845 2217.817 157.6263 -402.2904 2213.371 158.457 -543.3301 2197.277 152.6323 -758.9432 2184.225 187.1257 -724.5633 2187.086 326.7626 -697.2612 2187.501 332.4543 -437.225 2276.937 328.0068 -231.5853 2172.136 349.5606 -157.3576 2228.803 353.5902 -86.47166 2309.583 320.7167 -113.3194 2192.34 120.19 -722.2005 2187.761 -7.801324 -695.3174 2193.107 -38.64886 -427.9911 2271.366 -57.15942 -209.1387 2191.307 -91.87017 -132.5582 2251.136 -95.26846 -75.67579 2162.098 -49.31176 -109.0796 2225 246.7673 -223.913 2214.861 223.6274 132.6481 2038.52 218.353 483.7608 2185.835 227.1125 628.3198 2068.39 74.27593 -225.5704 2220.482 91.69887 170.8472 2251.714 131.9934 520.873 2406.422 106.886 636.4661 2282.171 150.365 -838.1591 2166.06 149.224 -874.8756 2010.4 177.3498 -908.9556 2044.327 236.1398 -896.4992 2155.274 125.3993 -908.4339 2041.351 71.42553 -907.3099 2160.058 
127.244 149.4465 -214.0584 2186.547 154.2218 -392.5208 2183.057 157.3667 -534.3792 2167.437 149.5199 -751.0399 2152.841 184.5202 -716.8124 2156.019 324.7495 -689.0502 2162.006 323.0187 -423.4823 2239.26 320.9647 -227.7566 2114.46 327.9893 -132.4912 2127.249 329.8022 -32.93333 2169.45 295.3501 -112.099 2056.999 117.2343 -713.8144 2156.582 -10.22413 -681.3821 2161.826 -36.68639 -414.133 2247.249 -52.3769 -203.9376 2143.169 -93.36098 -124.395 2195.72 -85.98505 -65.30301 2107.664 -58.98849 -90.49052 2163.414 240.5555 -211.5303 2181.931 228.1896 143.0936 1995.825 222.7071 514.8334 2087.552 225.5769 628.671 1938.59 67.28946 -216.3382 2190.709 95.42452 179.6854 2241.45 137.4964 527.8002 2405.101 112.7006 633.3892 2270.951 146.5362 -830.5492 2134.034 154.0604 -872.2911 1978.899 177.3815 -907.2759 2015.919 229.0732 -895.1903 2131.162 125.6521 -903.3409 2009.07 63.1661 -894.7571 2124.04 
127.275 148.4497 -206.0772 2155.643 153.7922 -383.7922 2151.931 156.9707 -525.0682 2136.334 147.8328 -740.6522 2119.805 182.9053 -706.7874 2122.996 322.8242 -680.4156 2128.646 328.1708 -419.8799 2217.916 327.7845 -224.4398 2094.411 333.2903 -128.6181 2093.469 304.9386 -60.04046 2015.402 305.8515 -104.1861 2026.337 115.918 -703.4401 2124.161 -11.64752 -674.4056 2132.432 -37.55029 -407.5244 2215.367 -51.61691 -192.3964 2124.074 -99.35381 -111.3716 2166.936 -81.0118 -48.3494 2083.868 -61.99063 -69.29319 2106.625 238.9712 -203.1961 2147.993 233.4026 153.0435 1968.256 226.7296 533.6115 1992.076 225.5455 630.9036 1832.689 66.82255 -208.6751 2162.541 94.2505 183.6951 2227.3 139.4675 520.9951 2408.143 108.9463 632.1793 2280.765 144.2613 -819.6373 2100.345 162.3578 -869.1082 1949.081 184.1793 -901.2402 1989.133 228.1535 -881.6077 2105.963 133.0932 -899.22 1979.023 63.71875 -886.4589 2088.937 
127.306 150.2064 -195.2796 2124.873 155.0201 -372.4058 2119.912 157.6388 -513.3688 2105.604 148.0186 -728.0681 2087.072 183.0637 -694.3784 2090 323.2296 -671.7158 2093.73 331.1653 -414.6288 2189.812 332.0207 -216.6049 2071.946 349.8583 -122.7743 2066.346 304.1461 -66.35328 1987.267 318.3231 -94.94415 2001.116 116.3257 -690.9944 2092.343 -10.83408 -662.7812 2102.744 -37.1393 -394.9418 2179.149 -50.97804 -181.0114 2086.945 -85.45456 -100.1492 2140.655 -78.82569 -42.70712 2052.378 -58.98449 -60.39011 2093.13 240.1481 -192.5405 2114.349 234.2467 164.2849 1938.682 223.0685 543.6894 1917.822 217.0595 631.0586 1753.573 69.10195 -197.7496 2134.364 94.10194 193.2535 2200.464 149.9671 516.8432 2399.795 100.0876 633.2871 2284.551 144.0416 -806.5909 2066.929 168.0372 -864.3159 1920.019 185.8212 -895.2899 1962.647 223.9339 -871.974 2080.415 135.7226 -891.3275 1949.492 61.22138 -869.7231 2054.037 
127.338 151.7515 -184.3381 2090.386 156.7903 -359.9603 2084.838 159.8701 -500.0215 2073.801 151.1023 -712.5698 2051.33 185.7244 -679.0132 2054.086 326.1977 -670.0336 2059.123 338.9714 -418.783 2163.264 347.6178 -199.4835 2099.571 346.7626 -143.7746 2022.776 295.3488 -86.90248 1948.904 297.6306 -152.4232 1973.72 119.5994 -676.1124 2058.047 -5.962737 -649.7448 2076.184 -31.37105 -382.1373 2144.797 -50.0718 -166.2346 2063.613 -81.79626 -83.56079 2114.548 -69.80537 -37.68277 2021.26 -54.88274 -44.4307 2059.234 240.653 -181.3889 2077.767 234.516 173.8321 1906.392 220.7047 548.2763 1865.072 212.0647 632.8181 1701.214 71.58509 -186.9976 2101.764 93.11755 199.6952 2174.285 149.7967 501.4626 2399.753 110.8648 628.2201 2293.649 147.125 -790.041 2029.875 160.9651 -848.7104 1883.473 183.3067 -878.0023 1924.513 229.7611 -851.4766 2037.386 132.5909 -876.2499 1915.646 66.82737 -856.0367 2024.879 
127.369 144.5381 -181.1348 2054.378 153.9616 -355.6055 2050.839 160.2072 -494.7531 2039.948 155.7348 -706.6717 2022.658 189.4756 -672.5603 2024.465 327.135 -647.3345 2029.208 340.389 -396.3888 2129.842 344.211 -183.4965 2050.588 346.0264 -121.3127 1979.685 283.5779 -81.69587 1903.96 304.1815 -124.1844 1929.527 123.7042 -670.9231 2028.603 -1.335561 -643.6953 2043.41 -27.1293 -378.5298 2114.807 -42.25584 -161.3146 2040.491 -68.35532 -81.80698 2098.043 -57.52196 -29.57671 2008.718 -36.01784 -63.19328 2084.975 232.6303 -176.0956 2040.512 231.9415 179.7731 1875.759 224.616 550.9174 1824.198 214.7013 654.4002 1672.971 65.10152 -185.679 2066.881 92.28648 197.4882 2143.69 141.2001 481.9524 2388.881 119.6063 624.2299 2300.575 153.2801 -784.2429 2003.175 168.0964 -835.7064 1855.16 191.7868 -865.6367 1894.519 237.845 -842.2643 2007.45 141.2632 -865.5291 1886.129 76.06353 -852.7106 1995.933 
127.4 150.8213 -173.1983 2015.385 158.6133 -347.1407 2011.438 163.8682 -486.032 2003.216 160.4491 -697.2563 1986.147 193.9002 -663.0795 1987.724 331.7624 -642.5245 1994.519 336.4987 -389.7654 2088.675 337.0315 -200.6461 1964.179 344.5394 -110.3069 1939.303 267.5413 -91.58723 1869.677 296.1923 -99.06802 1876.698 128.3725 -661.7992 1992.241 2.987176 -638.9062 2007.614 -22.31164 -375.6331 2082.46 -37.53304 -157.688 2012.891 -57.42854 -77.88984 2071.888 -52.80518 -10.79872 1992.973 -38.25418 -44.1808 2044.026 238.1569 -168.9081 1998.731 233.5446 187.3311 1838.089 223.3986 560.0432 1816.151 219.2028 673.9528 1673.137 72.06693 -177.067 2030.402 93.23783 204.0408 2112.339 154.7357 477.3822 2365.225 113.4983 632.7517 2315.509 158.304 -774.5864 1966.796 176.4294 -836.7885 1823.934 200.5466 -862.6344 1865.599 244.3657 -829.0457 1976.356 150.319 -864.8678 1856.808 83.70711 -845.7094 1964.304 
127.431 157.7836 -165.2948 1976.772 163.7538 -339.5132 1970.768 168.3368 -478.7596 1964.943 164.8129 -690.49 1950.381 198.3284 -656.2569 1951.491 335.7836 -631.5721 1956.979 342.2223 -377.6125 2048.944 337.4719 -192.1914 1918.497 335.9876 -103.4689 1887.046 248.7334 -78.16073 1833.133 296.8648 -87.70219 1832.41 132.7107 -654.8981 1956.118 7.78658 -629.9669 1973.554 -17.88441 -366.7114 2049.844 -33.12846 -148.9188 1978.681 -53.41438 -72.91573 2042.612 -48.75519 5.82809 1975.081 -32.78166 -33.42281 2009.51 245.3908 -161.7375 1960.663 233.257 192.7143 1795.101 219.706 566.3919 1805.138 214.915 679.8278 1661.415 78.78443 -168.5026 1991.298 92.5737 214.1733 2070.251 147.7843 462.0997 2350.185 110.927 621.2985 2309.02 162.6043 -768.1617 1931.929 183.9391 -834.2844 1791.026 207.4708 -858.8102 1833.913 248.9807 -821.7559 1944.664 157.3627 -861.6752 1824.223 88.4635 -840.0013 1930.015 
127.463 162.0171 -161.087 1942.63 165.4396 -335.5109 1933.641 167.5367 -474.8237 1924.095 166.8149 -687.258 1916.2 199.9457 -652.5438 1917.024 336.7715 -625.1302 1927.977 344.8416 -366.7492 2007.917 337.5963 -194.9581 1859.554 340.1064 -101.6624 1846.152 247.6676 -79.74623 1799.578 293.5696 -80.63984 1785.937 134.1235 -651.8472 1920.032 10.86055 -619.0402 1937.691 -13.287 -356.8968 2019.609 -24.23694 -137.4497 1951.686 -44.24922 -67.66999 2022.656 -32.55897 9.511418 1953.94 -20.31337 -21.99207 1987.936 248.1909 -158.2018 1919.455 226.6748 199.6253 1760.846 221.6944 572.3478 1798.234 215.5564 691.884 1659.229 84.31038 -163.6886 1963.528 96.68248 226.3895 1995.392 128.2349 435.4649 2309.406 115.4611 603.7516 2309.449 165.9536 -765.6141 1900.163 193.4754 -830.597 1759.535 215.1534 -855.539 1803.258 251.8376 -819.4086 1916.206 165.4412 -858.3178 1791.348 91.87473 -837.5356 1894.376 
127.494 169.0239 -167.3415 1906.987 173.0951 -340.7553 1899.819 175.1587 -479.1317 1889.28 171.3418 -690.2097 1881.154 204.7688 -656.193 1881.885 341.0668 -629.3016 1889.037 366.8972 -377.6538 1980.254 366.3666 -164.8959 1904.923 355.8572 -115.0398 1826.281 298.9789 -66.59186 1752.295 318.3042 -117.4104 1783.528 139.3829 -654.5547 1885.141 19.40977 -614.1105 1903.805 -10.55524 -353.6286 1983.353 -20.39516 -132.9299 1924.751 -35.52624 -68.75546 2001.119 -28.68063 5.196661 1929.241 -2.902105 -18.78267 1949.775 255.1416 -164.4443 1885.81 223.8362 194.208 1736.962 221.8547 563.3188 1785.636 218.5435 696.6667 1661.371 91.36781 -169.954 1926.083 95.28316 218.3936 1950.811 119.2327 436.3599 2256.531 116.5347 600.2612 2292.053 169.2899 -768.0387 1865.115 182.7125 -830.5526 1722.415 207.4879 -856.5712 1763.353 254.5417 -823.4947 1872.489 157.1785 -858.1177 1755.926 93.91526 -837.9004 1864.76 
127.542 176.6084 -164.4445 1876.297 180.0199 -338.9112 1870.448 181.1277 -477.9387 1858.062 178.4271 -690.2105 1849.256 211.8645 -655.8355 1850.398 349.538 -631.8156 1856.836 367.5047 -374.1498 1936.996 368.9806 -154.7076 1878.981 362.5677 -99.95284 1802.552 296.1097 -64.74037 1728.214 325.3912 -107.4522 1754.073 146.0716 -654.5247 1853.072 24.3216 -616.8312 1870.981 -3.175488 -355.9444 1955.336 -10.61812 -133.6585 1897.293 -11.29676 -79.47124 1983.077 -13.10319 -1.129709 1914.787 17.37561 -22.20102 1883.417 263.9364 -162.1266 1858.09 228.3278 199.8229 1712.404 220.1113 566.9653 1785.462 219.2292 699.5194 1658.803 97.86089 -166.5347 1892.714 96.34933 224.8162 1896.171 121.5595 421.9816 2218.124 118.2084 587.1235 2252.343 176.9036 -768.4454 1832.888 179.3226 -829.5543 1688.007 206.8586 -856.5077 1726.941 262.3388 -825.1631 1833.392 155.8417 -857.4593 1723.131 100.5098 -837.9336 1837.143 
127.573 185.6978 -166.4524 1851.761 185.4376 -341.0024 1844.387 183.816 -479.9943 1830.748 178.1167 -692.2775 1820.583 212.0578 -658.3741 1822.133 349.8203 -633.7165 1825.313 374.4005 -373.1868 1894.238 379.3094 -152.6326 1840.217 368.4648 -69.65635 1796.754 321.6561 -29.83325 1710.617 340.4574 -70.93311 1734.424 146.2354 -656.132 1824.441 24.8188 -618.4588 1845.028 6.007891 -355.9357 1927.219 2.783132 -133.7675 1867.791 -0.7917774 -68.13667 1945.175 3.579741 14.00613 1881.527 25.08844 -21.6426 1832.097 273.5421 -165.9074 1835.763 230.7624 197.1637 1694.204 222.6948 560.3596 1785.832 219.1516 698.767 1665.473 106.4847 -166.9438 1866.188 94.08937 223.4564 1838.025 117.226 404.2091 2169.889 110.0027 570.8005 2196.048 175.564 -770.4274 1803.703 185.8884 -834.1454 1660.195 211.0047 -860.5616 1701.129 260.5341 -827.5998 1810.087 160.2526 -861.3195 1694.419 98.57982 -839.4794 1804.788 
127.604 189.4649 -171.7792 1829.327 188.1215 -347.171 1822.851 185.5885 -486.6352 1807.615 177.8829 -699.9025 1798.776 212.2933 -666.134 1799.724 350.4214 -639.9443 1796.037 380.1792 -376.1674 1854.756 383.224 -159.6667 1782.753 382.8909 -65.74056 1795.09 346.673 -17.19106 1707.73 347.0651 -46.3763 1714.593 146.2196 -663.2864 1802.805 25.37797 -622.656 1824.847 14.19853 -358.7796 1908.388 14.66224 -137.3805 1842.244 -6.75576 -64.03423 1909.815 3.009588 16.40934 1843.848 29.80392 -26.62686 1790.735 278.2387 -171.9831 1816.435 235.2747 196.9925 1685.552 222.1444 559.3452 1786.576 219.1687 697.9044 1665.082 109.4136 -171.5953 1840.953 88.37807 218.4158 1793.682 120.9121 411.4709 2119.788 99.36348 579.3447 2130.189 174.4337 -778.49 1782.329 194.6344 -837.6551 1637.13 217.2569 -865.4532 1678.936 259.516 -835.8088 1792.471 166.8286 -866.1697 1668.824 97.58376 -848.1313 1776.038 
127.636 194.935 -177.7197 1806.123 191.7905 -352.6197 1800.364 187.5868 -491.5029 1783.87 179.957 -704.2283 1776.527 214.2571 -670.5307 1776.964 350.991 -639.5641 1773.397 385.3595 -373.9525 1815.419 392.6422 -163.8853 1728.284 397.1087 -74.4349 1758.329 353.196 -8.082114 1688.285 352.7968 -37.95187 1694.356 148.3954 -667.7065 1780.566 28.98134 -625.0847 1804.421 17.4835 -359.6688 1880.092 20.90304 -140.8531 1807.974 4.928262 -65.42521 1874.316 10.6259 8.792892 1801.405 34.17339 -32.34938 1753.467 283.4774 -178.8942 1793.447 236.1996 195.5941 1684.95 224.9861 557.0762 1785.384 217.5636 695.5276 1664.745 115.0923 -176.6606 1817.554 86.61446 209.0754 1751.88 121.5631 437.7923 2052.427 88.7784 603.6579 2049.895 176.428 -782.7035 1760.675 197.8706 -839.7813 1615.301 222.5576 -866.3605 1656.524 264.528 -834.9669 1769.309 172.2573 -869.9 1647.13 103.8012 -856.384 1755.078 
127.667 199.776 -181.8113 1788.119 195.8905 -356.5269 1781.704 191.3349 -495.5332 1767.49 180.8034 -707.7119 1754.936 215.4804 -674.4575 1754.914 352.5628 -646.7928 1746.084 381.1556 -380.4376 1786.222 375.4733 -179.1097 1680.76 409.25 -94.12415 1704.121 358.6398 -9.133198 1666.259 359.2603 -42.76544 1659.069 149.9015 -670.9841 1761.142 31.8614 -627.0522 1788.602 20.20629 -361.2068 1861.859 21.07346 -144.6151 1783.812 10.01071 -66.44988 1847.815 9.867966 4.80324 1771.909 32.92576 -38.08787 1727.43 288.01 -183.2528 1773.937 236.2547 195.0771 1683.504 225.1755 555.4172 1786.841 216.183 694.0575 1666.761 120.2114 -180.5114 1800.907 88.18664 200.2201 1713.29 123.8886 460.9218 1986.019 80.88077 623.9766 1975.614 175.6985 -785.6302 1737.214 206.4371 -843.7249 1594.072 229.7984 -868.9294 1636.841 264.8184 -834.7781 1751.072 180.2334 -874.2542 1624.947 105.957 -861.6884 1728.962 
127.698 199.9823 -182.167 1769.137 195.2808 -357.8904 1762.804 190.2798 -497.4466 1746.248 184.5484 -711.1895 1736.185 218.6443 -676.9474 1735.543 356.2156 -647.5126 1726.989 378.5583 -377.9742 1759.93 370.2644 -181.7707 1642.756 419.1622 -103.1365 1621.794 382.855 -17.97255 1674.511 387.365 -55.47728 1684.828 152.659 -674.9021 1742.199 33.2342 -631.6838 1768.325 20.03458 -366.5305 1849.505 17.0143 -151.1422 1764.503 8.62595 -75.12907 1832.337 8.867763 -8.857742 1751.256 29.40642 -42.60456 1710.499 289.3224 -184.2034 1759.315 238.7841 198.3442 1676.239 223.1941 557.0949 1791.793 216.1257 693.051 1666.96 119.4204 -180.3307 1777.993 100.2668 205.3731 1698.438 121.6071 495.2304 1945.085 75.97398 649.2594 1889.652 181.1165 -789.8669 1719.311 191.8378 -847.3604 1572.069 216.9902 -875.8402 1612.091 266.5955 -847.7549 1723.327 165.9087 -876.2393 1605.172 103.5376 -859.2856 1717.021 
127.73 199.5016 -183.613 1751.948 195.3826 -359.5562 1742.918 191.2096 -499.5476 1727.665 184.3188 -713.6218 1717.03 218.6149 -679.468 1715.878 356.3231 -650.5263 1704.163 383.192 -380.782 1736.162 370.1443 -195.2901 1602.339 393.2033 -122.6599 1545.418 394.8753 -45.98101 1619.643 406.7313 -93.9685 1662.905 152.6492 -677.1447 1723.741 34.58398 -633.1912 1755.412 23.16516 -366.3952 1833.15 15.95103 -152.6145 1743.321 5.205029 -77.04476 1811.6 6.719455 -9.993672 1730.927 26.30157 -43.04371 1688.622 289.004 -185.1983 1742.011 241.4714 200.7142 1670.021 221.9998 560.5554 1783.843 212.4716 697.7239 1660.003 118.7933 -182.1834 1760.908 97.75466 199.507 1661.39 113.2597 510.2157 1882.886 75.37353 663.17 1818.422 180.2206 -792.3736 1699.947 183.2713 -843.587 1549.744 208.9203 -874.7536 1587.526 263.7895 -853.4112 1698.044 157.5385 -873.0735 1582.608 99.9994 -859.0212 1697.677 
127.761 197.9313 -188.5177 1735.036 196.1065 -365.0056 1730.919 193.0332 -505.0303 1713.484 185.7006 -719.6548 1707.21 220.1294 -685.5386 1705.376 357.4821 -654.522 1691.825 387.2988 -383.0384 1705.551 369.2154 -211.5419 1554.09 389.8632 -141.3615 1493.029 403.5123 -97.23581 1589.467 408.3007 -108.8252 1617.89 154.0437 -682.9173 1713.167 36.12045 -635.043 1740.339 21.49725 -367.2362 1815.856 19.58172 -155.6099 1719.776 0.5996544 -82.89655 1789.627 2.424454 -11.8316 1712.212 27.35991 -43.81699 1669.522 287.5719 -189.2047 1724.752 246.2715 199.4191 1659.875 220.8977 554.5026 1788.775 216.9507 699.5246 1673.359 117.0985 -187.8982 1744.309 100.2231 197.8538 1657.613 105.9512 532.6281 1842.73 74.83984 675.2421 1754.495 181.4439 -798.8755 1691.709 181.081 -836.572 1537.229 206.4628 -871.6903 1571.73 263.4918 -861.6837 1683.02 154.9863 -868.286 1567.799 99.32124 -863.1426 1684.783 
127.792 199.1422 -191.8794 1718.474 196.563 -366.9895 1715.178 193.1497 -506.165 1700.095 185.2549 -718.9921 1691.283 219.4882 -685.2116 1689.608 356.4532 -657.2428 1677.079 391.8183 -388.6182 1691.293 372.3532 -243.1989 1517.14 381.1968 -171.0393 1456.701 387.1755 -119.5065 1549.24 378.9741 -135.8808 1585.856 153.9927 -682.5385 1697.9 37.2327 -634.0663 1724.149 19.78442 -368.9649 1800.571 13.47084 -155.3885 1713.844 -8.68843 -77.45957 1775.473 -4.458232 -12.14132 1694.297 24.3994 -49.36591 1656.17 288.1273 -193.0068 1708.738 243.5895 192.7848 1648.148 220.6307 541.428 1786.074 217.9942 696.9142 1687.851 118.9005 -190.8627 1727.252 99.82322 193.4865 1649.346 102.5735 538.8771 1806.778 76.4118 679.9314 1717.019 180.6975 -797.3824 1674.963 180.4769 -839.6022 1522.951 204.5414 -873.9547 1558.458 260.5786 -861.9344 1668.944 153.5977 -869.4401 1554.055 97.70261 -859.2961 1669.47 
127.824 194.9554 -188.6248 1702.409 194.1418 -363.7063 1698.778 192.5012 -503.1329 1686.22 185.7271 -716.0402 1679.922 219.7914 -682.1159 1678.031 356.2381 -651.6297 1666.084 390.4615 -382.6998 1675.273 369.7592 -250.9603 1490.752 369.9787 -184.6707 1423.375 387.0134 -150.3884 1522.29 397.8153 -138.9837 1542.03 154.2526 -679.6777 1685.926 36.23949 -632.8782 1709.308 16.04019 -367.7763 1784.822 11.60372 -157.5144 1690.362 -8.369636 -83.37909 1757.164 -2.050631 -15.35833 1678.409 19.00272 -44.30212 1640.363 283.9901 -188.849 1693.267 241.4025 197.9409 1638.487 221.9511 542.6371 1786.291 214.8404 696.6121 1686.008 114.6689 -188.4227 1710.653 95.17081 196.2568 1634.954 97.66999 544.2321 1786.379 81.52923 684.735 1693.518 181.6559 -794.6251 1664.522 187.5187 -837.7142 1512.904 209.6461 -872.1092 1549.592 260.9884 -860.0533 1662.301 159.0035 -867.0727 1542.972 98.31627 -855.658 1655.786 
127.855 196.0454 -182.367 1688.997 192.8632 -358.8004 1685.413 189.5997 -499.4354 1674.416 183.1006 -714.1163 1672.936 217.3823 -679.9249 1670.275 354.7472 -648.6849 1657.794 391.4493 -377.7733 1658.755 367.6501 -256.9599 1465.136 365.4871 -194.1445 1393.549 380.4429 -176.6047 1497.934 391.9434 -140.524 1511.396 151.3195 -677.3884 1678.136 31.24918 -631.9105 1699.162 16.2223 -364.7088 1776.449 8.320338 -155.8207 1674.984 -19.94954 -91.3978 1749.626 -5.432827 -15.4718 1678.456 11.16772 -37.61417 1627.269 285.8831 -183.8243 1680.974 240.9874 206.4041 1630.317 221.388 550.6851 1786.374 214.4021 700.8472 1677.966 115.0347 -181.0528 1696.232 92.77561 206.9421 1622.158 97.5685 559.3969 1770.651 81.86188 697.993 1672.563 179.1267 -793.6574 1659.214 188.8431 -833.1255 1505.527 211.2409 -868.195 1542.061 260.5906 -857.7256 1656.884 160.2296 -864.0934 1534.546 96.72977 -856.7891 1647.311 
127.887 198.7845 -175.7697 1674.784 192.1558 -354.5932 1674.085 186.3357 -497.2292 1664.743 183.9941 -714.9785 1663.596 218.0869 -679.6469 1661.059 356.1679 -642.6768 1649.807 393.9095 -368.1151 1654.414 368.8957 -263.3711 1448.198 363.1604 -203.0757 1372.963 355.6926 -204.6094 1481.077 413.0305 -154.0071 1455.139 151.0198 -678.3666 1668.593 28.84127 -631.711 1685.795 11.02506 -361.3089 1765.354 4.486412 -147.1344 1667.439 -26.57758 -83.14801 1743.307 -21.86654 -12.6029 1663.617 2.64449 -28.53409 1625.575 290.0141 -179.1298 1669.251 239.1362 216.816 1625.87 220.8324 561.5381 1793.51 216.4799 701.7427 1668.476 116.5188 -172.7397 1679.774 90.77091 223.8247 1625.273 100.2134 580.216 1777.857 82.38641 701.6187 1656.067 181.6257 -795.7099 1649.805 187.764 -836.704 1494.049 212.3004 -871.4871 1530.656 265.4827 -858.9244 1645.472 160.3034 -868.4805 1524.533 99.15272 -861.5587 1640.652 
127.934 198.1274 -175.9433 1671.105 191.305 -354.8405 1670.101 185.3158 -497.4912 1660.106 182.4921 -715.3281 1658.037 216.6846 -680.046 1655.723 354.8492 -643.0986 1644.583 392.4517 -368.3996 1649.776 367.4501 -263.0116 1443.767 363.5579 -200.5445 1370.146 353.4845 -200.6275 1478.109 411.7426 -153.9261 1455.089 149.573 -678.6473 1663.116 27.26985 -631.5126 1678.496 8.942444 -359.5951 1753.079 4.130424 -147.8551 1649.663 -25.37749 -81.65907 1724.312 -20.11253 -10.42347 1645.207 0.3585704 -30.02103 1601.415 289.4006 -179.3935 1665.653 238.6911 216.9027 1623.585 221.4098 560.8524 1793.31 216.8271 702.9625 1670.323 115.8223 -172.8322 1676.022 91.46459 223.6287 1618.837 99.37878 581.7334 1767.909 83.45128 701.5938 1644.229 179.974 -796.0324 1643.894 185.8778 -836.117 1487.816 210.2653 -871.259 1524.219 263.5606 -859.6545 1639.148 158.2581 -867.9611 1518.125 97.1421 -861.4528 1634.355