138.312 241.5277 -519.2211 6114.753 247.2469 -712.8173 6090.636 251.9747 -867.5012 6070.706 245.9955 -1104.892 6065.943 283.6971 -1066.851 6063.332 429.616 -1014.601 6042.461 495.033 -727.4245 6110.635 514.1399 -474.4307 6114.214 534.5603 -446.6843 6213.766 478.8578 -342.4706 6210.483 510.4491 -323.3682 6134.476 210.6705 -1064.54 6072.392 80.32542 -1015.925 6109.083 78.32296 -716.366 6180.835 110.612 -547.1572 5990.178 162.2807 -447.0664 6003.514 240.3858 -401.8939 6076.728 208.425 -447.1121 5967.821 338.5382 -519.2493 6137.985 290.44 -88.19652 6198.781 196.4915 271.3365 6391.406 226.8274 448.1053 6292.225 154.0491 -519.1956 6093.804 165.3566 -89.4365 6012.67 143.4255 319.8793 6116.975 143.6669 455.9695 5986.454 241.9816 -1192.663 6049.62 280.1284 -1208.518 5878.749 303.04 -1250.922 5916.518 338.3882 -1254.681 6050.574 248.116 -1249.771 5900.589 161.1646 -1266.798 6013.262 
138.343 0 0 0 0 0 0 0 0 0 0 0 0 0 0 0 0 0 0 0 0 0 0 0 0 0 0 0 0 0 0 0 0 0 0 0 0 0 0 0 0 0 0 0 0 0 0 0 0 0 0 0 0 0 0 0 0 0 0 0 0 0 0 0 0 0 0 0 0 0 0 0 0 0 0 0 0 0 0 0 0 0 0 0 0 0 0 0 0 0 0 0 0 0 0 0 0
138.375 0 0 0 0 0 0 0 0 0 0 0 0 0 0 0 0 0 0 0 0 0 0 0 0 0 0 0 0 0 0 0 0 0 0 0 0 0 0 0 0 0 0 0 0 0 0 0 0 0 0 0 0 0 0 0 0 0 0 0 0 0 0 0 0 0 0 0 0 0 0 0 0 0 0 0 0 0 0 0 0 0 0 0 0 0 0 0 0 0 0 0 0 0 0 0 0
138.406 0 0 0 0 0 0 0 0 0 0 0 0 0 0 0 0 0 0 0 0 0 0 0 0 0 0 0 0 0 0 0 0 0 0 0 0 0 0 0 0 0 0 0 0 0 0 0 0 0 0 0 0 0 0 0 0 0 0 0 0 0 0 0 0 0 0 0 0 0 0 0 0 0 0 0 0 0 0 0 0 0 0 0 0 0 0 0 0 0 0 0 0 0 0 0 0
138.438 0 0 0 0 0 0 0 0 0 0 0 0 0 0 0 0 0 0 0 0 0 0 0 0 0 0 0 0 0 0 0 0 0 0 0 0 0 0 0 0 0 0 0 0 0 0 0 0 0 0 0 0 0 0 0 0 0 0 0 0 0 0 0 0 0 0 0 0 0 0 0 0 0 0 0 0 0 0 0 0 0 0 0 0 0 0 0 0 0 0 0 0 0 0 0 0
138.469 0 0 0 0 0 0 0 0 0 0 0 0 0 0 0 0 0 0 0 0 0 0 0 0 0 0 0 0 0 0 0 0 0 0 0 0 0 0 0 0 0 0 0 0 0 0 0 0 0 0 0 0 0 0 0 0 0 0 0 0 0 0 0 0 0 0 0 0 0 0 0 0 0 0 0 0 0 0 0 0 0 0 0 0 0 0 0 0 0 0 0 0 0 0 0 0
138.5 0 0 0 0 0 0 0 0 0 0 0 0 0 0 0 0 0 0 0 0 0 0 0 0 0 0 0 0 0 0 0 0 0 0 0 0 0 0 0 0 0 0 0 0 0 0 0 0 0 0 0 0 0 0 0 0 0 0 0 0 0 0 0 0 0 0 0 0 0 0 0 0 0 0 0 0 0 0 0 0 0 0 0 0 0 0 0 0 0 0 0 0 0 0 0 0
138.547 0 0 0 0 0 0 0 0 0 0 0 0 0 0 0 0 0 0 0 0 0 0 0 0 0 0 0 0 0 0 0 0 0 0 0 0 0 0 0 0 0 0 0 0 0 0 0 0 0 0 0 0 0 0 0 0 0 0 0 0 0 0 0 0 0 0 0 0 0 0 0 0 0 0 0 0 0 0 0 0 0 0 0 0 0 0 0 0 0 0 0 0 0 0 0 0
138.579 0 0 0 0 0 0 0 0 0 0 0 0 0 0 0 0 0 0 0 0 0 0 0 0 0 0 0 0 0 0 0 0 0 0 0 0 0 0 0 0 0 0 0 0 0 0 0 0 0 0 0 0 0 0 0 0 0 0 0 0 0 0 0 0 0 0 0 0 0 0 0 0 0 0 0 0 0 0 0 0 0 0 0 0 0 0 0 0 0 0 0 0 0 0 0 0
138.61 0 0 0 0 0 0 0 0 0 0 0 0 0 0 0 0 0 0 0 0 0 0 0 0 0 0 0 0 0 0 0 0 0 0 0 0 0 0 0 0 0 0 0 0 0 0 0 0 0 0 0 0 0 0 0 0 0 0 0 0 0 0 0 0 0 0 0 0 0 0 0 0 0 0 0 0 0 0 0 0 0 0 0 0 0 0 0 0 0 0 0 0 0 0 0 0
138.641 0 0 0 0 0 0 0 0 0 0 0 0 0 0 0 0 0 0 0 0 0 0 0 0 0 0 0 0 0 0 0 0 0 0 0 0 0 0 0 0 0 0 0 0 0 0 0 0 0 0 0 0 0 0 0 0 0 0 0 0 0 0 0 0 0 0 0 0 0 0 0 0 0 0 0 0 0 0 0 0 0 0 0 0 0 0 0 0 0 0 0 0 0 0 0 0
138.673 246.974 -486.3444 5656.668 242.8252 -679.5239 5617.499 239.7499 -834.5985 5589.481 231.0641 -1074.155 5599.454 269.4907 -1036.067 5602.043 417.784 -981.6213 5602.983 472.0815 -728.181 5764.473 500.8079 -481.4157 5827.535 493.8501 -487.6264 5933.538 486.0554 -429.7782 6037.708 524.9443 -415.4797 5972.004 195.4415 -1032.978 5595.888 61.12132 -980.5262 5577.779 54.20635 -688.5663 5685.169 91.02666 -443.6259 5607.597 117.5943 -369.3852 5690.725 87.97296 -336.5163 5799.438 123.2736 -396.1588 5746.104 347.4578 -486.985 5649.185 277.1677 -93.78442 5839.384 197.8628 265.1435 6048.297 301.161 371.4663 5903.78 156.3633 -485.7668 5663.417 214.35 -84.02869 5838.192 282.8509 268.9438 6068.978 286.0491 405.4613 5936.186 229.0397 -1163.724 5588.401 252.3609 -1144.245 5413.444 283.3575 -1190.078 5441.093 332.036 -1213.476 5570.357 226.7734 -1192.718 5429.709 152.4723 -1240.133 5544.58 
138.704 0 0 0 0 0 0 0 0 0 0 0 0 0 0 0 0 0 0 0 0 0 0 0 0 0 0 0 0 0 0 0 0 0 0 0 0 0 0 0 0 0 0 0 0 0 0 0 0 0 0 0 0 0 0 0 0 0 0 0 0 0 0 0 0 0 0 0 0 0 0 0 0 0 0 0 0 0 0 0 0 0 0 0 0 0 0 0 0 0 0 0 0 0 0 0 0
138.736 248.339 -479.4723 5544.3 246.897 -669.6446 5522.509 244.9889 -821.1185 5500.806 242.6849 -1054.048 5502.253 279.196 -1016.227 5503.785 427.4939 -977.2898 5499.574 465.2125 -705.7229 5612.461 495.2335 -474.3372 5699.005 492.839 -492.3926 5800.706 494.8351 -465.5854 5913.484 527.0199 -413.927 5837.408 207.0135 -1014.881 5502.498 75.65643 -967.4771 5482.275 77.65498 -672.8641 5549.147 111.3504 -434.0852 5475.952 139.534 -348.0458 5540.592 133.8143 -286.473 5636.314 137.8821 -336.1676 5542.096 344.7061 -478.2736 5527.461 244.6987 -80.9584 5656.484 168.8902 223.6893 5920.987 110.4175 403.6055 5853.053 161.4405 -480.5531 5559.483 225.019 -68.54459 5661.058 346.8278 190.6925 5961.128 372.4267 370.4995 5926.258 242.0847 -1140.592 5488.406 240.1228 -1157.56 5316.841 269.9044 -1199.275 5348.14 333.5692 -1202.774 5468.292 213.9135 -1197.448 5345.189 155.8504 -1212.331 5472.35 
138.767 247.3342 -511.3347 5464.03 244.9205 -676.1955 5462.936 238.526 -806.9138 5447.216 226.6601 -1007.194 5444.599 197.6902 -972.5906 5448.524 78.07561 -922.1061 5472.987 64.67165 -667.5269 5488.36 58.24828 -454.2033 5508.359 106.7126 -379.6724 5512.389 142.5103 -313.8885 5446.331 133.8434 -370.2747 5436.678 259.1748 -975.5645 5439.632 379.1942 -956.9278 5435.116 485.0281 -758.0589 5565.378 503.4207 -656.5967 5756.391 538.7863 -618.8112 5837.034 507.8017 -555.4462 5905.299 473.9523 -640.7823 5886.72 166.6613 -510.315 5488.367 216.3419 -150.8869 5560.721 262.7458 169.8462 5419.277 302.1175 318.6038 5498.637 320.0805 -512.2541 5442.084 309.7775 -143.1645 5425.837 287.4362 211.677 5390.309 373.2839 320.5405 5468.758 224.0165 -1081.793 5455.891 249.2433 -1090.212 5601.999 220.5291 -1127.672 5580.828 150.2016 -1135.937 5487.486 268.5069 -1125.162 5575.66 300.9817 -1141.666 5460.18 
138.799 259.5842 -440.7853 5449.924 252.7516 -638.0021 5433.578 246.083 -795.1179 5415.436 231.6817 -1035.578 5409.512 271.3629 -998.3702 5408.796 427.6913 -971.269 5408.071 530.0059 -692.3276 5484.193 531.2071 -480.3942 5338.076 564.1257 -395.3431 5282.354 512.4033 -297.3785 5236.413 482.0813 -359.3687 5244.531 197.0552 -993.3965 5414.499 61.25391 -939.8924 5413.891 48.25577 -647.4472 5523.304 100.8994 -423.6798 5400.371 142.4678 -318.5202 5421.715 241.3507 -294.9941 5362.009 157.7876 -292.0131 5390.64 357.9972 -442.2429 5426.374 341.4786 -3.323615 5359.253 390.4427 390.1982 5511.119 378.8166 547.0811 5375.156 170.8409 -439.4709 5471.161 268.3003 -6.46326 5474.229 390.457 381.6274 5610.601 362.0043 527.8827 5490.615 225.2276 -1124.393 5392.479 225.4805 -1135.052 5214.45 253.4595 -1180.938 5245.609 316.8105 -1192.685 5370.693 195.7773 -1175.942 5241.711 132.6639 -1193.204 5371.579 
138.83 252.0745 -425.3124 5402.659 248.3421 -617.3058 5384.166 245.1827 -770.687 5368.333 237.7439 -1005.303 5364.476 275.3966 -968.0009 5364.271 424.8268 -928.4321 5363.841 540.0339 -657.4449 5414.708 570.23 -427.9819 5318.078 569.292 -380.7703 5225.275 493.4649 -292.2176 5233.098 465.5557 -344.5165 5232.54 202.7901 -965.1179 5368.216 68.96449 -917.8181 5376.968 55.00992 -625.7803 5461.962 89.5315 -390.0807 5373.878 145.477 -294.0393 5359.188 256.5301 -288.9418 5388.029 144.6905 -281.9917 5337.661 349.3148 -425.6318 5386.35 345.6207 4.80339 5340.366 370.6998 386.3789 5498.273 368.0564 546.1462 5373.753 164.3887 -425.0243 5417.367 236.7826 1.242846 5409.959 321.1053 376.6187 5573.563 303.8417 530.1707 5469.342 234.2071 -1092.119 5348.568 246.6723 -1123.042 5178.037 273.4253 -1162.553 5215.271 327.0658 -1156.642 5341.286 217.4757 -1160.694 5207.36 148.1557 -1165.079 5330.844 
138.861 252.6159 -412.3807 5366.597 248.8218 -605.3584 5349.295 245.8183 -759.726 5336.515 248.243 -995.4503 5342.979 284.4531 -956.4188 5343.008 430.254 -903.6031 5351.012 531.48 -622.6901 5381.726 570.3618 -392.2374 5287.645 573.6368 -368.7919 5185.763 502.5138 -288.7747 5233.876 440.9016 -332.6061 5225.968 211.3539 -956.5197 5343.093 75.98893 -911.4277 5350.107 59.26532 -613.7588 5418.35 98.50842 -387.9429 5306.298 164.9941 -300.3466 5282.01 276.3676 -278.5768 5261.228 164.1914 -285.6743 5263.243 351.6021 -414.0634 5363.658 343.8495 19.58796 5332.277 337.7652 406.6624 5483.434 347.7532 564.53 5355.421 163.3556 -410.8634 5369.248 229.8515 16.47711 5409.867 291.8934 401.1511 5566.525 277.007 547.9557 5451.289 249.1269 -1083.339 5330.82 235.1768 -1145.953 5168.49 264.5724 -1180.403 5209.056 336.1882 -1156.356 5324.186 208.0384 -1175.071 5208.163 156.6322 -1150.748 5338.625 
138.893 250.0321 -399.1585 5329.998 247.6068 -609.5244 5308.647 245.6592 -777.6106 5290.704 239.3833 -1034.817 5295.625 280.3551 -993.6288 5295.752 443.2352 -947.2794 5290.167 476.1448 -629.1579 5360.876 482.008 -355.1018 5340.042 426.5895 -277.8309 5276.919 477.552 -323.4938 5385.182 391.2971 -282.1657 5238.907 200.6367 -990.9644 5296.359 50.11943 -951.2822 5304.568 69.59296 -622.5204 5358.591 97.10339 -369.2795 5246.284 139.2334 -254.762 5231.696 262.3933 -230.5416 5241.339 149.7254 -240.2966 5196.09 358.0958 -400.2846 5328.818 332.701 71.46105 5373.199 295.742 497.9951 5522.699 320.8574 661.083 5374.114 152.5864 -398.1431 5331.063 208.9453 70.06815 5378.77 260.8439 488.8228 5557.51 242.0572 651.71 5435.642 236.9232 -1130.581 5281.563 217.3633 -1140.623 5092.375 255.735 -1186.375 5121.284 338.6898 -1192.502 5246.42 193.8352 -1187.617 5123.976 144.506 -1214.048 5268.837 
138.955 247.5226 -395.7749 5290.933 245.4627 -603.8114 5270.395 242.9044 -770.8928 5267.189 235.5197 -1025.176 5270.088 276.1812 -984.6763 5267.771 434.8178 -943.4927 5233.143 482.745 -629.7606 5297.45 512.2874 -361.3076 5327.911 440.4942 -292.8061 5274.194 495.3842 -315.2154 5386.075 402.8193 -294.4003 5242.132 197.6192 -981.6252 5273.89 48.655 -942.4528 5278.758 60.13371 -622.7657 5359.59 85.24154 -377.8716 5236.521 136.2721 -267.702 5232.123 254.7722 -232.0278 5245.351 147.269 -251.6602 5194.613 354.1098 -397.546 5298.182 334.3004 67.67714 5355.158 279.7903 487.1222 5503.804 323.168 658.6166 5373.805 151.4083 -394.1779 5284.396 238.9961 61.6515 5348.783 307.4924 476.9005 5516.5 309.7614 639.6841 5396.957 231.5536 -1119.696 5255.5 227.0065 -1117.018 5067.277 271.5307 -1156 5095.56 344.7211 -1156.16 5224.831 211.8761 -1169.744 5093.097 160.2895 -1217.501 5229.589 
138.987 247.853 -405.048 5253.218 245.6514 -613.0698 5228.353 243.2414 -779.9789 5214.548 228.2827 -1034.474 5210.816 270.2045 -995.0609 5209.228 433.6598 -967.4725 5182.685 480.0004 -654.8293 5256.339 520.0883 -393.389 5321.396 460.8574 -314.5875 5265.989 490.7769 -337.2273 5387.211 434.4165 -312.1476 5225.162 191.6442 -989.8416 5216.082 48.23716 -942.2324 5248.02 91.31859 -614.7238 5262.958 111.6003 -371.7336 5134.02 125.7058 -250.9272 5128.347 238.3602 -200.5412 5146.453 147.0028 -234.1172 5071.989 354.3239 -407.5073 5264.366 324.9912 52.26451 5358.08 264.3411 465.311 5524.193 331.6562 645.8173 5417.945 151.8435 -402.8303 5243.165 242.3542 55.1565 5294.284 283.8864 403.8544 5582.093 307.1504 595.5404 5521.368 221.3834 -1128.621 5193.745 226.3448 -1128.09 5005.103 266.7065 -1169.75 5036.023 333.3821 -1173.246 5169.09 206.3082 -1179.426 5030.692 144.7337 -1221.846 5165.17 
139.018 223.0658 -477.9839 5188.088 231.7685 -649.3728 5171.273 235.4845 -785.4257 5149.396 228.1797 -990.9067 5107.502 205.175 -960.7679 5135.905 115.4408 -929.2586 5236.128 44.24335 -671.9846 5227.333 109.5518 -466.9253 5290.083 111.9242 -383.1537 5330.56 166.5303 -295.1203 5317.324 186.446 -351.1623 5306.192 252.1183 -952.8132 5091.592 330.5494 -904.8065 5003.842 398.5644 -642.8011 4975.765 492.6087 -460.9082 5073.761 523.6498 -414.707 5157.089 551.1505 -357.7884 5237.97 478.9951 -430.266 5168.562 140.8052 -485.1818 5218.878 144.1119 -100.1913 5180.332 143.9197 266.8441 5135.32 188.1133 380.7519 5268.95 297.2437 -471.4932 5160.323 303.5221 -106.2451 5286.604 301.1891 251.0035 5396.153 402.0709 292.8542 5521.944 234.4312 -1069.346 5101.059 281.8469 -1176.565 4999.193 230.4364 -1179.354 5015.799 169.5936 -1145.571 5116.644 246.821 -1144.977 4982.583 204.7274 -1029.229 5012.022 
139.049 238.663 -457.4647 5171.092 233.3957 -642.7132 5147.958 230.3066 -789.5952 5121.335 230.6926 -1016.75 5114.004 265.8329 -979.3866 5112.633 407.537 -935.7943 5092.282 466.7704 -653.0027 5106.651 471.2476 -431.7597 5006.735 511.0802 -360.2836 5065.605 537.4788 -272.0806 5131.32 481.6209 -366.6457 5113.475 195.768 -979.1172 5119.97 67.62911 -940.2811 5151.99 57.84327 -653.5352 5219.543 94.72509 -432.671 5117.993 111.3449 -353.4157 5045.726 146.2298 -270.3562 4980.562 145.8127 -357.2086 5014.712 333.2096 -461.7036 5183.508 257.5139 -49.87332 5200.798 217.8673 271.8869 5435.983 253.6716 388.3192 5282.288 153.4061 -453.6423 5159.895 176.4666 -73.87704 4985.248 183.0728 309.4845 5114.85 161.0828 363.285 4944.032 229.3767 -1100.612 5097.33 211.8337 -1111.946 4930.416 246.8808 -1151.116 4956.313 320.6051 -1153.225 5066.64 192.268 -1153.658 4958.889 149.7402 -1176.634 5087.247 
139.097 229.2092 -454.8619 5118.438 229.6826 -636.9288 5099.627 230.5329 -782.1024 5081.295 230.0608 -1004.579 5070.454 264.6764 -968.1022 5070.271 402.28 -921.3577 5050.516 458.7703 -644.1063 5068.447 476.5506 -412.7961 5015.503 470.1888 -374.7393 5106.449 445.1747 -275.2642 5148.505 410.2129 -330.6049 5091.954 195.9027 -967.6395 5076.351 71.65417 -924.8948 5107.006 95.5909 -642.6638 5163.786 178.4421 -474.9858 5011.845 152.833 -371.7874 5014.88 118.9292 -271.6649 4988.425 152.47 -359.1153 5010.527 321.8244 -455.9781 5131.573 257.4313 -54.29369 5188.139 184.8856 294.3628 5353.227 188.897 447.8553 5237.618 145.694 -453.8553 5106.592 184.0076 -74.38883 4955.361 185.4581 321.5929 4978.456 169.4948 419.8794 4832.32 228.6803 -1086.481 5052.743 210.0046 -1104.619 4889.951 243.6375 -1142.614 4916.837 316.6337 -1141.461 5024.478 190.0909 -1143.721 4919.817 148.8436 -1159.494 5046.778 
139.128 228.3359 -451.3318 5100.296 228.4935 -634.8807 5078.676 229.8897 -780.3742 5052.975 229.7082 -1003.775 5026.98 264.6233 -966.9921 5029.474 403.9242 -919.2839 5013.666 466.5297 -643.7755 5059.803 493.7549 -405.8755 5039.972 487.6898 -379.1605 5135.891 465.5885 -285.3216 5192.775 413.7521 -322.8355 5078.399 195.1451 -966.9818 5035.22 68.47851 -928.1721 5066.999 71.51753 -642.6863 5126.764 160.8764 -466.7632 4984.399 131.6844 -364.2456 4971.201 99.95763 -268.3678 4927.532 151.3822 -352.4172 4949.84 321.7585 -452.885 5114.164 256.4564 -48.83587 5181.062 185.8991 296.2953 5362.714 188.5399 449.608 5243.751 144.0926 -449.9313 5087.791 181.321 -71.66365 4923.009 186.1259 328.8206 4921.246 166.8426 414.0219 4765.518 228.5042 -1085.09 5003.581 210.149 -1090.635 4838.225 243.5547 -1131.345 4862.493 316.8004 -1139.304 4971.207 189.4654 -1132.059 4865.223 147.0866 -1157.199 4991.692 
139.144 225.8025 -459.2571 5019.386 225.6159 -636.6212 5001.097 225.8785 -777.9159 4982.253 225.3166 -994.7141 4973.333 259.0737 -959.2147 4973.272 391.1262 -912.1985 4945.634 456.1774 -644.954 4970.681 498.3446 -417.0167 4971.119 529.1576 -407.255 5061.767 483.4903 -322.9414 5111.448 453.3448 -362.6083 5080.47 192.015 -958.6559 4978.423 66.20163 -926.7629 4999.142 54.63305 -656.637 5077.182 111.4356 -482.7658 4930.06 133.0848 -382.2014 4917.585 136.5435 -278.2436 4938.767 151.6324 -359.3649 4950.938 316.5083 -460.2526 5028.115 270.4952 -75.7626 5128.797 212.2653 235.4884 5343.149 218.8274 382.5999 5227.515 144.0091 -458.3594 5011.515 179.7536 -87.24108 4867.515 203.2063 298.3106 4857.18 174.1525 391.3967 4715.174 224.0874 -1074.627 4956.672 217.0525 -1082.595 4796.426 248.1382 -1121.085 4822.533 311.7886 -1126.256 4931.962 195.9077 -1122.427 4821.725 147.33 -1145.395 4941.139 
139.175 226.3557 -434.3047 4974.084 223.5639 -619.6439 4955.699 221.8343 -767.381 4937.098 219.8935 -994.0473 4936.574 255.4001 -957.2053 4935.634 396.4301 -915.5589 4910.084 472.7759 -638.891 4939.613 490.619 -404.6921 4880.671 522.1407 -368.6226 4969.064 571.7616 -353.9622 5069.316 466.2439 -385.6233 4999.976 185.2753 -955.9915 4939.868 54.09284 -923.6099 4964.279 42.84665 -641.9704 5047.814 99.47894 -475.1094 4877.269 126.4623 -374.2141 4905.733 142.2462 -271.2674 4943.81 148.9707 -367.6792 4948.912 320.779 -436.9039 4985.948 268.4759 -44.10303 5118.916 204.1362 307.4341 5297.386 210.0104 470.1283 5188.969 141.2101 -431.9609 4963.386 179.9246 -38.39344 4829.451 189.2686 356.4087 4913.046 176.5309 487.565 4790.485 218.3304 -1078.135 4922.405 213.0518 -1073.836 4754.771 248.6657 -1113.141 4779.305 314.472 -1121.826 4893.817 194.4361 -1119.139 4777.554 144.9697 -1157.148 4899.298 
139.207 222.7161 -447.2203 4911.577 218.0915 -624.4852 4898.414 216.0228 -764.6182 4874.624 210.986 -980.3441 4890.719 245.4034 -945.8202 4887.545 380.3712 -902.8299 4872.203 460.1482 -639.8804 4853.445 474.7709 -478.6893 4688.396 504.1675 -404.6844 4741.968 551.6938 -342.8175 4816.211 469.0123 -394.1938 4776.904 178.445 -943.4283 4890.653 54.60667 -901.7305 4900.933 35.9186 -648.5521 5020.547 68.94476 -496.7663 4845.419 110.1994 -404.8564 4822.419 109.1108 -324.48 4891.298 139.0737 -398.8736 4929.625 312.9088 -450.3675 4922.272 267.7892 -67.24927 5024.204 197.0461 217.5981 5267.652 205.7695 357.308 5144.087 141.3854 -444.3824 4901.933 164.6157 -68.21668 4772.231 187.1855 313.5412 4819.522 162.3062 393.1793 4669.354 208.464 -1061.389 4883.381 205.3398 -1076.615 4723.981 238.0745 -1111.844 4752.257 299.4172 -1108.352 4862.663 186.1967 -1116.45 4750.547 136.7327 -1137.183 4869.611 
139.238 220.1741 -440.0584 4857.854 217.6361 -614.7095 4845.089 216.9324 -753.4857 4826.539 213.9538 -966.2118 4839.238 247.5383 -931.83 4836.965 379.6598 -886.1384 4824.748 452.3409 -624.7969 4821.727 461.7578 -469.9608 4655.061 502.9911 -398.078 4700.539 554.6678 -338.036 4771.08 465.1324 -377.8465 4728.905 181.5396 -930.1756 4839.365 58.19271 -893.6974 4850.394 49.12391 -636.9063 4952.267 70.14837 -489.6736 4776.08 110.3194 -396.2701 4771.47 119.398 -346.0779 4862.405 168.0501 -420.9828 4753.149 308.5838 -442.3521 4871.659 280.1007 -56.62787 4941.314 210.1161 212.5758 5193.693 212.1464 357.072 5079.948 140.4511 -437.9901 4845.405 161.4764 -63.45838 4729.655 182.4284 303.5205 4824.175 164.5335 393.4152 4681.949 212.3518 -1045.942 4830.82 193.0452 -1055.385 4674.548 226.2507 -1092.373 4697.965 297.2405 -1095.275 4800.138 175.0838 -1094.651 4701.29 137.3326 -1116.98 4822.2 
139.27 225.9323 -453.4556 4810.41 221.8515 -622.1115 4798.671 218.475 -756.2729 4782.309 218.203 -961.8614 4773.05 186.5266 -928.3087 4778.484 58.07835 -893.8514 4804.479 34.33823 -648.4091 4892.863 62.76197 -462.0569 5006.006 47.89421 -390.0567 5060.103 94.55279 -300.6036 5077.773 121.2304 -351.1115 5061.682 249.5605 -927.3863 4768.727 369.1391 -892.4109 4772.96 441.1517 -635.9104 4789.072 491.1877 -423.5299 4833.332 519.3472 -413.8759 4926.995 466.0795 -329.4521 4913.909 486.2404 -404.8375 4958.085 139.5373 -451.4767 4812.013 127.215 -93.70914 4937.941 165.5742 213.6216 4749.249 173.537 386.4384 4789.324 303.8385 -455.24 4808.964 296.0151 -83.85769 4884.538 285.7672 279.0301 4934.716 313.4012 350.2789 5079.126 220.0522 -1038.734 4782.161 247.9537 -1050.632 4931.429 220.5529 -1089.99 4908.732 148.033 -1099.592 4813.395 269.4716 -1084.385 4903.094 302.4606 -1095.549 4783.881 
139.301 217.035 -441.5978 4769.876 219.0765 -617.015 4755.301 221.2056 -756.5869 4737.408 208.9767 -970.3679 4743.547 244.17 -937.1972 4743.921 378.2794 -894.6965 4733.727 432.7869 -628.2488 4753.28 442.3127 -436.8396 4628.199 491.4968 -358.7415 4650.759 439.7603 -369.6229 4558.173 438.6744 -313.9413 4631.515 177.9153 -932.8374 4743.215 55.07457 -891.4492 4737.273 43.4741 -674.3571 4910.259 102.0198 -577.058 4708.236 101.4422 -519.9367 4623.369 171.4512 -491.1391 4550.897 136.1818 -582.9786 4568.832 306.7157 -441.1513 4777.064 261.8482 -49.55474 4803.016 259.67 150.3318 5123.256 262.212 328.2473 5073.171 136.1659 -442.0005 4763.395 125.8303 -54.09044 4691.856 214.3805 294.1231 4820.05 164.16 381.4075 4682.999 204.5537 -1050.099 4732.601 187.6072 -1069.312 4576.132 222.8012 -1103.122 4601.984 292.9735 -1096.216 4705.302 171.5553 -1108.235 4605 133.5297 -1126.166 4727.251 
139.348 205.723 -439.6734 4731.58 209.2418 -616.4032 4719.809 212.6427 -756.4515 4698.991 208.7306 -971.9658 4695.1 242.8117 -937.2308 4694.156 375.9205 -889.4322 4682.01 426.7552 -623.367 4725.878 425.6602 -418.2528 4621.137 427.3337 -335.9042 4669.705 423.149 -360.1254 4565.26 422.6394 -319.1 4700.267 176.2141 -935.5236 4699.399 52.14587 -896.0477 4709.517 21.4467 -686.0911 4891.591 49.25007 -523.0249 4727.178 88.33901 -474.2022 4645.397 189.597 -476.1204 4615.964 150.417 -569.0568 4629.917 296.1259 -438.1943 4736.399 259.0813 -42.48631 4727.774 267.9479 164.9759 5045.922 267.2138 350.889 5039.445 124.2026 -441.0071 4727.235 128.2865 -46.66245 4680.683 217.9507 297.2698 4825.807 175.9665 383.1697 4683.848 206.2408 -1051.696 4680.385 186.4996 -1084.441 4525.469 216.5243 -1120.427 4555.348 287.4143 -1113.224 4659.125 164.7566 -1117.62 4558.116 124.2675 -1117.091 4681.758 
139.38 206.8865 -438.8977 4692.363 209.5365 -611.5095 4672.345 211.7045 -748.7145 4650.591 211.9594 -960.175 4647.264 244.7626 -925.4823 4647.564 380.1299 -893.3046 4653.196 426.7889 -630.6345 4689.128 436.0464 -427.9238 4589.786 468.7076 -375.437 4660.333 431.6714 -367.794 4562.104 415.182 -332.6509 4661.261 179.2583 -925.0197 4650.102 55.0134 -893.9568 4653.227 22.42086 -648.733 4771.695 27.03695 -438.7924 4680.862 96.14955 -424.9309 4608.531 191.1555 -463.5474 4622.205 121.1887 -542.0284 4639.861 295.6949 -437.6428 4693.299 263.1515 -54.74579 4626.88 268.2146 160.0615 4931.403 308.161 337.3592 4914.884 126.804 -440.0292 4691.519 136.9415 -52.09982 4657.439 215.4289 272.069 4832.351 194.1128 373.8156 4700.502 211.5503 -1038.454 4632.979 183.8304 -1083.025 4485.51 218.1642 -1113.704 4514.713 294.1507 -1093.851 4610.012 167.6621 -1114.687 4521.232 137.0206 -1108.351 4644.968 
139.411 200.4799 -428.2346 4657.688 206.0202 -606.1339 4637.456 209.7405 -747.4329 4614.454 210.1169 -965.4175 4613.149 243.8923 -929.634 4612.242 380.027 -884.322 4608.212 417.3608 -614.7579 4662.336 422.0614 -391.1322 4597.507 410.2472 -312.6746 4652.759 431.6095 -381.7919 4571.905 368.0415 -295.0948 4554.84 176.4631 -929.1772 4616.585 49.12388 -894.3542 4613.73 17.75853 -626.171 4697.531 16.05728 -404.1432 4618.059 105.54 -371.475 4576.071 176.4517 -412.0644 4644.603 106.9181 -518.3677 4633.216 291.5146 -424.3835 4648.754 258.4903 -33.4467 4561.272 283.9453 223.4422 4845.762 299.9333 393.583 4767.157 118.39 -431.7073 4665.744 143.0037 -30.97662 4659.667 241.436 303.9614 4829.44 201.8553 396.7335 4688.807 209.392 -1046.244 4599.23 192.0299 -1065.97 4440.042 223.2914 -1103.893 4467.298 293.6901 -1103.632 4573.347 170.8568 -1103.002 4469.688 128.7346 -1114.867 4593.75 
139.442 201.1712 -436.4037 4617.856 206.8974 -616.3395 4598.497 210.4982 -759.0885 4574.768 207.0875 -979.3871 4577.44 241.8395 -943.8344 4575.732 382.2413 -908.4515 4566.539 416.0668 -637.8828 4632.167 416.2489 -409.4554 4575.324 360.6301 -332.7899 4551.247 444.6682 -401.2208 4568.016 351.551 -339.6916 4497.392 173.72 -942.1175 4580.383 47.66434 -899.0015 4572.296 19.99183 -622.6804 4639.704 10.25575 -388.4004 4596.81 95.08871 -346.4041 4550.851 181.3119 -389.4495 4599.142 106.1411 -383.2416 4656.274 293.0443 -432.3676 4607.518 261.8401 -43.82479 4492.878 278.7582 248.5863 4747.802 320.6209 392.5046 4630.819 118.3252 -440.0431 4627.179 154.6225 -37.19404 4660.666 232.3283 311.842 4822.224 213.0803 393.9555 4668.967 204.8913 -1061.302 4564.855 190.4643 -1074.023 4402.91 220.3728 -1114.345 4429.492 289.0588 -1120.548 4538.108 167.3755 -1112.052 4430.8 121.6504 -1128.049 4554.637 
139.473 206.442 -432.2315 4584.649 209.0645 -613.9886 4565.929 210.2831 -757.5568 4538.931 206.4519 -979.9003 4538.935 241.6105 -944.0627 4539.22 382.6159 -904.6013 4538.979 410.7808 -630.5342 4603.882 402.5848 -410.4806 4514.732 348.4983 -335.2081 4548.448 438.854 -390.6984 4516.727 347.9398 -305.8246 4491.502 172.7215 -942.2642 4540.795 49.68117 -889.0587 4527.555 58.30639 -609.3247 4597.219 94.60612 -390.656 4503.716 179.5562 -339.4832 4541.7 158.2931 -370.0092 4643.931 113.5798 -388.453 4634.287 299.5892 -430.2176 4578.144 222.0018 -48.60541 4449.701 258.327 292.1196 4639.864 282.7822 418.4412 4497.506 122.4471 -434.0475 4590.515 174.0885 -32.04879 4649.791 238.9669 330.0583 4796.393 209.3031 411.5999 4642.64 204.7164 -1062.418 4525.205 168.5647 -1061.278 4364.638 201.8253 -1103.935 4383.637 285.024 -1119.145 4482.165 148.9977 -1102.076 4392.224 119.7312 -1129.172 4520.363 
139.505 201.1995 -412.8652 4546.092 205.4652 -595.6179 4526.267 205.64 -739.147 4494.518 200.6464 -962.8254 4491.108 236.2075 -926.9526 4491.856 382.1696 -906.9183 4492.914 388.9646 -634.1008 4574.418 385.0624 -405.3363 4505.175 333.4687 -335.129 4457.651 414.7785 -396.8117 4502.221 327.1029 -332.175 4413.391 166.9039 -924.8174 4493.646 39.24345 -882.5491 4476.683 11.94816 -610.4887 4573.92 44.50415 -389.5777 4480.446 109.4717 -305.3735 4490.822 36.98409 -385.6763 4507.549 8.638576 -300.84 4543.44 293.3286 -408.7531 4528.01 239.5589 -22.42723 4393.454 253.3927 351.7709 4517.051 281.5094 418.5344 4338.074 118.1226 -416.5733 4562.398 175.3664 -15.48994 4638.117 244.4857 331.6563 4821.126 207.5891 410.6027 4666.324 198.4434 -1045.626 4476.029 183.6803 -1044.219 4311.08 218.8279 -1083.806 4334.001 289.9734 -1092.639 4443.234 165.1132 -1087.834 4335.501 122.1467 -1121.379 4459.048 
139.536 202.4275 -407.3937 4504.118 204.3446 -589.3237 4480.679 203.6541 -733.4533 4453.592 200.9823 -956.4822 4444.35 236.0755 -920.3127 4444.906 380.5304 -893.8727 4438.614 393.4346 -628.7938 4540.131 375.687 -412.7796 4440.639 326.9469 -341.9604 4391.522 405.6682 -406.1432 4436.556 297.9689 -334.0906 4371.45 167.0111 -919.0406 4448.995 39.44893 -877.7546 4431.417 10.33982 -611.5236 4541.402 40.94965 -385.6775 4461.518 108.6195 -303.3642 4464.787 33.51332 -374.4232 4499.949 12.17251 -294.3977 4524.12 293.099 -403.4081 4480.6 226.477 -19.92625 4346.618 237.227 369.108 4404.075 266.607 433.9585 4225.085 120.6649 -410.9876 4525.326 187.582 -12.85413 4603.397 274.9903 348.2815 4744.742 207.0751 436.7561 4607.011 199.1874 -1038.68 4427.169 193.094 -1036.158 4262.074 221.2791 -1079.922 4286.623 284.8253 -1097.704 4399.038 167.6339 -1076.628 4285.398 114.4694 -1103.324 4406.273 
139.568 197.0066 -396.4065 4466.129 198.629 -578.1996 4443.376 197.3593 -722.0278 4415.688 197.777 -944.6429 4403.26 232.3334 -908.0748 4404.83 376.5848 -880.7946 4404.361 384.0357 -615.6686 4505.324 365.3221 -406.7444 4392.467 319.5757 -327.3988 4355.173 395.7909 -399.9959 4390.317 297.5797 -321.7442 4323.999 163.2921 -907.7643 4407.943 32.92285 -875.2213 4394.321 17.15629 -604.4611 4494.608 48.27763 -379.8303 4412.425 98.32701 -297.7158 4458.139 23.31852 -367.5823 4495.419 21.17871 -309.9273 4513.529 287.4812 -392.6143 4442.281 236.602 -7.157058 4308.616 223.6552 384.0014 4273.798 198.2086 443.1936 4092.514 115.4216 -399.8261 4487.634 189.0018 -5.144298 4574.125 293.1106 341.0766 4738.267 208.6207 458.0515 4635.742 197.3165 -1026.501 4384.912 190.6709 -1028.556 4220.034 219.8368 -1070.972 4245.616 284.0195 -1084.329 4358.097 166.1952 -1068.873 4244.5 114.0571 -1093.414 4366.092 
139.599 203.5094 -383.5744 4421.717 205.0121 -567.4592 4400.5 202.2718 -712.5249 4371.368 206.1949 -937.7051 4366.591 240.5264 -900.1848 4366.728 384.4311 -865.8083 4377.218 376.4106 -588.7749 4450.712 358.4962 -382.3662 4328.284 323.8424 -296.0215 4291.868 391.6564 -377.0276 4329.407 300.9492 -283.7823 4265.18 170.7901 -900.8539 4370.203 40.09773 -864.3748 4355.771 17.6247 -579.9315 4418.544 19.05824 -337.1724 4397.197 65.14542 -248.5929 4437.229 13.87053 -344.5681 4419.789 26.14259 -236.6692 4441.709 293.6197 -379.5445 4393.174 233.5291 7.239759 4254.146 237.7934 403.9002 4269.398 217.9256 486.8419 4094.728 122.2529 -387.2083 4447.457 187.2674 11.68886 4541.396 267.9914 387.331 4656.722 191.1337 501.4123 4542.433 206.9565 -1020.999 4350.926 187.9756 -1018.511 4185.301 221.9885 -1060.059 4207.431 295.8692 -1072.6 4315.534 167.8362 -1061.53 4210.312 126.1822 -1093.469 4335.715 
139.63 201.2417 -381.0263 4367.079 200.34 -564.0171 4348.397 196.9036 -709.1603 4325.017 197.4168 -932.9938 4322.797 232.0788 -896.2261 4322.011 376.9402 -869.0855 4320.446 386.5866 -597.5107 4406.085 361.61 -407.9109 4262.508 317.6426 -318.915 4260.622 391.978 -401.8918 4261.638 297.7861 -300.3055 4231.249 162.8377 -895.8136 4326.469 31.40303 -865.0089 4313.762 12.33909 -584.5193 4386.17 19.89441 -345.9822 4345.104 77.11971 -259.9911 4372.641 23.86016 -344.3034 4417.881 25.15668 -251.673 4393.895 290.8078 -378.5617 4338.615 253.9806 11.1388 4207.654 238.8097 405.0438 4192.87 286.0728 469.9112 4017.178 120.4759 -383.2487 4392.746 190.2787 10.3606 4493.771 273.1078 379.9507 4618.043 212.0544 497.4324 4499.501 196.72 -1015.935 4308.177 197.5854 -1017.502 4142.509 229.6034 -1057.303 4169.363 289.9729 -1065.329 4285.016 175.8938 -1060.283 4165.85 120.7795 -1090.578 4285.405 
139.662 201.6932 -368.5291 4312.158 201.2168 -550.5758 4294.787 198.4503 -694.9887 4272.172 200.9399 -917.5093 4274.13 235.0825 -880.6686 4272.961 377.0279 -844.2963 4272.271 376.8744 -572.3221 4351.445 350.4396 -375.9467 4220.064 338.326 -283.5461 4187.537 381.1784 -379.412 4222.77 322.839 -266.3856 4158.189 166.207 -880.7936 4276.794 37.88687 -840.8797 4266.161 14.69307 -557.8582 4317.775 11.89483 -318.6095 4291.028 35.83155 -238.8537 4357.066 32.2462 -186.2733 4452.33 17.86669 -229.0666 4359.785 291.8966 -366.438 4287.769 254.5337 21.54482 4159.432 237.7673 413.037 4175.485 282.9941 483.9715 4002.862 120.3529 -370.4148 4334.15 179.3645 21.42566 4439.096 266.1659 370.0103 4606.464 224.614 492.441 4486.05 201.1009 -1000.227 4261.134 203.3464 -996.9407 4096.467 233.1543 -1038.665 4122.205 291.7414 -1052.717 4237.34 179.7112 -1039.138 4118.223 122.5874 -1070.291 4235.711 
139.693 207.8181 -365.6153 4260.941 206.1547 -549.3068 4244.649 201.8795 -694.7933 4221.145 203.1785 -919.2133 4221.622 237.82 -882.2385 4221.686 378.7578 -838.9023 4231.43 375.7751 -561.8319 4300.883 353.4004 -363.4034 4168.187 329.9007 -271.302 4138.638 377.8855 -371.4635 4150.528 306.6294 -258.392 4103.797 168.2805 -882.02 4223.567 38.06885 -843.0241 4221.328 11.89248 -560.1579 4284.722 7.072828 -319.5778 4252.392 6.450401 -240.4674 4324.696 2.968908 -152.7269 4390.601 22.21185 -226.3539 4327.193 298.5954 -364.1907 4235.611 249.513 28.19353 4113.62 231.8895 417.7616 4179.516 282.5849 510.2393 4017.097 125.9603 -366.8998 4283.783 172.2934 35.99942 4363.864 267.3608 278.9449 4666.625 252.6836 445.7325 4605.7 203.286 -1002.539 4207.943 210.2863 -1007.944 4042.073 235.5255 -1051.257 4070.964 289.8807 -1064.917 4189.421 181.9538 -1046.914 4065.288 118.4901 -1066.726 4183.285 
139.756 214.56 -365.7424 4214.276 208.5903 -549.2955 4197.78 199.6179 -693.5413 4168.754 200.8 -917.8549 4174.376 235.4551 -880.9188 4173.337 375.0313 -833.7856 4184.568 391.7444 -559.3137 4261.766 384.686 -355.3942 4135.945 366.816 -263.6862 4101.667 373.7851 -374.2065 4116.116 313.2294 -260.2914 4058.535 165.9429 -880.6083 4175.722 38.01039 -835.5068 4184.31 9.459896 -548.7411 4224.803 -4.087547 -313.9164 4164.791 -29.83134 -236.8088 4234.608 -28.88191 -248.8505 4343.714 -0.2668165 -235.0256 4278.168 305.6182 -366.5229 4190.007 248.8459 30.38904 4087.844 233.7297 415.6351 4175.715 233.9703 466.617 3988.925 132.4488 -365.0387 4236.161 156.8365 45.42139 4278.1 239.9305 202.2542 4636.108 225.6543 377.6745 4608.563 200.7626 -1001.459 4162.617 215.9606 -999.9651 3997.242 241.1679 -1043.602 4025.649 290.1297 -1060.34 4146.023 187.8297 -1040.683 4017.491 119.4166 -1067.166 4131.314 
139.787 212.202 -364.187 4166.916 209.7646 -545.9915 4156.452 204.0508 -689.5075 4132.596 207.4359 -911.108 4131.981 241.2887 -874.2739 4132.884 378.5226 -826.0115 4144.422 385.062 -549.6443 4200.617 379.6906 -340.2703 4090.198 382.0228 -242.0056 4089.091 358.8029 -342.4363 4049.826 308.8971 -243.702 4025.115 172.5939 -874.7154 4133.423 44.77335 -833.6917 4134.813 21.99141 -551.205 4182.783 12.52615 -311.8535 4172.375 6.568083 -247.7312 4256.37 -25.2279 -172.6062 4327.789 20.52558 -204.0199 4233.684 302.6511 -364.1347 4144.937 248.2381 31.59234 4058.604 235.6104 401.466 4183.406 236.3511 474.8847 4006.821 130.64 -364.2342 4186.734 147.4491 43.55821 4195.545 225.9918 207.1187 4546.04 201.39 377.4268 4509.313 208.585 -993.319 4118.065 220.5537 -998.8671 3954.56 242.5738 -1042.745 3983.794 291.7646 -1058.73 4102.421 190.1284 -1036.054 3976.489 122.8887 -1052.823 4090.886 
139.818 219.5059 -362.6414 4122.793 210.0884 -543.2231 4107.272 199.9585 -686.1785 4084.614 200.3112 -906.757 4095.777 234.548 -870.5944 4093.243 372.7277 -825.7336 4086.729 391.0717 -554.7598 4159.301 389.0849 -339.8622 4061.901 406.3879 -269.0775 4127.369 364.665 -325.4904 4042.752 333.9634 -234.9045 3997.338 166.1803 -869.9185 4096.747 41.35321 -823.9856 4111.132 27.76769 -542.7041 4163.523 27.01551 -307.7052 4120.335 28.30079 -219.0662 4177.486 19.14852 -125.0956 4230.022 34.10365 -200.2367 4170.567 309.2888 -365.3337 4099.64 255.5043 34.77457 4045.958 242.1769 401.3845 4175.99 236.3077 465.7563 3996.707 138.5446 -360.2136 4143.671 133.8224 44.87532 4106.456 200.7277 232.5353 4445.572 179.6603 400.3311 4399.246 199.7384 -989.3146 4086.315 210.0311 -989.7401 3923.171 233.5643 -1033.628 3950.78 284.3266 -1051.537 4067.974 181.0507 -1028.3 3944.229 115.8182 -1050.299 4058.363 
139.85 223.2984 -361.1366 4083.864 213.9496 -544.536 4072.362 204.666 -689.6949 4050.448 200.259 -913.5021 4055.601 235.7497 -877.5151 4054.721 377.1927 -837.0608 4045.036 397.1113 -562.8849 4120.255 394.6685 -333.639 4051.992 421.7315 -258.9124 4111.542 364.4574 -287.6733 4020.374 362.8539 -223.7394 3977.765 166.409 -875.4828 4056.938 38.91167 -832.5618 4074.21 32.19668 -546.5511 4124.033 36.23858 -315.1468 4052.528 44.52039 -214.6586 4088.131 45.02984 -111.5377 4125.072 61.93382 -192.2481 4038.684 316.2579 -365.0177 4070.191 257.783 42.55211 4039.537 241.3721 411.5391 4178.388 237.9903 509.4091 4011.833 139.4728 -357.6368 4096.193 126.2795 49.42226 4031.123 188.957 272.4995 4355.624 150.2024 437.2245 4301.183 198.1729 -996.8777 4043.695 218.9031 -998.9783 3879.285 241.327 -1042.962 3909.201 285.4263 -1059.402 4031.181 188.5643 -1038.096 3899.198 115.5272 -1059.742 4010.807 
139.881 225.5079 -357.1332 4043.887 216.2835 -542.7766 4031.858 208.5401 -690.5627 4015.351 195.9467 -916.8278 4010.621 233.159 -881.7079 4011.344 378.3935 -852.3019 3993.544 422.4097 -580.3528 4079.243 429.7322 -349.3522 4006.985 485.5526 -284.0224 4059.167 391.0554 -284.3466 3997.549 379.5513 -227.0652 3968.085 163.0798 -877.2314 4013.646 38.44086 -824.3417 4036.437 37.52538 -534.152 4083.41 51.55405 -308.1961 3989.191 50.43937 -200.4671 3978.686 48.79911 -89.70529 3973.685 68.79921 -180.5478 3948.086 320.4467 -361.4956 4038.408 263.7007 52.57294 4033.963 239.5881 408.45 4213.754 261.7747 577.9819 4118.773 139.8974 -353.1994 4048.828 130.5896 56.15741 3967.236 185.5587 319.3307 4268.313 171.7887 474.7928 4178.735 190.8337 -1000.49 3994.876 207.7358 -1014.187 3828.529 232.6368 -1055.639 3861.339 280.8576 -1061.768 3984.443 178.8566 -1053.133 3852.338 108.5136 -1068.97 3968.582 
139.912 218.2297 -367.3471 4009.154 211.1016 -551.041 3992.02 204.913 -696.8066 3969.651 197.4351 -921.2179 3961.654 233.5245 -885.5752 3962.036 377.4193 -852.196 3953.911 414.1694 -573.461 4006.272 422.7708 -343.1959 3939.064 484.0672 -287.0743 3994.051 387.8416 -279.3009 3937.618 373.6413 -216.9178 3929.98 164.0536 -882.7858 3966.075 36.85532 -841.563 3991.45 37.56471 -557.3504 4055.731 50.12473 -345.429 3937.358 41.39827 -238.7297 3944.555 52.5418 -146.2556 3886.196 75.22638 -232.1059 3883.245 312.3676 -370.4675 4003.444 270.8082 41.10619 4026.337 236.1567 390.7592 4208.854 248.9843 546.8591 4094.594 133.3415 -364.5333 4014.303 128.2136 31.86503 3895.489 167.8535 341.7838 4145.419 147.0456 481.8615 4036.964 193.8759 -1003.989 3944.841 203.3415 -1014.676 3779.161 230.6934 -1055.477 3809.86 284.2641 -1061.889 3929.447 176.9779 -1054.453 3803.44 113.1648 -1073.887 3921.487 
139.944 205.0641 -364.9571 3971.567 200.5497 -544.1906 3953.621 196.5893 -686.4269 3931.18 192.6054 -905.5682 3924.742 227.2264 -870.2083 3923.429 366.193 -836.8217 3902.961 409.5969 -566.4525 3956.938 412.3776 -345.9043 3878.043 473.5159 -307.0122 3942.911 379.8864 -266.7486 3903.894 368.6548 -221.8378 3896.408 159.6239 -868.5774 3930.28 34.87566 -831.6394 3957.027 37.31538 -554.8829 4022.389 34.63165 -345.1002 3911.683 27.52709 -251.9052 3958.901 35.1076 -198.6431 3866.097 50.70435 -227.9143 3859.499 297.039 -366.8493 3967.329 269.4502 33.4312 4017.305 237.505 389.6739 4163.549 228.5264 494.36 4006.195 122.1263 -363.2508 3975.389 124.7221 9.913742 3820.88 149.8959 351.1233 4009.074 110.881 468.5789 3886.654 189.7723 -986.4825 3908.885 194.4598 -1006.373 3747.884 219.5103 -1045.99 3779.486 274.1566 -1048.879 3895.239 167.0976 -1042.224 3774.275 106.6366 -1051.05 3891.652 
139.991 205.1835 -360.6629 3937.464 201.3299 -543.7397 3919.518 198.1139 -688.4423 3893.294 191.7982 -912.0324 3883.208 227.529 -876.2778 3882.691 368.7999 -838.876 3863.212 417.2303 -560.0779 3897.135 419.7567 -347.2457 3787.985 487.9936 -299.7825 3842.33 423.3895 -237.3893 3776.359 410.3979 -234.2868 3842.751 158.4674 -874.0042 3889.2 31.33927 -835.5652 3916.704 37.40957 -552.3788 3980.701 43.13735 -346.5234 3853.162 50.74179 -240.2553 3862.271 50.714 -160.3533 3787.343 63.57577 -231.5096 3804.336 299.1943 -362.5115 3936.135 268.5941 44.05543 4001.205 231.3948 397.0662 4173.527 231.9413 574.6794 4097.483 120.4098 -358.9958 3938.661 129.3607 18.63634 3773.089 155.2014 397.3123 3895.258 133.9341 511.905 3761.036 188.1798 -994.3618 3865.71 191.021 -1009.776 3700.729 220.5331 -1048.832 3731.321 278.9593 -1050.342 3848.274 166.7741 -1049.28 3727.161 108.618 -1066.585 3847.897 
140.007 195.7125 -350.3086 3901.148 198.4107 -531.6712 3880.983 200.491 -674.8071 3852.794 195.3643 -896.329 3837.802 230.5474 -860.6125 3837.106 370.7903 -827.4879 3812.23 413.7071 -550.1722 3846.357 410.8626 -333.5267 3749.668 426.5098 -278.7989 3830.06 414.1739 -259.0446 3722.007 423.4135 -275.4259 3865.818 162.2471 -858.9922 3845.564 34.76202 -826.6536 3873.844 36.90005 -551.4632 3958.864 42.9255 -355.6583 3819.758 51.3686 -250.7039 3807.03 50.45732 -157.3332 3751.483 63.41516 -247.8212 3775.27 288.9754 -348.8795 3900.774 267.4244 51.28497 3985.112 233.5005 395.2237 4168.774 232.0275 573.1774 4097.67 111.6133 -351.5972 3901.484 114.3432 17.74269 3725.619 149.0833 406.4048 3790.046 127.9538 520.7797 3657.533 191.8025 -977.5897 3818.655 189.744 -996.2224 3655.351 221.3418 -1033.285 3685.455 283.1128 -1030.344 3799.442 167.9604 -1035.646 3683.141 114.9029 -1052.25 3805.094 
140.038 189.0406 -341.1754 3858.189 193.1299 -520.6367 3840.518 196.765 -663.1646 3818.915 189.8205 -881.8544 3801.369 224.9373 -846.8893 3801.625 363.3068 -811.1207 3780.093 408.0378 -535.4048 3786.469 416.2885 -311.4007 3717.598 444.3987 -268.5371 3800.368 413.5752 -246.7607 3697.846 418.1339 -259.9336 3831.704 157.3333 -844.7288 3809.003 29.11808 -816.3159 3829.802 36.17354 -546.5787 3920.546 42.35755 -357.4936 3777.023 50.84999 -253.3612 3768.499 41.60699 -158.4594 3719.109 74.98891 -267.6952 3730.954 281.0942 -339.5418 3862.901 274.5224 54.60608 3954.723 232.4079 382.9517 4154.838 232.7431 562.3973 4094.222 106.0318 -342.6485 3853.94 114.992 25.13492 3686.221 136.3836 415.3525 3677.975 102.1443 497.3345 3528.059 185.8131 -961.8981 3781.423 186.9791 -972.3099 3619.298 216.8284 -1010.992 3647.849 275.4274 -1014.88 3761.775 164.0964 -1012.129 3644.338 108.7039 -1033.368 3762.78 
140.07 185.7756 -337.5758 3817.034 191.6896 -517.6915 3798.217 196.7141 -661.0812 3778.292 187.0926 -880.4071 3757.742 222.735 -845.6549 3757.817 361.6337 -812.19 3732.008 410.5111 -536.7703 3754.909 376.9584 -358.3756 3604.783 451.2536 -296.0244 3592.26 393.0672 -284.8493 3499.887 413.1843 -244.9857 3601.884 155.0038 -842.8925 3766.55 26.15991 -813.2161 3785.474 37.25467 -542.3223 3876.422 47.82516 -369.2925 3712.56 55.95487 -264.3571 3715.815 55.13321 -156.9786 3705.57 59.92942 -253.4894 3725.217 278.1613 -335.1601 3822.947 272.4117 55.54658 3935.328 228.7604 375.6315 4151.266 205.755 557.6697 4100.929 102.4674 -339.7542 3811.703 110.2173 31.33869 3646.813 128.7671 422.2574 3614.862 92.75806 478.0884 3452.905 181.8422 -960.4765 3736.667 165.4236 -981.6754 3575.686 198.8463 -1018.381 3603.383 269.8564 -1014.378 3710.708 145.8253 -1020.053 3605.754 103.7338 -1033.788 3731.24 
140.101 177.7318 -328.4053 3768.831 181.3843 -507.9802 3752.266 184.8532 -650.6816 3731.819 176.9266 -869.3489 3714.428 212.1485 -834.4913 3714.046 351.1626 -802.5875 3690.678 399.8391 -528.3751 3712.99 369.981 -371.9305 3540.88 441.8184 -313.1201 3511.574 369.2951 -284.6737 3434.984 369.5394 -261.9769 3469.042 144.696 -832.1241 3722.642 16.17466 -802.7238 3739.867 33.5938 -537.4253 3841.624 46.33657 -364.6302 3679.239 56.09132 -260.2791 3677.267 77.80254 -155.1704 3673.844 61.30525 -252.1264 3726.953 269.6344 -327.1953 3775.978 267.5095 53.8336 3912.496 229.5005 373.5688 4126.862 206.1026 549.4694 4060.634 94.85918 -329.4964 3762.386 107.3716 40.18158 3599.126 130.1437 430.1231 3584.287 93.09506 496.219 3427.358 172.316 -949.3809 3694.568 170.2079 -971.2031 3533.592 200.1752 -1008.147 3564.244 260.9348 -1004.729 3677.046 147.3758 -1008.87 3561.806 94.0682 -1021.019 3682.463 
140.148 175.1161 -320.3206 3714.338 178.4321 -499.0909 3695.306 181.1971 -641.8303 3678.515 167.3135 -859.9828 3668.672 203.3755 -826.2496 3667.236 344.2395 -804.8113 3645.873 386.3561 -532.3092 3685.137 367.337 -357.4852 3531.123 437.6544 -322.4745 3474.126 379.9652 -276.7903 3393.843 371.9494 -283.7475 3412.267 136.1987 -821.7415 3675.446 10.2047 -787.978 3698.985 27.743 -523.465 3800.282 30.39225 -354.2649 3634.747 33.64169 -250.1102 3626.943 66.79788 -148.4178 3622.657 34.883 -255.8967 3715.615 266.7632 -319.3385 3721.081 259.3623 61.7066 3853.568 234.0686 348.8127 4109.743 231.173 514.8801 4019.942 92.4738 -321.2063 3708.257 107.2221 54.13151 3562.118 129.0457 443.1082 3569.938 94.66637 520.5457 3418.281 160.5703 -940.2445 3651.616 160.4748 -967.3782 3491.951 191.226 -1002.214 3523.939 250.7279 -993.171 3636.646 138.6613 -1004.667 3521.154 84.92916 -1014.433 3641.385 
140.18 165.7853 -313.1435 3661.494 167.1434 -492.6898 3644.683 168.5165 -636.0508 3629.49 156.6152 -855.1218 3624.309 192.5537 -821.0294 3623.365 334.2692 -799.4689 3605.143 380.6891 -526.0027 3638.137 368.708 -358.4074 3474.633 428.6433 -316.8779 3410.156 354.0418 -269.151 3346.229 356.1075 -285.6725 3351.681 124.8953 -816.8844 3629.071 -1.822762 -782.0634 3649.107 14.77023 -521.0223 3761.311 20.72901 -365.4009 3582.112 11.89097 -262.2767 3598.571 23.03638 -162.8464 3637.501 38.66649 -267.7132 3550.371 256.7498 -313.8445 3676.329 246.2883 73.99312 3791.346 231.3574 332.8015 4078.333 230.5633 509.7588 4010.914 83.75874 -312.5114 3648.117 106.2917 70.08627 3519.604 127.9701 458.0619 3561.252 84.31228 534.4565 3410.875 151.0829 -936.0505 3608.884 150.5744 -970.4031 3450.131 184.9044 -1001.052 3483.043 245.5204 -981.7372 3594.28 132.5618 -1008.187 3481.483 81.84389 -1017.127 3603.5 
140.211 164.1565 -300.8604 3619.494 168.47 -481.6756 3598.215 171.5536 -626.5044 3583.655 156.3853 -847.5107 3577.27 193.1603 -813.5955 3576.41 337.2151 -795.5623 3561.685 375.6104 -519.9847 3608.114 363.7401 -350.6021 3443.12 429.092 -311.5879 3380.92 350.3993 -237.4397 3359.11 365.8409 -237.9767 3356.607 124.9154 -808.4728 3582.365 -1.393504 -771.6154 3608.993 14.03985 -501.8716 3707.035 10.39856 -328.1609 3541.827 18.73861 -222.8551 3535.322 25.33569 -117.8479 3509.16 25.75323 -219.0437 3493.358 256.2087 -300.2841 3633.257 236.596 97.98763 3722.674 232.0279 323.2993 4041.645 230.0191 511.5351 4007.979 81.14894 -301.38 3607.083 108.8257 86.59285 3483.179 130.3301 473.5375 3557.787 114.4881 530.132 3391.948 149.6021 -929.0646 3561.27 147.9509 -957.0886 3399.661 180.9337 -991.0492 3431.65 242.6334 -979.2106 3544.784 127.7904 -995.5654 3429.699 75.7515 -1007.097 3552.364 
140.242 173.8216 -304.8506 3576.899 173.4857 -486.2423 3555.861 173.1409 -631.324 3539.639 156.5476 -852.8831 3535.446 193.6441 -819.1218 3534.446 339.0641 -803.7769 3529.252 361.7926 -525.309 3573.343 358.1028 -353.3155 3409.748 426.843 -284.0419 3395.956 360.9019 -215.7231 3339.241 361.885 -229.7939 3334.749 125.2152 -813.4886 3539.964 -0.2864003 -772.7356 3566.57 4.031089 -501.464 3663.802 -0.6280104 -304.7672 3525.66 -4.241288 -205.2547 3562.351 18.68241 -142.5186 3476.578 29.90588 -201.1124 3449.226 266.4104 -306.3719 3588.537 213.5592 98.37592 3624.498 223.4014 299.6553 3960.276 228.2368 491.3431 3961.357 90.33028 -303.4789 3566.405 116.2297 90.3022 3457.723 129.2053 474.2142 3552.824 113.4667 554.3599 3396.448 149.3141 -934.7757 3520.212 147.718 -950.5939 3356.508 178.5445 -988.7292 3386.133 239.8449 -988.8029 3500.498 125.1105 -990.1253 3383.536 71.15701 -1007.892 3505.019 
140.274 171.8995 -303.0186 3535.059 170.3907 -483.6242 3514.843 169.3681 -627.6802 3495.958 155.3523 -848.3981 3496.185 191.8411 -814.4057 3493.698 334.5129 -792.5418 3474.383 370.9559 -522.0504 3543.32 355.7603 -329.0445 3407.889 420.2364 -258.6082 3430.332 363.7333 -223.7589 3342.53 362.5656 -203.5456 3353.953 123.8254 -809.4702 3500.712 -2.839573 -768.6042 3515.991 -11.81893 -509.167 3637.993 -10.4536 -297.3429 3526.75 -20.01552 -199.823 3566.167 3.945019 -160.6961 3468.181 9.524263 -200.5814 3436.573 264.5753 -304.4726 3541.132 215.149 100.3164 3536.967 234.956 297.1209 3872.792 250.5346 487.3235 3873.348 88.3297 -301.7075 3529.583 105.0923 97.14925 3448.41 138.4867 471.273 3566.865 118.9331 548.6359 3410.461 148.755 -930.2432 3482.681 131.2096 -958.2228 3322.355 161.9436 -995.921 3352.11 233.0046 -991.6877 3459.859 108.7729 -993.6797 3354.248 65.3634 -998.1778 3480.381 
140.305 156.0866 -308.6344 3494.728 159.3485 -490.4863 3476.457 162.3907 -634.9487 3454.607 152.0095 -857.1093 3450.101 188.201 -822.2937 3449.621 331.5414 -792.5059 3445.161 354.3964 -514.9252 3496.12 355.2675 -301.1395 3392.342 390.4917 -244.0505 3464.691 364.9185 -210.3885 3362.366 329.5916 -181.3262 3423.723 119.5019 -818.5642 3454.208 -8.48937 -778.4684 3467.145 -24.41248 -530.2495 3613.317 -24.40944 -321.334 3493.867 -39.69941 -247.5075 3568.708 -17.63293 -178.253 3487.716 -4.487298 -203.3846 3439.918 249.3301 -307.5378 3500.46 203.7717 99.72933 3482.791 224.623 320.2469 3806.228 253.4259 503.248 3755.971 72.00476 -309.6232 3489.559 90.07156 97.20835 3444.237 135.2594 472.7514 3561.923 104.2973 555.5305 3409.025 147.2592 -939.2446 3434.722 144.3551 -966.6104 3272.395 175.7908 -1002.359 3304.376 238.1557 -993.8835 3418.002 122.2944 -1004.349 3302.382 69.50555 -1013.929 3425.441 
140.336 158.8166 -312.0194 3458.007 158.9178 -491.4446 3440.734 159.0542 -633.4234 3416.072 150.2573 -852.4391 3407.619 185.7203 -817.8724 3407.814 326.7261 -786.7343 3404.82 354.8376 -513.0476 3452.375 362.902 -291.563 3376.251 381.8 -245.0392 3459.581 364.914 -203.7765 3359.925 322.7126 -175.5063 3386.075 117.9492 -814.7205 3412.324 -9.572886 -778.7108 3422.162 -37.13351 -530.8694 3559.088 -44.47031 -313.9477 3463.142 -89.96916 -258.9778 3539.835 -52.5512 -178.0289 3480.146 -19.58023 -191.2314 3463.526 250.9423 -312.0128 3458.479 198.2065 82.98933 3389.199 216.4123 318.4764 3695.213 235.9459 502.1122 3653.697 75.74279 -312.0254 3457.582 92.63159 90.86928 3432.163 129.7883 459.8564 3554.876 104.7269 555.0561 3411.223 146.1196 -933.1708 3390.974 149.7589 -967.5213 3232.336 177.2174 -1002.785 3266.987 233.4389 -992.2996 3381.596 124.5983 -1002.128 3262.367 66.15385 -1003.135 3381.142 
140.368 160.3014 -311.0066 3424.639 161.1329 -491.483 3399.793 161.3019 -634.6331 3372.953 150.8519 -855.9135 3364.224 186.9308 -821.2217 3364.227 330.8852 -797.0835 3366.178 356.1904 -522.5663 3426.434 365.1452 -297.3471 3353.694 378.6854 -251.267 3439.497 355.5849 -189.5999 3350.96 320.4155 -178.349 3357.06 118.49 -817.5765 3369.234 -10.65613 -782.6077 3380.771 -40.19194 -515.3019 3482.495 -64.30881 -295.2746 3390.133 -87.69275 -240.0321 3477.373 -109.0383 -174.6755 3393.493 -58.74418 -180.8536 3385.275 253.1841 -309.6994 3418.252 211.9228 83.7132 3315.072 212.4855 348.7814 3602.089 220.6138 515.7955 3509.153 76.54505 -312.1854 3430.399 98.46149 95.57977 3427.275 131.7829 462.0279 3570.362 116.5939 555.7732 3422.173 146.0064 -937.4581 3347.339 155.8178 -961.2385 3185.279 181.3526 -999.7971 3218.866 233.3949 -998.3995 3337.39 128.4411 -997.623 3212.073 64.31306 -1005.496 3329.232 
140.399 157.2171 -310.1504 3388.978 157.7321 -490.7453 3366.84 157.2167 -633.6436 3339.677 145.7326 -854.3177 3325.684 181.929 -819.851 3326.505 326.6919 -802.774 3323.88 357.5785 -535.3714 3407.361 366.5601 -306.6204 3347.83 374.8068 -259.7777 3433.748 356.5777 -190.4275 3350.069 320.1303 -188.7565 3348.468 113.5945 -816.0078 3331.609 -14.55168 -779.3727 3346.607 -39.35568 -508.2374 3437.883 -53.19303 -308.9999 3305.633 -129.8048 -244.0762 3338.743 -200.5835 -184.7478 3395.342 -88.59425 -211.117 3319.5 249.7766 -308.8009 3380.122 202.3391 74.31713 3247.213 205.034 378.3883 3491.719 212.2477 536.3694 3384.513 73.75206 -311.3674 3396.964 95.98286 95.2349 3419.688 132.806 457.1979 3571.665 103.6535 555.0178 3428.552 140.5054 -935.3079 3306.88 171.3267 -968.8414 3149.458 190.9675 -1005.808 3188.268 226.5482 -998.4512 3312.346 139.6025 -1002.949 3174.245 60.18496 -1002.507 3281.704 
140.43 156.7628 -307.8677 3362.197 156.7479 -488.688 3337.763 155.4785 -630.9674 3305.618 143.8352 -851.5986 3283.49 180.1556 -817.1121 3285.615 325.2081 -799.0994 3282.311 355.2303 -534.3441 3376.554 362.0137 -303.0847 3324.184 374.9029 -261.601 3412.569 354.8409 -182.8666 3337.66 321.7612 -181.9089 3330.872 111.6241 -813.4011 3290.8 -17.06063 -776.0195 3302.358 -47.30199 -500.9473 3382.047 -62.02274 -288.5566 3270.796 -78.61459 -224.6847 3353.798 -103.905 -186.4716 3452.285 -72.77959 -219.9339 3363.938 249.572 -306.6544 3353.161 212.0715 65.87061 3187.448 205.9121 408.1131 3377.046 228.999 544.3619 3244.328 73.07265 -308.9619 3370.345 98.6627 97.69613 3405.783 132.8048 459.7717 3560.99 111.7895 554.4771 3413.801 138.5614 -932.0712 3261.67 157.8085 -970.699 3103.094 181.8954 -1005.586 3141.562 227.2182 -992.2774 3262.306 129.348 -1004.948 3131.677 58.69925 -1002.981 3245.524 
140.462 155.9013 -303.651 3315.214 154.2582 -481.9815 3290.026 151.5059 -622.5674 3259.035 142.8323 -840.7238 3239.772 178.256 -806.2421 3241.943 321.3519 -787.951 3245.969 350.6322 -526.483 3338.74 363.9681 -296.3929 3297.429 388.9535 -261.5096 3384.659 362.3104 -168.927 3333.49 334.032 -172.6803 3309.862 110.5061 -803.3074 3246.069 -16.18145 -766.9572 3262.055 -53.53893 -494.0394 3332.214 -71.89099 -291.0278 3211.084 -104.1729 -229.8359 3289.628 -116.3515 -183.2698 3385.442 -78.24296 -198.0178 3259.395 247.1713 -302.8051 3303.271 208.2578 64.55496 3139.34 204.0979 430.2088 3263.706 202.7312 538.6159 3108.739 73.59905 -304.4137 3325.983 98.64147 92.47455 3395.571 131.9259 451.2268 3545.675 106.0666 535.5835 3395.697 138.8465 -920.4739 3219.163 159.5713 -962.9435 3063.977 183.9034 -995.652 3103.105 227.6682 -977.8581 3222.048 132.0887 -996.4971 3093.079 61.69971 -992.6919 3205.002 
140.493 154.1 -298.741 3278.213 151.5348 -475.8029 3250.546 148.6845 -616.2455 3222.292 143.5241 -833.5288 3204.071 178.2332 -798.7458 3207.25 319.9664 -776.8672 3214.829 342.302 -514.787 3303.635 352.1441 -286.3088 3258.993 379.7145 -229.8985 3332.586 345.0858 -187.8994 3238.667 324.264 -163.6199 3236.882 110.6804 -796.6874 3209.012 -15.90705 -759.7224 3217.024 -58.68148 -492.2368 3298.492 -62.47206 -299.39 3162.583 -147.8777 -256.2333 3203.723 -221.3928 -219.5279 3271.791 -131.0618 -223.2493 3193.157 244.9449 -298.2216 3266.468 206.9832 63.02497 3093.811 197.2117 440.5611 3165.262 207.3789 539.4936 3005.482 72.18108 -299.2092 3288.805 97.53735 91.87892 3377.178 132.4527 440.7379 3544.323 111.6728 536.0364 3401.25 141.2935 -913.0411 3183.89 176.2218 -958.1581 3032.879 195.0785 -990.9897 3074.452 226.7738 -973.1699 3196.508 144.8284 -990.1579 3059.185 63.82722 -982.3547 3162.641 
140.54 157.3013 -289.9493 3238.041 154.0824 -467.6871 3213.963 149.9799 -608.3502 3186.313 142.5535 -825.3009 3163.214 177.6545 -790.9233 3167.106 319.5609 -768.4717 3171.582 348.8953 -511.1303 3272.205 360.217 -282.1068 3229.662 364.7543 -208.8836 3292.85 310.2834 -188.6932 3201.034 330.9633 -177.9474 3152.192 110.0688 -788.2129 3169.05 -15.35176 -750.0676 3186.4 -62.63335 -475.9233 3239.018 -84.88562 -305.942 3076.578 -97.36094 -226.1542 3142.509 -86.47937 -157.8232 3223.859 -78.11728 -204.2202 3095.121 247.5198 -289.3719 3221.718 208.8338 81.57119 3070.237 189.8162 465.8067 3068.935 184.1986 534.0142 2893.434 75.9473 -290.4699 3252.76 90.51691 101.567 3341.01 131.2792 433.5475 3539.146 84.0668 537.7468 3408.95 139.4696 -904.3845 3141.239 162.6247 -957.9827 2990.581 185.128 -988.2781 3032.334 226.3904 -963.2398 3150.315 133.7602 -988.6212 3021.151 61.20354 -975.3218 3130.307 
140.587 160.4058 -279.3126 3190.203 154.2995 -456.7318 3167.302 148.5786 -597.914 3144.676 142.0969 -814.1749 3119.457 176.9703 -779.7963 3123.965 319.132 -761.0716 3127.15 350.0224 -512.6163 3246.257 363.0645 -283.2596 3209.16 374.2123 -206.2323 3266.398 318.4883 -200.8063 3173.563 339.1275 -184.2893 3123.645 109.5108 -777.3353 3125.372 -16.42655 -739.36 3135.725 -71.11579 -475.9951 3222.067 -68.39894 -300.2274 3065.131 -89.34203 -222.8539 3131.43 -89.59784 -157.7416 3215.785 -74.9326 -196.4199 3100.206 250.1817 -280.1342 3172.63 209.5088 93.20947 3030.188 193.7377 476.147 3008.747 187.0202 536.1518 2830.75 79.4509 -278.5717 3206.049 87.98085 105.7632 3320.924 129.3916 429.4923 3530.568 98.34832 542.2267 3403.161 139.4698 -892.876 3096.737 160.0348 -936.6484 2942.942 185.1931 -968.0831 2982.09 229.0275 -947.8578 3099.763 133.6683 -970.2158 2972.48 64.35566 -966.5386 3084.115 
140.619 162.2027 -272.5826 3158.36 156.8093 -450.9118 3135.011 151.4186 -592.6191 3110.888 148.3286 -809.894 3083.929 182.838 -774.7925 3088.483 324.8085 -749.8948 3085.162 346.7416 -489.6784 3182.547 344.7206 -265.0859 3117.178 357.3144 -189.1738 3176.427 293.7334 -172.3585 3089.53 319.7549 -164.7792 3032.258 115.0053 -773.4568 3090.382 -11.87462 -735.9891 3099.863 -63.09338 -464.0474 3163.649 -64.13708 -291.5547 3001.296 -101.4794 -215.6596 3062.777 -118.7589 -149.1543 3144.953 -82.0449 -188.7785 3029.332 252.4055 -272.9674 3140.463 208.6617 101.1292 2994.996 192.1858 486.5276 2985.381 189.6529 560.3535 2811.477 80.86279 -272.2357 3174.498 88.88807 113.9238 3290.636 131.8875 429.2355 3515.969 115.7256 557.3976 3399.64 146.8394 -888.8665 3060.508 164.4382 -931.8268 2905.236 189.8822 -964.1245 2943.917 236.0905 -945.4495 3061.659 137.9166 -965.4398 2935.061 70.07501 -961.7089 3048.397 
140.65 165.0301 -268.4604 3102.644 160.9336 -446.4728 3081.039 156.8478 -588.2343 3059.854 153.9811 -805.9155 3044.047 188.3449 -770.6589 3046.164 330.1278 -747.1545 3047.17 342.4934 -484.8947 3138.031 336.0216 -280.2399 3026.454 354.633 -219.6677 3099.646 322.141 -187.6585 3001.049 319.2191 -158.6446 2981.448 120.7687 -769.3915 3049.251 -3.754564 -727.5588 3064.271 -47.3744 -450.6138 3103.461 -63.85236 -262.7231 2961.385 -87.54577 -192.5955 3034.776 -88.93352 -134.5914 3124.419 -69.59386 -163.7297 2999.851 254.8014 -268.2723 3084.072 204.4212 103.3483 2937.931 186.8796 485.1776 2981.036 189.5441 571.6786 2813.749 84.07932 -268.63 3119.39 87.59161 117.7305 3230.574 129.4866 403.3188 3490.906 111.8664 550.2298 3400.708 152.3221 -885.725 3024.748 175.834 -927.0185 2870.341 200.3597 -959.1329 2909.505 242.0709 -940.7641 3028.532 148.9181 -961.1677 2898.889 77.40294 -959.4041 3009.497 
140.682 165.1427 -263.4498 3065.953 162.3131 -442.7423 3043.423 158.9388 -585.2791 3020.046 159.1979 -804.1332 2998.347 193.3122 -768.2344 3001.928 335.9261 -743.4598 3006.12 350.9047 -484.8197 3112.158 347.3014 -273.0093 3010.544 361.8712 -209.9244 3083.503 337.3429 -166.9359 2985.873 338.9492 -151.9315 2958.728 125.1746 -767.9178 3004.049 -1.47222 -728.618 3016.842 -46.51198 -453.3702 3076.561 -55.07139 -268.6346 2926.868 -53.94091 -189.0875 2995.438 -44.04913 -130.3821 3085.058 -139.9093 -225.0587 3012.919 255.6102 -262.5385 3047.339 204.1926 113.3819 2904.154 186.4595 494.6638 2971.386 190.1635 583.8107 2803.895 83.56424 -264.2715 3082.738 83.94071 126.5835 3189.228 127.3725 405.4609 3460.758 113.1665 568.8275 3400.796 158.8799 -884.0222 2976.783 179.3425 -931.8142 2822.531 202.8909 -963.9376 2862.885 246.7257 -943.3937 2981.83 150.9314 -963.9727 2852.622 79.97215 -955.2038 2964.441 
140.713 166.2095 -261.7231 3007.545 163.7585 -440.8184 2988.917 160.9048 -583.5004 2969.963 161.8565 -802.0793 2954.313 195.7271 -766.0645 2956.166 336.6689 -736.0902 2963.734 360.3387 -490.3949 3093.646 354.6153 -279.599 2991.959 369.6784 -209.8521 3057.955 342.2952 -181.9738 2956.129 344.4336 -164.9117 2928.222 127.8935 -766.0115 2959.736 3.030486 -724.833 2978.021 -34.16285 -447.0841 3025.429 -60.57239 -263.2286 2878.107 -89.08786 -192.7047 2949.977 -94.56645 -132.5478 3038.545 -77.96504 -159.1353 2904.418 256.1106 -260.9049 2987.85 205.466 125.8717 2882.37 184.7908 502.1086 2966.964 189.5364 590.6123 2799.926 85.14166 -262.4608 3025.304 83.46617 134.2071 3100.055 129.4077 375.642 3403.189 121.8777 548.6371 3386.332 161.5012 -882.243 2935.023 176.7205 -927.9296 2780.14 201.0029 -960.7614 2819.183 248.4471 -942.4492 2936.604 148.9494 -960.0697 2810.521 81.71951 -952.1003 2924.128 
140.744 167.6113 -260.1477 2964.79 169.2063 -439.8218 2947.167 169.2668 -582.2339 2923.682 166.656 -801.8087 2916.539 201.2027 -766.2443 2917.978 343.6761 -741.5778 2922.551 357.1864 -477.7543 3014.315 357.632 -249.2925 2960.497 378.1716 -177.8613 3023.518 333.6457 -126.5714 2937.82 345.2856 -138.2512 2887.682 133.1322 -764.8826 2919.58 7.808924 -723.8915 2937.628 -26.90473 -447.0637 2995.545 -57.46773 -250.0864 2866.082 -72.10004 -174.2618 2937.112 -69.92469 -115.3105 3026.959 -62.33082 -139.1692 2836.522 259.1358 -258.1997 2953.213 209.4198 134.2295 2865.696 182.2256 505.8452 2970.916 183.3241 589.2902 2800.688 85.07953 -261.9042 2975.229 88.53136 142.3171 2994.51 115.1572 349.3931 3325.403 117.6525 521.8635 3351.336 165.3772 -882.8594 2900.329 187.7073 -920.1768 2743.637 207.4748 -956.8723 2781.992 248.4632 -948.6827 2903.283 156.0839 -952.3092 2770.26 82.16356 -946.8347 2880.197 
140.776 172.2621 -261.4417 2923.388 171.0587 -441.6818 2905.161 169.7709 -585.4141 2887.398 165.2906 -805.6249 2877.899 200.2572 -770.2421 2879.543 343.8096 -748.8302 2877.035 373.0257 -488.7901 2978.375 378.5705 -259.4366 2925.115 400.9827 -184.5389 2983.844 356.6862 -133.3658 2897.481 349.8409 -148.399 2859.256 131.9756 -768.3314 2881.52 4.622445 -733.4818 2901.533 -26.16428 -454.8358 2957.751 -45.76312 -249.2996 2838.359 -59.03372 -169.9212 2906.238 -57.84628 -107.1292 2993.918 -43.30206 -131.5639 2835.83 264.3777 -261.1092 2914.02 219.0782 137.7871 2850.06 178.2717 501.4157 2980.634 191.4105 583.3662 2809.459 89.19735 -261.7414 2931.836 93.65083 142.8574 2897.401 114.4866 333.0977 3240.195 105.5098 505.906 3266.479 163.2509 -886.7624 2860.776 177.9388 -909.8949 2699.921 205.1812 -946.3788 2733.939 254.2593 -941.3208 2852.841 152.6917 -947.8116 2726.094 87.19571 -959.8151 2841.279 
140.807 175.8804 -262.7549 2889.173 174.2983 -444.6479 2868.17 172.897 -589.8597 2849.719 170.4514 -812.4847 2840.53 205.4569 -776.392 2842.176 349.1519 -748.5836 2831.912 373.3327 -478.2811 2914.349 372.014 -244.3073 2870.503 394.9919 -161.8613 2919.923 350.9827 -101.2071 2838.169 339.6939 -123.9706 2812.369 136.4245 -775.0987 2844.07 7.56222 -739.091 2861.866 -22.66763 -459.0383 2926.467 -36.88315 -251.2391 2805.104 -54.15074 -169.4261 2870.924 -54.83863 -103.1821 2957.494 -35.76373 -135.9902 2815.771 269.1522 -262.6824 2881.519 220.3216 143.4338 2842.611 182.2245 507.1317 2985.69 184.5642 588.6472 2811.562 91.77308 -262.8203 2896.075 90.98026 144.5297 2845.768 107.331 358.792 3179.362 89.70445 531.6528 3146.137 169.1776 -894.541 2823.374 186.1909 -924.1672 2662.027 211.6573 -960.8071 2698.21 259.1451 -953.3136 2819.116 158.7464 -960.5609 2689.267 89.95195 -966.1182 2804.679 
140.838 179.8092 -266.9303 2850.226 177.8108 -446.7122 2833.985 176.0397 -589.1099 2810.568 169.2478 -808.3725 2798.775 204.457 -773.5336 2801.317 346.4935 -746.3176 2798.359 374.957 -474.7757 2858.734 384.3909 -247.3959 2801.378 415.7572 -193.2225 2876.046 387.4046 -99.80176 2826.817 354.7817 -120.7455 2794.431 136.4194 -770.8712 2802.25 8.897156 -737.8092 2821.049 -20.70389 -465.1877 2898.366 -28.48354 -251.335 2794.973 -29.15013 -158.1145 2843.099 -23.79962 -80.20537 2916.935 -5.900849 -131.6017 2792.659 272.0555 -267.807 2848.581 234.9466 135.1849 2830.714 186.7493 491.5105 2974.199 191.6884 584.4393 2809.049 96.6267 -266.1397 2851.71 84.3871 124.3496 2746.287 94.63808 352.0243 3064.261 60.50838 521.8556 3043.985 166.5701 -889.0187 2780.851 186.865 -934.5859 2626.094 213.5474 -965.048 2665.69 258.4471 -941.8727 2783.597 161.5616 -968.7808 2656.609 92.80344 -965.5645 2769.917 
140.871 179.5394 -272.9553 2812.638 177.6541 -452.9893 2798.442 176.3147 -595.2593 2773.867 171.6226 -814.699 2762.598 206.5066 -779.5138 2765.264 347.3687 -746.6983 2760.485 376.1944 -472.1725 2805.896 385.5434 -249.6511 2731.569 409.3626 -196.9023 2810.006 390.9815 -97.77943 2767.557 347.9624 -127.9572 2749.364 138.4136 -777.4791 2765.778 10.37587 -745.6025 2783.493 -11.14255 -474.081 2867.514 -17.36271 -252.7134 2780.97 -15.39552 -153.1618 2814.162 -23.7699 -64.27018 2874.064 10.40781 -132.2433 2707.581 271.8323 -274.0037 2813.677 240.6716 130.0449 2817.369 191.5007 481.9608 2971.464 190.486 585.1476 2812.351 96.31474 -272.0099 2811.701 88.41439 111.8999 2683.492 96.22079 378.6426 2969.793 56.4112 540.0299 2916.744 169.8 -895.4465 2744.86 193.0206 -929.9993 2587.61 213.6883 -966.7531 2625.458 254.494 -959.2814 2746.901 162.1831 -963.2773 2613.777 88.14096 -961.1615 2723.801 
140.902 177.851 -275.4725 2776.811 175.6334 -455.0506 2765.458 173.809 -595.9879 2736.657 173.3869 -814.7252 2726.252 207.4602 -778.9182 2727.306 344.4153 -735.7744 2714.165 379.5444 -462.1801 2754.23 381.0615 -245.4431 2666.18 414.5304 -195.4909 2742.457 386.459 -90.19048 2740.84 347.6932 -132.2139 2725.178 139.6704 -778.3481 2730.743 12.63304 -744.7197 2748.81 -9.837743 -473.0704 2828.574 -17.45663 -250.9401 2746.571 -17.03952 -169.5901 2812.287 -24.86584 -96.01505 2889.761 13.63293 -136.2388 2660.281 269.8148 -276.5836 2776.423 239.3817 125.3822 2799.934 191.4093 468.2641 2970.394 190.8391 586.9434 2823.352 94.92323 -274.4706 2777.162 77.64768 100.4621 2629.406 90.62091 412.2448 2863.284 64.95143 561.421 2777.77 172.5519 -895.2667 2708.898 189.8044 -923.1496 2550.168 210.1086 -962.2079 2585.518 254.531 -961.8874 2705.422 158.6365 -956.3634 2575.639 88.22337 -956.7273 2687.473 
140.948 176.3879 -267.7973 2742.736 174.3293 -446.0105 2728.85 173.0499 -586.6133 2703.283 172.7087 -803.6166 2687.978 206.5228 -768.0149 2689.106 342.6873 -724.4754 2680.085 375.9794 -450.9932 2707.874 377.5896 -242.6649 2604.878 416.4709 -189.1367 2675.111 379.1352 -208.8347 2575.407 377.6895 -134.6832 2672.588 139.2688 -767.6542 2693.992 15.27706 -731.5056 2720.148 -3.901268 -462.1133 2801.767 -11.402 -251.6943 2696.623 -8.298589 -163.368 2751.229 -24.11261 -87.93924 2824.623 14.32959 -129.2655 2615.065 267.7199 -269.0202 2744.891 241.2221 127.9129 2796.435 188.3826 472.7087 2955.478 201.8078 590.3368 2809.803 94.02975 -266.6945 2740.793 79.35437 93.40596 2565.634 98.66814 430.2542 2756 67.90234 571.1595 2660.987 171.6161 -883.2134 2668.929 191.6313 -907.7286 2511.057 212.3383 -946.5889 2545.793 254.8144 -947.1718 2665.507 161.2084 -941.9545 2535.359 89.78296 -946.0643 2645.438 
140.98 170.1322 -260.7442 2704.966 172.8291 -438.4019 2690.987 175.3225 -578.84 2667.058 171.6967 -795.022 2649.951 205.9052 -759.9934 2650.613 342.1732 -718.7538 2639.44 381.1666 -446.7857 2666.37 375.2564 -251.933 2541.132 435.4966 -186.448 2577.692 383.1978 -135.6057 2498.116 347.2555 -134.2004 2516.861 138.9921 -758.7793 2657.012 16.08526 -722.4263 2685.87 -2.222363 -452.778 2763.831 -12.58339 -250.9676 2644.584 -14.08502 -154.2407 2681.595 -22.68962 -69.68753 2745.115 8.510371 -130.7291 2576.135 261.1794 -259.5632 2707.521 236.6258 132.8885 2780.504 187.6155 466.781 2959.951 206.9712 593.0329 2823.161 88.03102 -261.8092 2702.661 87.17308 98.75468 2530.625 99.56452 464.724 2653.467 74.04302 580.0208 2528.149 169.0995 -874.1852 2630.308 184.163 -897.6611 2472.222 207.1751 -935.8465 2505.97 253.7415 -935.4282 2623.742 155.7459 -932.7327 2497.398 88.63954 -939.2114 2609.59 
141.011 168.4119 -257.5681 2659.678 170.7472 -432.8224 2650.792 173.2438 -571.3349 2628.609 169.98 -783.991 2609.221 203.586 -749.4235 2609.876 337.4292 -707.8238 2598.497 377.9316 -441.121 2632.004 370.2249 -267.5148 2484.169 405.6233 -183.713 2510.56 383.838 -148.2729 2412.747 363.4581 -157.2269 2413.79 137.7794 -748.4739 2617.007 16.60867 -711.7993 2643.613 -1.902774 -451.0263 2735.105 -13.36039 -257.0145 2610.174 -13.60137 -155.8492 2623.107 -28.4691 -59.67337 2661.116 7.218838 -135.5427 2544.978 258.018 -256.5693 2663.526 234.0003 126.3182 2752.416 172.9972 441.1706 2949.366 231.4784 583.2067 2847.553 87.61019 -258.4689 2656.208 83.62335 102.5464 2500.004 102.231 478.3163 2555.585 86.47153 582.7271 2422.931 167.3713 -861.7066 2588.966 191.3428 -892.6533 2435.822 210.4474 -929.3636 2472.138 248.7307 -924.9693 2590.739 160.5979 -925.0301 2460.248 87.36439 -923.9792 2566.299 
141.042 160.6735 -244.8863 2619.31 168.6521 -420.2495 2609.94 175.9274 -559.1641 2589.915 172.1458 -772.1624 2570.36 205.8336 -737.5533 2570.353 340.8857 -699.911 2556.732 377.816 -432.764 2594.342 353.9171 -257.8576 2449.194 414.7577 -200.0079 2404.983 342.6098 -129.9775 2369.956 348.1377 -145.8355 2364.905 140.077 -736.576 2578.858 18.73861 -698.0632 2603.07 -4.055191 -442.363 2708.311 -15.40847 -234.3388 2607.519 -9.3114 -153.5747 2545.251 21.23206 -75.63461 2482.44 15.18574 -152.4944 2515.408 250.1876 -241.176 2626.092 234.2311 140.5587 2724.249 178.3146 440.2331 2946.049 221.9022 600.9872 2866.46 79.9548 -248.2321 2613.194 87.61296 119.147 2470.891 107.1491 499.6083 2470.704 93.97102 585.9173 2325.025 169.073 -849.9894 2550.053 178.2906 -875.0745 2393.988 203.7814 -911.3179 2426.828 254.467 -907.3093 2540.929 152.6654 -910.2934 2420.483 91.44031 -917.3884 2533.924 
141.075 170.9487 -238.2876 2574.226 171.2559 -411.655 2562.426 171.9185 -549.3652 2544.146 170.9448 -760.4071 2530.853 203.657 -725.7026 2528.682 338.4538 -692.4166 2518.253 377.3862 -427.7843 2548.271 363.7238 -249.7225 2409.917 391.3177 -211.4439 2328.862 346.771 -117.6687 2311.584 349.2932 -152.7203 2310.326 138.994 -725.4977 2539.412 18.3474 -689.7645 2563.395 -3.063122 -434.7047 2661.885 -15.21504 -225.5176 2570.082 -3.995407 -148.2315 2506.058 14.49875 -68.2373 2443.124 16.72699 -153.019 2470.855 259.6627 -238.4142 2578.395 252.9875 134.6447 2691.655 216.449 380.9803 2968.88 230.8047 553.9172 2912.47 90.95138 -238.1735 2570.467 97.35934 127.7278 2437.075 118.3907 503.1846 2417.15 110.1923 591.9142 2274.868 168.4526 -837.9158 2513.059 185.4485 -868.8044 2360.569 206.8017 -904.6007 2395.709 250.2384 -898.9415 2511.155 156.8559 -901.343 2386.321 89.48978 -901.2368 2494.707 
141.105 170.3334 -223.5816 2532.294 169.8432 -399.5731 2518.088 170.1808 -539.4157 2498.889 166.9922 -754.1135 2491.041 200.6768 -719.2907 2488.621 338.6833 -688.9792 2481.464 370.1553 -419.677 2517.281 355.5224 -238.5123 2377.084 398.7968 -215.8521 2295.257 359.0389 -120.018 2269.35 347.8662 -147.6991 2266.959 134.7633 -718.067 2498.095 13.10734 -679.6115 2523.802 -2.229626 -417.7843 2617.958 -13.98261 -199.558 2538.765 -18.41585 -125.1273 2468.271 36.36016 -74.08109 2394.496 -3.916829 -122.6049 2441.801 260.1908 -224.4987 2540.554 240.504 157.5332 2643.712 211.5811 409.8322 2924.573 232.826 584.5279 2866.218 89.30502 -222.7547 2524.846 102.0406 150.6717 2394.346 124.5273 532.6331 2391.73 108.9176 623.8608 2248.439 163.9317 -833.2911 2475.001 177.0029 -851.8577 2317.6 199.3596 -891.1553 2349.607 246.5302 -895.3172 2465.791 148.4059 -886.8304 2341.703 82.80785 -895.4938 2453.219 
141.137 166.0233 -218.0755 2483.833 167.1772 -393.7739 2472.178 168.8988 -533.4971 2455.098 165.9544 -747.6325 2447.651 199.5458 -712.8834 2445.513 337.779 -685.5082 2438.435 368.6681 -417.7413 2480.156 355.1727 -225.7168 2356.259 408.6648 -211.8199 2278.939 387.9159 -122.2132 2224.953 351.042 -152.1139 2232.588 133.7162 -711.6938 2454.288 11.72949 -672.3176 2474.717 -12.43404 -417.037 2581.878 -25.53162 -186.2275 2564.654 -47.96102 -115.2294 2494.451 -18.03145 -61.69279 2409.437 -26.383 -106.7833 2474.554 255.548 -218.0987 2493.045 231.3595 169.4831 2566.03 205.0201 398.4652 2865.154 238.1065 580.0125 2876.815 85.29501 -218.0547 2475.525 103.4114 154.2008 2345.551 130.1276 534.3394 2365.524 116.2062 634.7354 2228.891 163.123 -826.6293 2431.776 167.0516 -855.9296 2275.954 193.4184 -891.5402 2308.949 247.9423 -884.8881 2421.373 142.0435 -890.3083 2304.245 84.43924 -893.9738 2419.968 
141.168 159.7797 -221.072 2438.349 162.5939 -396.0664 2430.971 165.3284 -535.7354 2421.132 163.4938 -748.4836 2407.845 196.7916 -713.7394 2407.326 334.28 -686.4564 2399.98 366.6473 -419.0289 2432.493 354.6936 -213.4981 2335.146 391.9324 -199.3773 2249.395 366.3648 -111.9915 2194.931 353.1883 -138.6957 2215.841 131.1409 -713.0521 2414.788 6.803907 -682.6855 2431.876 -14.33704 -424.7561 2529.137 -26.09906 -198.9637 2574.558 -59.0065 -102.7446 2569.811 -43.41389 -37.41547 2490.033 -30.75028 -92.62603 2500.774 248.6272 -220.1064 2449.335 241.889 170.1885 2495.554 241.0745 391.7422 2798.929 245.1537 551.0054 2890.875 79.66198 -221.9427 2428.442 101.6286 149.8894 2304.194 130.0914 523.8657 2362.836 117.2344 645.9116 2246.299 161.3379 -826.6173 2389.858 161.6069 -857.6346 2235.16 186.6013 -893.902 2268.028 242.7136 -888.6337 2379.013 135.5466 -890.2979 2264.05 79.81208 -889.9371 2379.995 
141.199 159.6909 -216.5205 2398.546 162.6355 -391.0252 2390.582 165.3876 -530.2702 2380.006 164.4931 -742.5737 2368.64 197.5454 -707.7778 2367.755 334.6739 -680.6954 2360.001 363.4417 -414.9364 2402.187 352.3348 -204.1784 2318.238 416.8459 -175.3804 2255.778 369.1465 -108.025 2189.557 351.1577 -120.1106 2210.548 132.0783 -707.321 2375.308 6.256461 -684.5665 2390.71 -21.98057 -428.6591 2489.434 -35.0423 -199.4559 2475.317 -65.02133 -132.6942 2545.696 -47.9214 -43.76347 2494.538 -41.71125 -74.24744 2498.255 248.5742 -215.4077 2407.025 233.8406 176.2403 2416.715 234.3026 383.7134 2728.701 226.6669 541.0315 2822.777 79.54097 -217.524 2390.901 100.8473 155.1883 2272.579 131.5752 523.5665 2354.45 113.7092 652.1915 2246.62 162.6634 -820.6668 2351.395 163.2464 -855.9028 2198.031 187.2733 -891.6172 2231.967 242.6716 -884.3481 2342.829 136.4568 -887.1559 2227.571 80.20142 -882.4942 2342.794 
141.23 158.3518 -214.4914 2360.706 163.1892 -389.0032 2351.346 167.416 -528.2496 2340.051 163.0909 -740.7032 2329.623 196.7826 -706.4695 2329.434 334.7353 -682.1835 2327.539 366.614 -415.3517 2360.987 375.0688 -195.7363 2303.047 384.8774 -166.5449 2213.851 356.6316 -66.97501 2191.482 354.8447 -96.20992 2207.6 131.1162 -704.8346 2335.295 6.002918 -677.9185 2350.487 -26.51683 -422.4673 2449.595 -39.67632 -194.586 2420.055 -62.54132 -134.2295 2498.523 -65.84502 -37.10185 2461.264 -40.03967 -71.22946 2433.936 247.2756 -212.4837 2369.232 236.0182 178.785 2342.973 236.927 376.7985 2661.345 224.7615 532.5029 2757.839 78.16533 -216.3018 2353.017 91.07325 164.1922 2260.098 129.9152 529.4693 2352.876 115.6416 645.0187 2230.507 160.3356 -818.8907 2312.68 175.9711 -862.611 2162.213 193.8452 -897.6667 2200.425 236.8402 -887.2764 2316.514 144.1725 -890.6797 2189.99 75.70167 -876.5372 2297.679 
141.261 156.9644 -213.6343 2327.405 164.2875 -388.7267 2314.906 170.3635 -528.3934 2301.334 162.9943 -741.8253 2291.162 197.3456 -707.9155 2291.11 336.6651 -687.9404 2294.144 359.7109 -420.0892 2336.369 370.4189 -194.0258 2305.542 374.2585 -163.8794 2215.716 356.3667 -60.09748 2200.476 355.7413 -79.02208 2230.086 131.3544 -705.311 2296.625 7.257357 -672.8276 2314.439 -34.85695 -415.313 2408.246 -57.42274 -187.0746 2378.299 -58.85495 -121.9167 2456.895 -90.48304 -50.88862 2386.934 -45.09137 -73.77734 2390.189 246.5071 -210.3056 2333.237 230.2346 179.9799 2279.95 241.6682 382.9933 2597.146 244.4338 554.3326 2665.491 76.21976 -216.636 2322.146 90.92345 166.847 2233.729 133.8088 523.6008 2359.621 123.0772 642.0819 2238.55 159.1872 -820.3774 2274.242 185.2302 -867.6736 2125.495 202.9353 -900.7791 2165.853 239.2446 -884.7184 2284.214 153.3502 -896.759 2152.58 78.21169 -883.213 2256.593 
141.293 156.0446 -217.067 2296.723 162.7426 -392.8243 2286.021 168.3617 -532.945 2272.629 164.8801 -747.2217 2265.207 198.7343 -712.616 2265.39 337.7584 -688.0787 2267.781 357.9511 -417.9827 2301.506 372.2872 -189.7826 2315.571 380.7673 -161.8938 2225.04 353.8282 -61.23529 2201.969 342.1636 -99.55167 2209.347 132.4129 -711.0921 2269.538 5.804121 -684.3281 2280.756 -33.90366 -423.3433 2368.235 -51.57114 -197.0209 2320.469 -92.05289 -118.6395 2372.471 -87.6905 -43.01111 2299.904 -54.29705 -79.05074 2324.048 245.9026 -213.9568 2301.883 232.7789 170.6553 2211.058 235.2311 392.2563 2517.141 249.8507 575.3482 2539.525 75.01569 -219.8717 2292.07 94.8373 166.7655 2213.775 136.5539 514.5234 2365.906 126.2155 640.2563 2251.599 162.773 -826.28 2249.242 191.0486 -866.6417 2098.376 209.0341 -901.2819 2137.527 244.1084 -889.7865 2257.175 159.3583 -897.5309 2123.927 82.84909 -889.8601 2228.014 
141.356 156.575 -222.2621 2267.246 163.7705 -397.495 2255.774 169.5823 -537.1602 2241.551 168.0434 -750.5883 2227.741 201.5025 -715.8031 2229.187 339.5665 -689.5463 2238.224 356.6265 -420.0253 2272.579 371.0192 -193.8646 2301.773 373.6058 -162.4844 2212.289 345.3307 -59.94678 2208.05 337.1118 -98.05201 2202.608 135.3157 -714.9777 2232.914 8.629486 -691.4409 2246.389 -35.56876 -429.7289 2326.993 -58.52206 -206.1553 2271.982 -85.3925 -132.3657 2337.295 -90.03367 -62.1426 2259.867 -59.3611 -85.39597 2256.163 246.32 -218.6657 2268.601 237.315 154.9787 2142.703 230.3693 413.2076 2417.171 247.1588 596.7983 2408.597 75.64796 -225.5052 2266.024 94.73804 162.0893 2198.104 131.8893 505.2054 2359.222 116.7356 647.2305 2267.398 166.7421 -828.9455 2209.454 170.0559 -874.3895 2057.852 195.6477 -906.8135 2094.379 250.201 -889.5615 2205.39 144.4051 -905.0458 2089.475 86.85636 -895.4256 2204.609 
141.388 157.7086 -224.8716 2236.695 163.3603 -399.4507 2225.961 167.9013 -538.2867 2209.316 169.2554 -750.5821 2192.55 202.0888 -715.4986 2194.201 338.5005 -684.2187 2202.921 353.7141 -417.1213 2246.566 366.5638 -192.9981 2283.497 361.2533 -143.2731 2203.366 329.7532 -54.73239 2154.351 332.8666 -110.9512 2178.173 136.216 -715.6695 2198.481 10.63894 -690.1283 2213.282 -34.73268 -429.5219 2292.714 -57.38972 -210.383 2225.306 -87.48894 -132.2068 2282.975 -97.38961 -64.00815 2204.841 -61.95778 -93.65178 2194.896 247.1026 -222.0091 2237.207 231.8824 141.0348 2088.293 235.9078 433.1926 2323.82 262.807 610.5955 2284.153 77.09813 -227.4529 2236.234 93.19817 161.7344 2189.866 135.4942 499.3232 2357.403 118.9214 640.6535 2266.1 168.9054 -828.3479 2173.243 174.6841 -883.6328 2025.748 196.793 -914.9088 2065.085 248.1493 -893.7362 2176.34 146.1854 -910.4055 2058.099 85.58933 -889.8033 2169.549 
141.419 154.7139 -222.896 2205.42 160.7606 -398.4134 2193.252 165.3972 -538.0681 2176.456 166.2663 -751.5359 2158.428 199.3896 -716.3704 2160.768 336.0732 -683.7626 2173.094 361.7684 -416.9366 2223.084 372.1153 -188.3399 2219.167 344.9498 -114.8549 2165.405 318.46 -51.87357 2083.551 329.998 -105.6537 2131.888 133.0681 -716.331 2164.102 6.726116 -690.1984 2178.054 -34.068 -428.3456 2261.507 -55.81105 -213.0976 2178.387 -83.26653 -129.4738 2230.541 -98.41683 -75.42477 2142.037 -60.61215 -99.85703 2140.261 244.6023 -219.6465 2203.215 230.9984 142.3604 2045.683 232.4444 465.9807 2240.095 260.8145 629.8058 2159.294 73.65764 -225.8263 2207.409 94.98374 168.1106 2198.822 135.4683 513.4209 2355.87 112.318 648.1658 2254.704 165.9278 -829.6555 2138.569 189.4942 -897.3436 1997.132 211.317 -922.6507 2041.107 251.138 -886.1708 2153.941 160.9734 -924.1282 2029.927 89.14581 -900.0093 2134.683 
141.45 161.7872 -217.1095 2173.027 167.2407 -393.4296 2164.018 170.5799 -533.4178 2145.781 168.5587 -747.9093 2131.903 202.2566 -713.0108 2133.142 339.3956 -679.5784 2143.475 358.6943 -414.7562 2209.452 359.0439 -190.2293 2161.295 331.6151 -125.791 2096.607 305.5789 -54.01111 2021.675 316.9998 -107.9053 2068.119 135.7657 -712.062 2137.314 10.55381 -679.5673 2152.125 -30.90135 -413.3233 2223.615 -58.46422 -203.9886 2126.176 -78.27074 -126.4756 2190.493 -94.7504 -69.60015 2103.594 -52.65829 -88.81467 2109.336 251.649 -213.9197 2164.995 231.8437 147.2263 2002.876 243.8512 497.9922 2145.378 248.3453 632.7079 2017.966 80.75472 -219.9859 2180.27 98.50836 174.4745 2209.409 137.7495 526.7189 2354.001 106.7061 647.3208 2237.326 166.9915 -826.655 2113.531 198.8776 -895.8113 1973.847 215.6678 -922.2696 2019.553 247.856 -887.6989 2135.839 166.2606 -921.1434 2004.15 87.00399 -893.165 2102.958 
141.482 162.2081 -211.1057 2146.905 166.0795 -388.2541 2138.432 167.783 -528.4946 2117.413 166.3406 -743.907 2103.389 200.0968 -708.7906 2105.012 335.1887 -665.117 2111.861 357.9637 -400.9015 2183.779 353.0923 -175.8601 2133.596 329.5019 -121.3911 2058.469 296.3483 -49.60836 1985.725 309.6703 -97.08701 2032.345 133.2768 -707.9739 2108.476 8.790612 -670.091 2121.411 -28.40987 -401.889 2192.604 -51.05807 -196.0195 2084.689 -86.90559 -117.1516 2140.571 -79.97192 -55.64705 2055.002 -58.14368 -72.67712 2075.852 252.434 -208.7233 2138.323 227.8636 149.2801 1966.032 239.4013 521.8412 2042.115 246.8971 636.5612 1895.548 80.8475 -213.2539 2154.644 93.95027 181.9418 2196.62 140.67 531.016 2350.727 102.9425 646.9437 2230.271 165.1275 -822.9881 2084.898 193.8219 -883.4984 1939.833 212.1945 -912.6179 1983.559 247.4696 -884.6833 2101.306 162.1537 -911.0731 1969.552 85.12025 -889.8566 2072.45 
141.514 162.4191 -207.9883 2114.641 166.3809 -381.9752 2104.923 168.1207 -520.1783 2087.189 168.965 -731.3829 2067.599 201.7632 -696.5854 2070.178 336.6313 -661.5878 2079.775 357.14 -404.4706 2159.547 356.0652 -184.6823 2104.403 345.7393 -120.7033 2036.206 296.8084 -64.1376 1961.7 319.5715 -111.1159 1994.64 136.0994 -696.5728 2073.528 12.30746 -665.9447 2089.219 -28.72618 -404.3629 2163.844 -49.74353 -199.635 2062.345 -63.72434 -106.6524 2100.024 -77.92136 -53.3964 2012.103 -47.71338 -82.91641 2040.2 250.597 -205.2883 2102.251 232.3673 153.9232 1948.573 238.7251 527.3715 1963.454 239.8212 634.6151 1815.136 82.90524 -210.423 2125.815 97.97231 176.8189 2175.511 150.3845 506.8404 2351.635 106.5929 642.9066 2262.605 168.6144 -808.5661 2047.3 192.3208 -875.6912 1907.374 212.5581 -901.4797 1951.144 251.1912 -866.8409 2063.608 162.8702 -901.5529 1939.294 90.80649 -876.1266 2041.99 
141.545 162.6149 -204.904 2077.129 164.7697 -375.5873 2065.363 166.1143 -511.9158 2054.243 168.8619 -718.9706 2032.444 200.723 -684.4886 2034.821 332.9574 -648.8442 2041.145 361.5514 -401.9616 2133.188 359.3168 -190.4706 2064.291 351.7371 -127.6854 1996.991 302.1673 -60.6919 1935.395 322.5497 -107.61 1966.125 136.3386 -685.2349 2039.261 16.14094 -650.4562 2055.101 -21.867 -392.5439 2125.528 -42.72419 -184.7993 2040.983 -55.52444 -96.29072 2084.456 -73.2394 -43.36477 1999.245 -40.99655 -89.69738 2085.542 248.0127 -202.5381 2058.448 235.2203 158.7423 1929.114 235.138 523.5839 1889.986 238.3116 628.262 1743.994 85.60791 -207.0374 2093.973 97.91988 172.3303 2148.982 148.4853 496.0788 2322.528 129.1134 642.6464 2248.578 168.9867 -794.4879 2011.594 196.981 -864.3204 1877.095 216.4713 -887.6819 1921.322 251.0284 -849.0756 2031.311 167.9902 -889.3649 1908.63 94.38261 -862.8393 2006.956 
141.576 164.4184 -194.1214 2049.438 172.0158 -365.6624 2040.553 176.3851 -502.2534 2025.781 172.9823 -710.6307 2007.157 206.0129 -676.914 2009.058 340.6699 -647.9882 2012.457 364.7928 -398.3213 2101.977 357.8762 -185.4755 2034.05 356.2072 -112.1825 1977.149 306.6236 -63.44636 1899.619 326.1587 -106.078 1927.291 141.3142 -675.6693 2013.415 20.93162 -641.7687 2033.975 -19.89017 -381.1947 2097.797 -36.83368 -175.1452 2005.63 -51.32129 -93.61914 2061.559 -65.21894 -33.70512 1979.737 -38.75914 -56.80075 1986.552 250.147 -189.3553 2030.724 238.0271 170.1717 1891.248 233.8805 536.6022 1850.355 233.2261 640.9536 1703.018 87.11317 -198.4193 2066.313 107.9194 184.8095 2101.565 148.1997 486.0609 2317.114 115.4779 642.9977 2273.594 170.8769 -786.8087 1987.402 194.7935 -846.611 1846.567 216.2612 -872.9736 1888.448 254.5979 -841.815 2000.191 167.1284 -874.4066 1877.361 96.55544 -856.0015 1980.44 
141.608 170.476 -183.8294 2016.012 175.0249 -356.7594 2007.318 177.7773 -494.7277 1995.849 179.8977 -704.5893 1976.307 212.2538 -669.7424 1978.122 346.0333 -633.627 1985.918 360.147 -376.678 2061.802 339.5561 -188.6183 1939.673 345.6823 -95.79944 1930.343 284.7191 -50.17335 1858.183 303.5514 -76.19366 1866.963 147.0997 -670.2697 1982.966 26.2034 -635.7594 2005.216 -8.957677 -371.6882 2066.533 -24.33085 -157.5634 1989.644 -23.3562 -78.60508 2052.07 -41.04236 -31.96558 1961.821 -24.19941 -60.54299 2052.624 257.3364 -180.7 1999.212 244.0519 177.7702 1849.584 237.1454 548.514 1827.749 235.766 664.9312 1688.013 92.15007 -186.6513 2031.161 112.8142 199.2225 2068.781 146.5951 482.4855 2312.738 117.1695 643.8137 2279.419 179.7145 -781.2858 1956.127 189.944 -847.6923 1815.329 215.0276 -872.8345 1856.459 264.1991 -837.4645 1963.602 164.7018 -873.9436 1849.924 103.6734 -850.0114 1958.936 
141.639 174.7883 -174.6575 1980.088 180.5752 -347.8297 1972.466 183.9626 -485.9691 1961.021 185.9115 -696.6957 1949.357 218.3467 -661.7963 1950.051 351.427 -622.318 1956.681 367.4805 -363.3197 2026.197 345.2093 -177.1626 1900.941 343.658 -85.20688 1883.484 268.9797 -44.93001 1821.555 317.5768 -59.66396 1829.853 153.0796 -662.0675 1954.544 32.14924 -625.8174 1974.712 -4.223831 -363.0482 2042.212 -16.42627 -148.1311 1966.077 -30.4936 -70.3496 2028.617 -35.10149 -24.52174 1936.208 -12.60247 -45.06462 2011.616 261.1136 -170.902 1960.308 249.2482 188.7289 1812.02 238.3267 560.4567 1818.232 239.172 679.6933 1680.573 96.94493 -178.044 1997.925 111.2762 209.103 2030.337 145.0174 473.2593 2295.569 116.9031 637.638 2279.263 185.7383 -774.1968 1932.043 202.9835 -832.9174 1788.318 223.6642 -861.7773 1829.551 266.566 -835.3856 1942.029 173.904 -859.7166 1819.397 106.1845 -838.7385 1925.215 
141.686 184.3956 -165.4192 1947.636 185.8279 -340.4685 1941.069 185.8648 -480.0959 1930.243 188.8135 -693.0789 1921.626 221.4005 -657.6614 1921.531 356.8993 -621.027 1922.373 381.0207 -363.7684 2005.218 371.3324 -162.4174 1899.247 338.8615 -99.42726 1836.656 246.9356 -59.2841 1802.082 335.9671 -73.34846 1813.718 155.5192 -658.1925 1926.614 34.386 -618.233 1946.736 2.525181 -353.1933 2018.696 -7.472261 -136.2441 1941.105 -12.72909 -62.16196 2010.736 -22.86284 -20.36905 1915.726 13.66149 -40.22516 1990.188 272.2148 -164.0487 1930.26 255.6378 193.4288 1767.603 239.5837 566.7071 1806.816 236.4388 685.769 1666.63 105.2051 -166.655 1963.305 109.5996 223.6358 2006.239 145.2516 471.2863 2291.748 116.9381 633.1215 2251.114 188.8921 -771.6113 1905.311 206.9507 -833.6633 1761.372 227.1556 -862.2913 1803.713 269.7689 -834.0894 1917.219 177.0135 -859.8585 1792.969 107.9058 -836.0563 1898.839 
141.702 189.0454 -166.4274 1915.998 192.0045 -339.3465 1909.602 192.9898 -477.2815 1898.874 191.8194 -687.674 1889.529 224.6841 -653.3138 1889.538 359.9173 -622.6381 1888.716 385.4963 -366.7555 1964.407 378.9523 -156.8734 1883.616 356.3391 -101.1692 1812.125 274.437 -56.97468 1763.899 331.6026 -88.21073 1778.619 159.6057 -652.5983 1894.629 40.91397 -611.4935 1916.928 12.61823 -348.8226 1986.263 3.523637 -132.148 1916.409 0.8297725 -62.67715 1989.086 -18.53037 -3.726739 1906.836 26.11772 -24.81546 1935.827 274.9394 -164.1811 1895.003 252.483 192.0884 1742.099 241.6019 559.7751 1791.41 239.3523 693.3033 1668.161 111.591 -168.4531 1934.929 100.1493 219.1535 1924.069 136.6102 434.41 2229.015 128.3358 598.9688 2257.436 190.3782 -765.1804 1873.106 212.0667 -823.8173 1730.317 233.7429 -851.2144 1771.881 273.9779 -821.9016 1884.33 184.1567 -851.8068 1761.243 114.5106 -833.6583 1865.999 
141.749 196.7761 -171.8803 1884.318 201.4839 -344.6598 1882.716 202.4156 -482.1839 1869.24 198.8138 -692.3148 1860.444 232.0396 -658.3849 1860.505 366.7027 -626.2754 1856.32 397.8177 -373.606 1939.229 395.1561 -158.6161 1873.89 369.2393 -108.344 1799.695 303.9577 -61.55666 1732.543 356.2779 -91.575 1769.053 167.0326 -656.8929 1865.308 49.54425 -611.9069 1885.497 21.16403 -351.529 1961.784 11.71782 -134.1215 1895.239 7.101009 -76.02657 1977.058 -16.03189 2.464093 1914.662 26.89206 -23.0491 1902.529 282.8218 -169.3517 1864.463 253.0076 190.342 1722.424 244.8106 555.0884 1787.998 236.3977 692.703 1669.947 119.1849 -174.1604 1902.222 100.7427 212.745 1893.05 138.6504 425.9617 2198.688 133.5588 591.6209 2219.146 196.5335 -769.7471 1844.234 206.449 -827.8861 1700.152 231.4984 -855.3193 1739.659 280.7682 -826.267 1848.353 181.2659 -855.9785 1733.157 120.5483 -838.2688 1843.22 
141.781 205.8101 -176.5691 1858.661 207.3328 -350.3435 1859.788 206.3287 -488.6381 1846.529 205.1848 -700.0275 1840.379 238.1964 -665.5336 1840.22 372.9669 -631.0246 1834.176 395.7704 -370.2172 1896.784 386.5472 -157.6842 1820.702 378.5559 -68.05054 1794.241 322.3148 -42.35151 1709.063 349.0247 -55.95799 1734.511 172.7944 -664.7254 1844.603 53.51906 -622.2452 1864.083 29.42836 -358.0721 1933.798 22.02201 -137.3964 1873.867 8.841676 -71.95301 1949.653 17.03114 2.088517 1877.857 41.56127 -24.6084 1838.311 293.559 -175.8892 1844.925 260.1209 188.8627 1711.092 243.6962 551.995 1793.316 238.0515 694.2205 1679.117 126.683 -177.1821 1871.048 109.8935 211.5157 1851.597 138.6212 431.7454 2155.747 129.2607 598.1526 2176.008 203.8924 -778.1013 1825.07 210.2151 -828.1975 1676.911 234.6019 -859.0773 1714.652 286.2337 -838.4211 1824.91 184.0579 -857.3256 1708.648 124.7521 -843.6933 1820.834 
141.812 215.9071 -176.8488 1840.481 213.6419 -351.5295 1838.612 210.1857 -490.405 1824.158 209.2187 -702.8953 1817.327 242.3738 -668.1884 1817.232 378.1172 -634.5298 1811.124 396.7062 -368.8081 1858.838 391.2525 -152.385 1790.154 386.7716 -58.82158 1779.315 332.1491 -28.38631 1693.953 348.3212 -42.83202 1717.96 176.6302 -667.4487 1821.721 56.4632 -626.2689 1842.914 33.5452 -361.1875 1915.26 29.37992 -140.3233 1851.212 13.93955 -72.47441 1925.147 28.34096 -4.972704 1847.342 44.4468 -26.09738 1805.453 304.4732 -177.8763 1829.176 261.2181 187.744 1694.492 241.6159 547.7445 1796.406 234.0388 689.9997 1680.815 136.0431 -175.9222 1850.675 114.8748 213.4401 1814.52 154.9541 441.2185 2114.271 121.8054 606.5086 2105.944 207.9708 -781.3364 1801.698 212.8282 -833.5855 1653.349 240.6947 -862.2366 1690.857 294.7076 -836.1211 1799.54 189.71 -864.0813 1686.552 133.0843 -852.6635 1801.116 
141.843 222.4728 -176.8451 1822.884 218.3732 -353.7277 1822.28 213.1361 -493.902 1804.08 213.1216 -709.198 1801.554 246.5482 -673.9105 1800.95 379.2053 -624.1563 1795.888 393.4858 -351.9382 1824.196 385.932 -135.0405 1747.991 399.4651 -41.06107 1758.209 345.9144 26.12662 1694.164 368.3937 -0.6412193 1709.442 179.9371 -673.3623 1805.065 58.87912 -630.0562 1826.97 35.81785 -361.9901 1901.707 28.07885 -141.6988 1826.415 20.56875 -71.30499 1900.987 37.67268 -13.24874 1814.779 47.95504 -27.38237 1776.039 312.3141 -178.8929 1812.803 271.7928 197.3876 1692.799 240.9675 561.6494 1794.455 237.7052 693.5228 1663.623 141.4589 -174.9985 1831.974 112.3946 215.4921 1769.02 147.1019 456.6842 2065.057 106.805 620.6653 2038.489 212.2978 -788.9497 1787.345 222.5046 -839.9324 1636.705 245.8931 -871.6529 1675.796 295.45 -851.2415 1789.524 194.6512 -869.3239 1668.218 131.1829 -854.8742 1780.676 
141.875 223.7134 -181.1716 1806.452 220.568 -356.3955 1802.264 216.4848 -495.6213 1786.763 211.9759 -708.8076 1780.413 245.7921 -674.5219 1779.666 380.1822 -634.3169 1772.355 400.8424 -366.4205 1811.546 390.9409 -159.2376 1717.12 430.6299 -73.50473 1722.334 378.808 14.69332 1693.897 378.4001 -22.84521 1694.845 179.9318 -672.71 1785.303 59.67443 -632.5563 1810.291 39.18412 -367.0778 1885.449 31.87658 -150.7319 1805.427 23.98038 -77.04382 1875.331 33.53555 -13.39422 1793.179 48.02462 -38.15 1755.512 312.5506 -182.49 1794.893 274.8262 194.6584 1689.648 248.7789 554.0602 1796.81 234.2106 690.4496 1674.045 143.6051 -179.9828 1816.876 114.22 203.7607 1737.596 138.7739 472.5925 2004.893 92.5757 634.3177 1985.028 209.1908 -787.5176 1764.934 225.982 -845.3038 1618.957 247.991 -874.3884 1660.122 292.2366 -847.7806 1773.485 197.5386 -873.2388 1650.502 130.0298 -854.3078 1758.477 
141.906 219.2401 -181.776 1793.698 218.5179 -357.312 1786.038 216.9216 -496.9426 1770.815 212.0636 -710.4481 1760.327 245.9906 -676.1112 1759.88 382.6158 -643.0693 1751.941 402.7918 -375.1146 1795.108 391.832 -165.5865 1704.799 433.9995 -87.12711 1672.246 391.8262 10.45541 1677.139 398.7859 -29.76331 1685.547 180.0469 -674.3367 1766.284 59.97604 -634.7127 1794.359 39.30107 -369.0424 1871.113 31.3123 -154.5492 1784.88 19.08411 -83.73628 1857.424 30.00842 -23.41152 1772.67 46.3154 -41.6576 1736.092 308.4844 -181.7074 1783.711 272.4604 198.2004 1684.594 247.3781 556.526 1798.414 235.7751 695.0047 1677.046 138.7647 -181.8379 1802.704 118.4676 199.4904 1706.298 128.9484 487.2634 1955.418 95.96254 648.8531 1915.213 209.0039 -789.0176 1743.306 216.4826 -847.5294 1596.454 243.6286 -874.9312 1635.836 295.9755 -844.5425 1745.036 192.4361 -876.7324 1630.59 133.3433 -860.3853 1744.131 
141.937 220.8768 -183.0435 1779.718 220.577 -358.9629 1770.776 219.4679 -498.9037 1755.097 213.5491 -713.0416 1747.443 247.6896 -678.7734 1745.984 385.8287 -651.9915 1734.963 410.5078 -383.2285 1774.973 405.1602 -169.6174 1692.617 408.7496 -102.6368 1625.239 436.3859 -27.84858 1696.126 410.4667 -76.92738 1599.393 181.7039 -676.6275 1753.478 61.76759 -637.6779 1784.43 40.79956 -371.1853 1860.777 27.90784 -158.8341 1768.486 22.9791 -88.09378 1842.314 23.8184 -27.6243 1756.644 44.78299 -47.41558 1723.825 310.4421 -182.7334 1770.614 271.997 200.5019 1681.8 248.3711 560.4636 1793.899 234.6162 697.5323 1670.466 140.1119 -183.3232 1787.928 112.3365 198.2318 1690.238 126.6507 511.4559 1907.955 91.51755 667.135 1848.873 209.8762 -792.0084 1731.456 208.8676 -842.4565 1581.039 238.4787 -871.8551 1617.274 297.2309 -847.0621 1724.978 186.9433 -873.7353 1614.956 134.4846 -864.0318 1732.806 
141.971 220.3417 -186.0697 1765.577 221.3758 -362.0766 1755.994 221.291 -502.0721 1739.881 214.1457 -716.421 1735.789 248.5233 -682.3583 1733.995 387.6501 -660.5486 1723.167 413.6822 -391.4232 1761.141 402.2019 -206.5663 1626.194 419.7765 -118.3402 1595.226 442.705 -41.95772 1666.204 401.8511 -89.83336 1566.747 182.454 -679.6992 1740.985 61.4661 -640.847 1768.114 36.95058 -375.2004 1847.022 26.6613 -163.0421 1753.557 14.00402 -86.20209 1820.11 8.44129 -23.16786 1736.397 39.7826 -53.11204 1709.29 309.9164 -185.0224 1756.006 268.3736 200.8018 1679.397 248.8966 561.0234 1792.351 233.8222 696.5664 1667.204 139.5682 -187.0142 1774.207 111.5135 194.7449 1676.271 123.4109 522.9103 1871.427 91.81499 669.8793 1791.404 210.1124 -795.6794 1721.098 205.9287 -836.5788 1567.747 236.199 -868.2718 1601.475 297.2208 -850.3953 1709.39 184.586 -869.9201 1600.088 134.5023 -867.5733 1719.437 
142 216.6396 -189.5754 1751.014 220.5564 -365.4963 1744.412 222.5501 -505.3654 1728.601 215.5957 -719.4958 1724.37 249.8859 -685.4312 1722.311 388.8304 -664.5029 1709.49 414.8419 -396.3461 1752.026 401.2902 -216.2093 1611.409 415.3245 -137.8839 1559.436 435.2726 -70.42045 1639.593 399.025 -99.49449 1541.503 183.9459 -682.8497 1729.873 63.5657 -642.3284 1756.617 41.23643 -376.8458 1835.712 27.63905 -167.8002 1736.433 6.437141 -87.78732 1796.605 2.455834 -25.40128 1712.453 38.2787 -56.80799 1694.024 306.1044 -187.2274 1741.523 267.8746 200.5423 1675.913 247.8572 560.0651 1789.688 236.9801 700.0895 1669.418 135.9653 -191.6928 1759.572 108.3686 189.6449 1661.513 121.1089 529.3932 1834.796 100.4755 675.7622 1750.581 211.5192 -798.6623 1709.654 208.2947 -839.6014 1556.461 237.3634 -871.9172 1590.559 297.3753 -855.3538 1699.097 185.8006 -872.3608 1588.531 134.3559 -868.6999 1707.121 
142.031 214.9188 -186.4765 1735.767 219.2566 -362.0353 1730.507 221.7086 -501.8908 1717.762 215.9294 -715.5615 1712.996 249.9502 -681.3813 1710.943 388.9103 -662.017 1699.395 415.0779 -394.4571 1741.654 400.9646 -220.0606 1594.832 411.2213 -146.2334 1536.209 426.6098 -89.24745 1624.747 401.0607 -103.0178 1523.686 184.1655 -679.1862 1718.664 62.69349 -641.1761 1742.591 42.67231 -375.2662 1818.608 27.20922 -165.7234 1721.903 2.610991 -88.89445 1784.491 -1.685113 -24.94505 1701.835 31.81062 -52.92874 1679.917 304.0665 -183.9604 1725.308 266.0152 203.7542 1664.83 249.0507 556.236 1796.847 240.4162 700.6758 1682.397 134.5303 -188.7454 1745.199 105.2951 194.2054 1658.091 120.8446 543.6713 1808.403 102.2138 687.6273 1720.421 212.2569 -794.5318 1698.115 207.9942 -835.7647 1545.397 237.5283 -867.7158 1579.237 298.2318 -850.499 1686.96 186.0706 -868.5356 1577.667 135.7577 -864.9728 1696.427 
142.063 215.8837 -186.1779 1721.334 218.7657 -361.3873 1717.492 220.3624 -501.1846 1708.064 214.7022 -714.3907 1705.568 248.6125 -680.2962 1703.009 387.315 -662.4788 1690.02 415.877 -395.6011 1730.875 400.6461 -218.6785 1588.083 407.9415 -153.5855 1519.823 424.4987 -90.59393 1603.653 397.5569 -103.7405 1510.608 183.0179 -678.0616 1710.986 62.07351 -639.5347 1735.101 41.56965 -373.0753 1806.536 27.02644 -165.2889 1707.241 2.569176 -83.31315 1762.536 -1.13504 -18.03808 1681.212 31.99359 -51.55003 1666.044 304.9084 -184.4979 1711.501 269.3917 204.1902 1662.991 248.6293 555.1688 1795.924 238.6661 701.5419 1684.79 135.6063 -187.6928 1730.202 104.3516 195.6503 1650.005 119.505 546.6937 1794.281 104.8579 691.4058 1707.568 211.018 -793.3273 1691.565 205.8346 -833.1751 1538.896 235.3869 -865.4149 1572.23 296.5682 -849.3091 1679.512 184.0412 -866.0745 1570.932 134.4905 -863.369 1689.704 
142.094 214.7571 -184.8903 1709.451 217.8044 -359.9758 1706.718 219.7058 -499.7866 1699.487 212.904 -712.7667 1695.664 247.0206 -678.8804 1693.957 385.6866 -658.6714 1686.479 410.3554 -390.767 1721.235 399.9588 -215.2242 1576.612 408.4691 -150.0394 1508.687 422.9057 -84.19157 1590.584 393.8348 -101.3693 1497.555 181.3508 -676.3174 1700.674 60.88501 -636.4969 1724.521 39.73389 -368.7037 1789.632 26.1835 -159.4199 1693.837 2.263904 -80.92466 1754.048 -1.199479 -12.51383 1675.444 33.23219 -48.63419 1647.808 303.7574 -183.1949 1700.07 269.07 206.2177 1660.104 249.3601 556.6735 1793.715 242.7371 704.6597 1684.735 134.5016 -186.4192 1717.91 104.5909 198.038 1644.368 119.4279 548.327 1789.697 103.0919 694.8585 1706.689 209.0513 -791.5371 1681.153 205.9294 -833.0319 1528.999 233.3505 -865.9652 1563.386 292.502 -850.9527 1671.842 182.1064 -864.614 1560.85 129.9283 -858.4657 1678.248 
142.141 215.1638 -180.9513 1698.542 217.1341 -356.4289 1695.749 218.4395 -496.6133 1689.899 211.5028 -710.0832 1690.028 245.7384 -676.1813 1688.098 384.514 -654.6493 1680.661 407.6848 -385.1359 1707.729 396.602 -209.9333 1561.974 411.5164 -132.3539 1509.698 427.1506 -78.01077 1599.711 391.8779 -98.51378 1486.552 179.8507 -673.4493 1693.964 58.6284 -634.3602 1716.669 39.00917 -365.5933 1780.773 26.34808 -157.0892 1682.005 2.967002 -76.86633 1740.496 -1.18729 -11.84008 1658.815 34.3868 -47.32632 1634.901 304.613 -179.8411 1691.9 268.6316 210.3043 1651.882 247.8377 555.8263 1799.703 242.2483 703.1923 1689.166 134.5034 -181.9523 1704.532 104.6104 204.4223 1636.732 119.9187 550.9366 1792.804 104.5334 695.1921 1705.02 207.76 -789.2828 1676.937 204.5313 -827.5651 1523.595 233.0893 -860.6157 1557.123 292.7864 -846.4752 1665.705 181.6991 -860.5034 1554.97 130.1551 -858.2568 1673.089