24.437 228.0199 -434.711 5279.421 227.4769 -584.8225 5275.39 222.5673 -704.5072 5267.409 226.7144 -885.0531 5239.479 252.8649 -853.4557 5235.022 358.994 -802.2054 5210.77 301.6481 -587.3998 5142.408 232.5461 -540.348 4965.989 224.7654 -507.166 4892.452 157.5414 -497.8374 4831.904 163.1166 -537.7111 4865.902 199.9069 -857.2183 5254.768 97.26808 -816.3482 5247.83 81.06107 -581.7575 5277.4 106.6611 -396.4288 5213.514 59.47548 -351.8323 5271.829 109.0441 -329.1697 5200.966 87.46761 -300.6753 5254.539 283.9572 -433.5024 5226.886 206.1993 -106.8724 5255.413 286.3479 201.4691 5302.421 193.4657 313.0917 5240.955 177.5788 -435.8008 5326.795 203.4891 -109.1885 5249.62 334.1714 170.4833 5146.628 257.1595 263.9253 5066.717 224.2521 -950.5394 5218.669 172.6193 -937.1122 5094.381 201.0255 -973.9225 5101.977 281.696 -994.9359 5168.586 159.5173 -972.2609 5116.503 152.969 -1003.544 5222.052 
24.468 0 0 0 0 0 0 0 0 0 0 0 0 0 0 0 0 0 0 0 0 0 0 0 0 0 0 0 0 0 0 0 0 0 0 0 0 0 0 0 0 0 0 0 0 0 0 0 0 0 0 0 0 0 0 0 0 0 0 0 0 0 0 0 0 0 0 0 0 0 0 0 0 0 0 0 0 0 0 0 0 0 0 0 0 0 0 0 0 0 0 0 0 0 0 0 0
24.5 0 0 0 0 0 0 0 0 0 0 0 0 0 0 0 0 0 0 0 0 0 0 0 0 0 0 0 0 0 0 0 0 0 0 0 0 0 0 0 0 0 0 0 0 0 0 0 0 0 0 0 0 0 0 0 0 0 0 0 0 0 0 0 0 0 0 0 0 0 0 0 0 0 0 0 0 0 0 0 0 0 0 0 0 0 0 0 0 0 0 0 0 0 0 0 0
24.531 0 0 0 0 0 0 0 0 0 0 0 0 0 0 0 0 0 0 0 0 0 0 0 0 0 0 0 0 0 0 0 0 0 0 0 0 0 0 0 0 0 0 0 0 0 0 0 0 0 0 0 0 0 0 0 0 0 0 0 0 0 0 0 0 0 0 0 0 0 0 0 0 0 0 0 0 0 0 0 0 0 0 0 0 0 0 0 0 0 0 0 0 0 0 0 0
24.563 0 0 0 0 0 0 0 0 0 0 0 0 0 0 0 0 0 0 0 0 0 0 0 0 0 0 0 0 0 0 0 0 0 0 0 0 0 0 0 0 0 0 0 0 0 0 0 0 0 0 0 0 0 0 0 0 0 0 0 0 0 0 0 0 0 0 0 0 0 0 0 0 0 0 0 0 0 0 0 0 0 0 0 0 0 0 0 0 0 0 0 0 0 0 0 0
24.61 0 0 0 0 0 0 0 0 0 0 0 0 0 0 0 0 0 0 0 0 0 0 0 0 0 0 0 0 0 0 0 0 0 0 0 0 0 0 0 0 0 0 0 0 0 0 0 0 0 0 0 0 0 0 0 0 0 0 0 0 0 0 0 0 0 0 0 0 0 0 0 0 0 0 0 0 0 0 0 0 0 0 0 0 0 0 0 0 0 0 0 0 0 0 0 0
24.642 302.5153 -409.86 5029.622 297.3534 -554.075 5019.137 290.2944 -669.5239 5020.34 273.7624 -844.6406 5028.252 301.5123 -817.8214 5037.783 406.3676 -787.0943 5076.541 502.3104 -586.6772 5105.787 579.2894 -449.9089 5002.102 614.6241 -386.7906 4972.67 616.8814 -306.5271 4937.569 585.0038 -355.3837 4932.395 250.9423 -813.467 5017.722 164.942 -761.55 4981.889 120.9277 -541.83 5025.84 144.8362 -356.5243 4988.775 169.9001 -276.3368 4992.254 217.0565 -238.5626 5053.646 215.4114 -273.1867 4984.204 373.1386 -413.9538 5051.163 372.0642 -90.15897 5027.32 334.7608 210.5797 5093.976 346.8171 343.5649 5021.497 238.8312 -406.1684 5010.197 240.8692 -88.70071 5076.5 232.6915 155.2963 5273.256 246.7229 290.7463 5241.688 271.5633 -910.4636 5021.086 292.5847 -942.9999 4896.657 315.6237 -966.0555 4928.251 348.6094 -946.2336 5023.59 274.4808 -972.5506 4920.313 218.1888 -976.584 5010.345 
24.673 0 0 0 0 0 0 0 0 0 0 0 0 0 0 0 0 0 0 0 0 0 0 0 0 0 0 0 0 0 0 0 0 0 0 0 0 0 0 0 0 0 0 0 0 0 0 0 0 0 0 0 0 0 0 0 0 0 0 0 0 0 0 0 0 0 0 0 0 0 0 0 0 0 0 0 0 0 0 0 0 0 0 0 0 0 0 0 0 0 0 0 0 0 0 0 0
24.705 0 0 0 0 0 0 0 0 0 0 0 0 0 0 0 0 0 0 0 0 0 0 0 0 0 0 0 0 0 0 0 0 0 0 0 0 0 0 0 0 0 0 0 0 0 0 0 0 0 0 0 0 0 0 0 0 0 0 0 0 0 0 0 0 0 0 0 0 0 0 0 0 0 0 0 0 0 0 0 0 0 0 0 0 0 0 0 0 0 0 0 0 0 0 0 0
24.751 0 0 0 0 0 0 0 0 0 0 0 0 0 0 0 0 0 0 0 0 0 0 0 0 0 0 0 0 0 0 0 0 0 0 0 0 0 0 0 0 0 0 0 0 0 0 0 0 0 0 0 0 0 0 0 0 0 0 0 0 0 0 0 0 0 0 0 0 0 0 0 0 0 0 0 0 0 0 0 0 0 0 0 0 0 0 0 0 0 0 0 0 0 0 0 0
24.783 0 0 0 0 0 0 0 0 0 0 0 0 0 0 0 0 0 0 0 0 0 0 0 0 0 0 0 0 0 0 0 0 0 0 0 0 0 0 0 0 0 0 0 0 0 0 0 0 0 0 0 0 0 0 0 0 0 0 0 0 0 0 0 0 0 0 0 0 0 0 0 0 0 0 0 0 0 0 0 0 0 0 0 0 0 0 0 0 0 0 0 0 0 0 0 0
24.814 0 0 0 0 0 0 0 0 0 0 0 0 0 0 0 0 0 0 0 0 0 0 0 0 0 0 0 0 0 0 0 0 0 0 0 0 0 0 0 0 0 0 0 0 0 0 0 0 0 0 0 0 0 0 0 0 0 0 0 0 0 0 0 0 0 0 0 0 0 0 0 0 0 0 0 0 0 0 0 0 0 0 0 0 0 0 0 0 0 0 0 0 0 0 0 0
24.846 278.0833 -319.8001 4844.043 271.2291 -462.7546 4821.147 265.247 -577.5653 4806.694 261.5407 -753.7477 4799.252 234.7703 -724.3345 4801.216 129.0388 -680.4736 4820.828 25.45487 -488.2384 4872.959 50.7408 -395.2103 5034.858 37.65329 -361.1337 5104.049 80.90027 -304.7937 5155.64 102.1214 -338.8155 5124.351 289.3486 -724.8635 4798.053 388.3656 -689.823 4817.615 504.3005 -492.7399 4810.967 515.4622 -342.6625 4928.277 485.4463 -267.9112 4903.656 491.204 -218.4881 4833.162 454.7371 -291.9569 4840.352 204.7089 -314.857 4835.145 179.7273 8.288563 4808.1 174.0541 307.2568 4723.257 160.6411 425.9993 4817.512 344.2483 -324.2575 4852.066 348.9689 -18.00779 4960.417 350.446 281.37 5055.424 373.0419 325.9047 5186.245 260.7899 -819.6102 4807.355 272.1251 -829.7307 4937.013 249.8027 -862.9944 4915.497 195.5567 -870.1597 4828.243 292.1016 -859.208 4914.682 329.7645 -869.9526 4815.706 
24.877 275.7919 -322.7147 4817.013 270.5168 -470.7759 4792.95 265.6708 -589.879 4779.174 262.1916 -772.1875 4768.474 234.5828 -741.9681 4773.479 128.9349 -697.3006 4809.645 55.8133 -508.3282 4923.643 107.3952 -436.2799 5097.498 53.00936 -380.0808 5118.64 81.25548 -298.9061 5148.257 102.1946 -324.9507 5120.319 290.603 -742.0524 4765.273 396.121 -709.8805 4773.801 511.6968 -503.1147 4776.569 533.1077 -383.9069 4932.705 528.1055 -298.577 4915.309 544.6424 -221.2017 4873.784 473.5004 -313.8706 4855.247 199.6283 -318.6645 4808.789 175.2496 14.0444 4762.4 171.5101 318.6276 4658.351 155.7792 433.8105 4764.78 344.472 -326.3669 4824.43 346.0561 -13.70683 4948.682 342.8806 294.826 5051.638 355.1701 335.5046 5190.284 262.531 -840.5366 4775.644 270.9507 -818.5303 4908.765 248.0836 -857.2594 4894.813 194.033 -885.9982 4807.474 291.9272 -853.7648 4894.164 333.2856 -889.2523 4798.347 
24.909 270.6382 -319.5013 4780.304 264.9673 -468.9363 4758.263 260.5881 -589.1105 4746.338 255.8185 -771.8538 4725.874 228.6919 -741.8655 4735.335 125.3855 -693.1821 4775.68 95.40878 -463.7127 4811.253 195.5254 -392.8286 4964.777 136.759 -374.7022 5018.39 103.6768 -338.1465 5095.532 142.2963 -365.0122 5069.734 283.9992 -741.249 4721.485 387.7834 -701.193 4715.165 484.7787 -486.1111 4750.461 525.2903 -400.5899 4925.522 524.3955 -312.7488 4925.435 549.0577 -235.7986 4885.832 473.0919 -313.4102 4854.619 193.4628 -316.9284 4782.717 190.1869 18.71526 4733.887 191.5354 322.1656 4619.877 177.4254 407.3583 4753.06 340.2306 -321.8214 4778.128 329.8844 -13.28442 4917.779 316.3252 291.6158 5036.76 359.2896 291.4323 5176.334 256.8033 -840.9767 4729.224 284.7475 -921.96 4835.039 242.5387 -927.4885 4814.138 176.1738 -864.1369 4758.288 280.3796 -942.147 4796.375 287.5284 -914.7817 4689.028 
24.94 269.5433 -317.1449 4759.381 262.2419 -469.7383 4737.67 256.5611 -592.3567 4725.438 244.2384 -778.9333 4708.219 218.4302 -747.3231 4719.703 138.3625 -689.2243 4793.868 280.8008 -497.7022 4806.345 426.9239 -468.305 4940.602 377.275 -430.1361 4995.504 314.133 -375.5887 5037.596 323.4044 -466.0078 5002.75 273.4451 -748.6876 4700.748 377.2939 -705.3927 4684.058 442.2245 -471.3692 4702.058 481.9458 -379.2678 4878.71 495.7126 -291.4344 4890.417 515.633 -206.8044 4860.763 447.1504 -264.3889 4851.438 190.8022 -313.7776 4762.196 191.2568 27.91855 4706.227 195.8375 337.4218 4589.236 195.3459 443.6111 4711.618 340.5475 -320.1812 4756.844 346.956 10.3088 4858.659 346.4388 336.6781 4931.452 391.7392 353.2238 5072.511 243.3925 -849.4346 4712.738 297.58 -943.6108 4799.398 249.3441 -942.4081 4795.473 175.1538 -865.7659 4770.1 276.2162 -960.1818 4763.742 246.8409 -924.2022 4660.378 
24.971 263.2666 -293.4218 4711.179 256.3815 -447.5656 4695.488 250.3538 -571.2454 4689.135 243.8266 -759.7568 4695.624 217.2326 -727.5793 4704.167 123.873 -674.4281 4766.638 96.13913 -456.534 4863.924 250.2516 -426.3011 4990.374 306.74 -407.5669 5049.243 349.9956 -390.3028 5130.818 328.1925 -509.2938 5020.945 271.8345 -729.6699 4683.266 380.7761 -698.6226 4667.833 492.6201 -480.8916 4667.602 497.7949 -441.8155 4867.942 501.5174 -355.5859 4893.913 534.0076 -269.1759 4892.227 467.4478 -327.0836 4846.362 184.366 -289.2494 4704.81 183.5584 55.4423 4656.78 196.6951 374.0509 4562.226 191.3486 490.3481 4676.11 334.4147 -297.1844 4716.921 338.7209 17.96499 4863.624 339.8107 331.657 4984.29 362.9524 353.6639 5130.686 245.5777 -829.493 4708.913 275.1894 -943.602 4783.853 232.0917 -942.4454 4761.295 163.1391 -863.0826 4728.241 271.2635 -949.959 4739.501 278.6297 -886.6412 4645.11 
25.019 261.7181 -299.2305 4669.909 248.4108 -449.5388 4646.763 237.2871 -570.2562 4632.671 228.6889 -755.2007 4647.982 201.8353 -723.1245 4651.003 100.2224 -663.7655 4684.387 62.7606 -471.3716 4816.663 190.7666 -443.5569 4965.76 250.995 -424.0704 5018.506 308.2457 -401.1946 5087.414 296.7057 -492.8425 5007.226 257.8854 -726.2791 4638.177 365.6923 -695.2969 4629.15 492.0731 -491.9865 4601.869 508.3506 -412.9944 4785.957 529.1044 -364.2435 4857.116 519.3071 -282.8471 4896.34 465.5698 -319.2885 4850.813 184.4669 -291.2377 4662.418 180.3326 50.91715 4646.17 202.0215 368.2847 4568.779 191.0992 489.801 4672.761 331.379 -306.438 4676.664 350.4741 4.568756 4818.116 366.7355 314.3955 4932.972 383.013 357.3342 5073.13 228.0935 -823.0409 4664.812 273.1364 -906.9741 4763.973 229.9138 -916.2029 4745.518 152.1835 -857.2357 4698.101 268.0678 -925.4892 4724.08 264.0022 -891.1124 4617.443 
25.05 250.3811 -311.5874 4626.326 238.5154 -463.9874 4605.575 228.6685 -586.1487 4591.829 226.814 -773.1973 4607.655 198.4569 -741.8157 4610.359 96.82548 -691.0468 4659.066 24.27517 -488.7451 4763.499 142.5515 -442.2614 4918.645 193.5683 -378.8685 4936.287 282.3433 -355.2446 4953.33 217.1059 -502.7433 4977.637 255.3029 -742.9092 4597.973 361.9345 -703.425 4599.231 459.976 -483.0544 4566.05 470.5458 -381.6521 4741.694 509.5583 -380.3986 4822.401 509.0351 -296.1024 4858.844 469.3319 -307.7527 4839.838 172.4024 -304.282 4617.262 186.9315 41.4257 4607.152 234.3525 352.8875 4506.225 208.5193 470.8536 4614.191 320.698 -318.175 4634.498 341.5843 -7.111132 4784.072 360.0446 303.4186 4906.501 370.1454 328.5468 5053.057 228.6028 -841.6902 4624.816 250.0854 -911.6987 4742.896 205.9433 -914.5734 4723.26 145.0423 -850.1241 4658.815 241.7218 -936.7757 4706.806 248.7707 -925.3679 4594.311 
25.082 234.3753 -304.0474 4599.73 227.4865 -450.2767 4572.556 221.8649 -567.7922 4554.468 211.5412 -748.5895 4548.511 185.8956 -717.6191 4556.025 87.88144 -671.2928 4605.831 23.92992 -503.0597 4750.042 116.3914 -466.3147 4916.081 171.841 -413.0116 4939.37 249.4361 -367.5566 4946.086 214.64 -501.6662 4976.082 240.0534 -719.7272 4541.299 347.2306 -697.8058 4532.432 464.7394 -495.0589 4549.923 476.8094 -407.4684 4724.866 496.9427 -351.477 4787.69 524.6518 -304.9141 4857.841 458.9245 -357.3979 4815.649 158.3974 -300.1462 4597.998 173.5537 33.32129 4583.928 194.1178 349.6375 4545.504 202.0331 455.8928 4659.923 302.888 -307.5653 4601.292 325.4716 -8.197814 4747.091 344.6694 289.6706 4869.637 371.4851 327.6682 5005.76 210.6234 -816.2147 4557.092 248.5487 -860.851 4677.731 204.6302 -869.783 4664.56 134.7228 -823.7089 4599.878 239.073 -891.3603 4648.683 233.8264 -899.4615 4539.764 
25.113 242.3763 -327.7104 4565.1 234.0341 -480.0113 4541.158 225.7438 -602.7987 4531.663 211.2184 -790.1206 4530.417 184.8616 -757.2286 4535.19 86.55168 -695.7428 4578.318 48.82104 -496.5208 4705.13 108.2882 -435.0944 4886.735 182.5964 -413.785 4917.861 256.5414 -366.3945 4949.969 195.8136 -490.1837 4962.026 241.9435 -761.0643 4524.288 349.247 -723.6213 4518.184 376.5004 -482.7634 4543.159 370.8295 -375.4258 4715.678 426.9925 -353.4756 4782.124 490.5099 -319.4517 4839.19 433.345 -349.7484 4790.723 164.692 -321.5069 4552.705 184.414 24.04112 4568.267 216.6668 352.8867 4546.974 213.0515 429.8122 4689.645 312.4276 -333.3045 4576.277 315.6593 -26.62241 4736.626 321.5168 280.1948 4869.971 331.1236 286.9704 5018.673 207.9879 -859.8887 4541.353 161.929 -953.0187 4633.789 188.4392 -969.7898 4596.879 208.1905 -937.2218 4493.991 206.3639 -947.7727 4632.11 279.4149 -868.1365 4597.779 
25.144 237.3844 -322.0432 4533.206 223.2483 -476.8762 4516.354 210.9951 -601.2306 4512.238 200.5933 -790.7515 4526.093 173.8416 -757.5721 4531.527 76.61816 -701.3479 4587.106 40.12649 -498.1292 4713.793 124.6473 -420.7837 4881.75 196.1181 -404.4574 4923.586 281.5781 -372.6579 4949.218 186.4955 -480.4377 4956.764 230.1479 -761.3926 4514.354 335.9524 -724.1465 4487.752 381.7889 -481.6215 4486.828 406.4671 -348.4133 4641.861 430.1048 -360.8125 4728.738 467.5982 -330.8785 4808.527 426.1981 -338.9383 4752.318 158.2225 -313.9927 4525.645 182.987 35.21302 4549.979 214.4722 369.0798 4554.488 176.9958 446.725 4694.254 308.7681 -329.3026 4540.025 327.1663 -18.43345 4700.981 346.7261 292.2665 4834.924 349.5063 303.9289 4985.537 200.1957 -860.4626 4542.45 163.3847 -955.5873 4639.595 185.5985 -972.3355 4599.18 193.9979 -938.1192 4493.786 207.9665 -950.7218 4632.84 278.4775 -870.3636 4590.87 
25.175 234.8578 -329.581 4519.893 219.7913 -483.0869 4500.595 207.9173 -605.6209 4483.628 200.2707 -794.1464 4470.094 173.3482 -762.7087 4480.617 78.11915 -712.7191 4543.438 60.89125 -507.8017 4668.685 144.2713 -421.9275 4831.513 205.281 -402.5947 4885.766 283.1036 -372.8736 4929.632 178.6975 -466.6984 4933.678 229.0616 -763.1345 4462.341 330.3092 -715.2985 4438.039 333.7578 -470.8408 4458.47 345.3614 -342.0232 4617.062 311.2322 -356.1085 4699.511 268.7922 -317.288 4772.007 343.2451 -317.8045 4703.865 156.2601 -320.9014 4512.215 183.9768 25.10238 4546.638 216.6902 356.6408 4558.492 205.8261 418.3218 4709.229 305.7328 -337.4077 4526.817 326.1333 -22.87733 4675.358 348.4088 293.948 4787.626 363.2765 319.2077 4934.918 201.0556 -865.0594 4476.138 158.7016 -955.4887 4574.278 182.1055 -973.9285 4535.669 195.4339 -943.7856 4430.243 203.3392 -951.6732 4569.271 276.6037 -874.5658 4527.808 
25.207 245.5177 -325.5973 4497.929 238.5704 -481.0375 4472.38 232.5242 -606.9277 4470.051 217.3859 -798.0063 4461.174 249.574 -769.0352 4462.304 373.514 -746.3524 4452.958 438.0844 -513.4098 4487.894 411.7977 -319.195 4427.803 419.2581 -234.5017 4431.6 364.3069 -159.8313 4408.683 364.2954 -209.0306 4383.365 190.3686 -763.9321 4464.826 82.66022 -720.243 4465.067 51.41558 -482.9197 4533.126 80.17349 -280.0493 4499.832 72.74097 -263.5411 4410.003 110.8353 -203.6267 4348.596 133.7011 -319.0942 4397.984 325.991 -329.4962 4499.768 305.9097 17.06377 4431.317 327.6905 273.6057 4650.534 344.0771 437.7299 4636.052 172.9513 -322.0814 4496.271 188.553 30.93329 4504.047 280.1712 299.7304 4694.091 288.5236 446.6559 4654.723 211.3142 -868.3401 4446.052 206.2108 -838.642 4307.265 209.6902 -886.3138 4320.014 251.367 -942.447 4407.569 170.5592 -862.027 4323.789 120.5874 -878.9811 4426.867 
25.238 256.0083 -316.7975 4462.917 244.3681 -473.7293 4438.154 234.8525 -599.3149 4419.278 218.7838 -792.4304 4424.546 251.3466 -763.2179 4425.863 376.9984 -740.8565 4427.944 442.8673 -503.654 4444.694 457.1359 -321.0435 4348.055 429.5931 -264.7627 4406.932 368.3494 -190.2862 4410.292 382.7845 -224.9626 4376.509 191.5562 -757.776 4423.366 82.76965 -714.4631 4414.509 47.05088 -480.0244 4498.011 61.96546 -276.544 4449.479 89.03288 -274.4576 4360.972 127.3574 -188.7884 4347.341 144.554 -324.4736 4389.082 335.1993 -325.3335 4479.787 305.7027 16.93711 4380.998 311.9388 299.7943 4572.463 341.3966 444.028 4493.027 184.5982 -309.1003 4447.704 250.8801 39.79507 4410.524 286.4127 315.1111 4615.738 307.3992 445.3478 4536.466 213.2863 -864.4704 4414.543 177.6599 -872.1371 4275.768 194.5872 -913.9475 4297.289 263.1815 -937.5646 4384.181 151.5931 -897.2388 4304.483 124.8584 -897.0045 4418.376 
25.269 233.1932 -319.7838 4430.647 224.1086 -471.2508 4406.452 216.944 -592.2637 4386.593 204.994 -778.8199 4382.331 235.8623 -750.1488 4385.022 356.0975 -725.8138 4395.517 435.3765 -505.1072 4436.143 465.5004 -320.0072 4367.332 426.5681 -260.8969 4410.556 369.0003 -187.7834 4409.392 388.625 -229.0005 4375.084 178.0992 -745.884 4382.856 76.06322 -696.8221 4386.159 133.4366 -470.9954 4453.399 189.9566 -278.3644 4428.502 156.1723 -267.2781 4346.589 229.5161 -214.904 4330.92 175.9712 -335.5961 4337.415 310.2314 -326.5844 4444.294 263.1642 -0.2608299 4343.381 262.221 281.9951 4513.424 320.4378 394.8234 4413.853 163.7245 -313.6514 4418.341 263.0783 10.79488 4359.236 297.9225 306.9808 4507.357 314.707 405.3969 4397.493 201.0091 -847.8257 4369.211 175.5231 -893.6957 4241.148 189.1042 -926.3619 4273.896 248.6998 -924.3481 4365.36 147.8018 -908.4574 4272.758 114.69 -875.7955 4375.573 
25.301 224.4755 -308.1563 4406.251 218.4115 -459.2619 4384.157 213.6162 -579.9932 4366.006 203.5103 -765.5563 4358.614 233.7796 -736.851 4363.395 353.7192 -714.3113 4373.556 437.7025 -500.3072 4430.042 489.536 -308.5235 4426.856 430.1704 -251.7178 4419.545 363.7255 -188.8492 4405.367 411.4339 -238.9189 4386.079 176.5042 -733.0073 4358.075 72.62854 -689.9476 4351.155 123.1033 -455.4398 4325.848 165.1425 -259.7574 4305.238 218.2676 -232.8669 4239.333 220.6771 -208.2763 4326.9 248.2512 -328.9405 4285.572 302.0865 -312.4029 4413.993 261.1674 8.017838 4298.793 249.1742 317.0776 4407.243 314.2969 423.5985 4306.407 154.4902 -304.3269 4399.27 261.0374 11.26003 4319.179 306.1849 329.2882 4399.894 315.7194 434.2479 4296.479 200.8478 -834.0323 4344.443 202.7857 -878.017 4214.018 210.9876 -910.6208 4248.206 251.2006 -908.2021 4349.058 170.2246 -894.3612 4239.257 116.627 -865.2039 4333.465 
25.332 213.5167 -304.4363 4373.462 212.5901 -457.7594 4356.02 211.7532 -580.4944 4343.574 203.2904 -767.7752 4332.67 233.3823 -738.671 4339.368 355.1391 -720.6346 4351.16 437.4055 -509.8674 4428.252 493.602 -317.4382 4436.01 420.7936 -278.4859 4446.915 413.7103 -206.4945 4387.733 410.0284 -228.87 4420.23 175.8346 -735.088 4331.384 68.02581 -701.7032 4317.162 96.10304 -459.9633 4307.702 122.1799 -259.4306 4288.226 188.0949 -200.4546 4273.408 181.6995 -174.5183 4361.307 230.4346 -273.1951 4275.029 292.2244 -305.4736 4378.399 261.6827 19.8831 4263.868 249.6667 344.5877 4326.631 298.4292 435.244 4201.487 142.5426 -303.5008 4369.009 229.3495 23.65476 4297.714 280.8241 352.1605 4333.314 278.6442 439.7696 4212.704 201.7777 -836.6906 4317.155 211.1471 -841.7189 4178.572 237.148 -873.9629 4203.636 281.7889 -877.103 4303.741 192.4111 -877.4185 4197.992 140.5011 -901.0291 4295.928 
25.363 239.4982 -303.5468 4323.923 229.1152 -458.7619 4310.599 220.6012 -582.6387 4297.873 201.5933 -771.6818 4298.949 233.9853 -743.6367 4301.01 356.1663 -717.2377 4306.114 434.5709 -509.6014 4402.171 489.673 -317.7085 4438.794 420.0243 -271.0785 4447.525 420.2578 -190.8889 4397.407 409.6282 -228.4478 4420.103 175.498 -737.246 4298.371 71.01854 -690.1414 4287.827 72.3599 -444.7893 4310.659 100.7654 -258.1273 4229.416 158.3496 -202.8512 4272.562 182.5265 -177.0502 4358.524 213.995 -271.0418 4258.726 318.6999 -308.1066 4315.322 358.4679 31.65948 4239.661 389.9537 351.7328 4332.786 404.0982 453.1491 4204.746 168.0785 -299.435 4331.679 238.6322 38.1451 4272.141 307.0151 366.6033 4228.316 292.5894 415.0986 4086.213 195.0547 -841.9641 4287.626 253.9465 -826.5444 4160.858 267.3345 -865.687 4187.089 272.8105 -889.986 4295.201 227.0212 -862.6282 4165.663 141.049 -894.7906 4234.379 
25.411 232.3223 -293.8399 4314.259 223.9939 -453.2457 4298.072 216.8333 -580.0155 4279.9 199.7786 -774.3143 4271.092 232.7028 -745.2148 4274.587 358.4283 -718.4166 4276.072 436.0377 -515.1671 4396.186 494.9642 -330.8744 4474.099 418.7552 -306.0199 4506.864 475.6679 -228.8005 4491.341 408.3083 -261.4763 4462.737 172.5127 -739.2928 4272.395 64.04342 -694.3975 4258.032 60.41725 -443.0566 4288.599 86.15283 -243.7859 4223.453 164.8918 -197.4481 4242.076 212.2582 -188.7691 4324.565 195.3207 -262.7892 4195.786 313.8337 -297.2593 4305.993 315.7793 50.96608 4214.597 318.3384 390.4861 4158.868 315.1789 441.0664 3998.196 158.8199 -290.7565 4321.712 222.6375 55.04763 4246.307 285.2693 393.331 4195.992 252.9736 448.3172 4054.71 193.937 -845.9257 4255.785 238.7579 -847.8422 4118.416 249.1342 -888.3023 4146.506 265.0069 -907.7768 4257.71 206.2732 -879.2886 4129.403 123.6598 -892.7612 4212.331 
25.442 224.6558 -281.866 4268.651 220.8389 -439.3052 4246.604 217.5812 -565.9679 4236.216 204.3459 -759.0302 4235.784 236.0666 -729.4328 4240.936 363.1542 -720.6824 4243.77 440.1861 -533.3727 4383.959 500.3253 -359.812 4478.825 424.6138 -334.7856 4510.579 510.9536 -323.0958 4469.528 402.283 -329.7792 4458.828 176.8376 -724.8206 4232.641 67.25032 -687.6442 4213.949 56.27562 -437.7502 4234.486 70.02811 -230.6718 4206.956 155.5078 -195.9671 4212.376 219.1208 -220.579 4278.027 193.5011 -262.6606 4196.098 305.8728 -284.1242 4270.716 305.3015 62.60118 4186.372 303.4564 399.6289 4134.336 324.5081 449.2808 3976.301 151.4189 -279.8297 4266.789 210.5484 71.57904 4258.167 261.2718 410.4057 4295.344 264.4048 490.1167 4164.044 201.0849 -830.7722 4223.786 245.7619 -829.6647 4087.708 254.4527 -871.0607 4114.164 269.1566 -894.7239 4223.673 212.3831 -859.9492 4097.474 129.8408 -873.0172 4179.051 
25.474 225.3709 -278.4372 4229.403 220.5909 -437.6769 4206.149 216.3665 -565.9994 4197.087 206.2399 -761.628 4200.685 237.9325 -731.0417 4204.76 365.7953 -714.2152 4207.977 433.8731 -526.1733 4356.962 482.2929 -343.3474 4446.627 434.3665 -348.4378 4518.935 480.7495 -300.9894 4447.479 389.4133 -296.8002 4491.208 177.7625 -727.5246 4197.313 64.92012 -691.8209 4188.555 58.90151 -438.3013 4204.615 67.68383 -227.7173 4182.184 153.2794 -193.1708 4166.876 221.0909 -232.8768 4221.756 169.0314 -259.4391 4114.071 307.5437 -281.3655 4232.565 278.8145 68.56501 4147.453 249.6768 409.421 4100.776 301.9835 442.9754 3943.55 151.272 -275.7965 4226.552 189.707 75.67328 4298.882 218.9874 408.4674 4399.493 231.4288 491.7632 4268.721 203.9502 -834.5326 4190.013 242.0863 -836.1054 4050.115 252.2973 -877.4789 4077.232 272.8591 -899.2474 4187.647 208.8821 -866.5775 4062.316 129.6577 -878.2089 4149.313 
25.505 222.6203 -269.4227 4194.386 218.4378 -426.3209 4170.086 214.5047 -552.7659 4159.22 208.7631 -745.736 4168.44 239.3079 -714.7621 4171.853 364.5869 -692.4285 4170.45 422.6665 -498.2542 4309.893 471.7342 -336.1965 4428.059 407.8321 -340.8885 4485.007 457.9697 -277.5881 4432.732 367.5724 -332.5477 4461.653 179.9664 -712.8469 4163.844 70.505 -674.0209 4149.097 59.55205 -423.5992 4147.699 83.12696 -229.425 4073.805 157.018 -183.9877 4105.348 177.8957 -190.0587 4197.366 199.2303 -262.238 4120.397 303.5715 -272.3894 4199.607 271.1228 70.36993 4107.521 235.9678 406.6175 4066.147 303.1323 458.0294 3922.41 149.623 -266.7475 4189.677 188.1157 73.93521 4285.578 221.9873 393.945 4407.686 230.084 490.1132 4288.392 208.2075 -817.9687 4160.045 232.021 -832.1053 4019.7 242.9612 -871.162 4048.644 272.9139 -885.0722 4156.561 199.3813 -859.4856 4037.204 129.6074 -860.3796 4130.668 
25.552 219.5617 -264.2604 4176.744 216.5234 -422.3885 4149.76 213.7091 -549.6201 4133.747 214.6775 -744.863 4134.101 244.2354 -712.7128 4140.077 369.8368 -686.483 4148.058 401.0916 -459.7645 4244.925 419.5382 -255.9516 4285.264 374.2695 -246.5867 4358.49 402.4875 -217.5035 4270.168 324.1706 -253.9536 4339.431 184.5794 -712.4904 4129.885 73.6677 -677.1694 4108.941 53.26559 -425.7111 4130.687 70.16849 -220.528 4083.466 151.4292 -180.946 4106.355 187.5204 -203.7761 4191.793 191.202 -261.0456 4117.408 301.3535 -266.7373 4182.049 266.3971 80.15025 4092.237 227.6891 420.9355 4064.77 294.5077 468.2263 3917.518 145.8064 -262.0268 4171.959 168.6804 75.49191 4294.018 167.7726 355.7821 4499.755 195.8402 482.0372 4414.32 217.0678 -817.3392 4122.345 223.6455 -812.9666 3978.052 240.8645 -854.5689 4000.557 285.67 -878.8366 4102.544 195.0562 -845.0386 3995.91 137.443 -862.5889 4097.184 
25.583 218.914 -276.5222 4108.78 216.2559 -435.4648 4092.532 214.2698 -563.0709 4086.882 218.3316 -757.0262 4100.209 247.5474 -724.3253 4102.308 373.7947 -703.5623 4097.375 387.2887 -457.7058 4122.568 388.0227 -255.9599 4073.035 340.7567 -225.5264 4138.443 358.951 -220.9001 4043.5 300.2341 -251.2174 4134.777 187.6598 -725.5056 4095.581 75.91437 -699.8213 4068.603 19.75274 -455.5256 4096.309 16.32393 -249.4842 4053.999 75.14194 -194.3593 4100.1 92.85935 -220.9915 4189.69 126.0515 -271.5134 4028.092 300.5579 -277.7206 4107.146 259.7961 74.31671 4052.558 217.7504 411.5803 4096.328 247.6933 466.3745 3940.585 145.2921 -275.4417 4110.253 128.2569 65.27168 4219.429 173.2107 293.0901 4476.317 169.5658 442.3146 4436.924 221.1923 -829.8028 4093.249 241.5223 -802.9752 3953.316 262.023 -844.8351 3971.776 299.1469 -878.287 4073.734 216.2175 -840.5618 3963.026 152.0166 -880.1647 4052.922 
25.615 218.5365 -273.9339 4077.039 214.499 -431.4047 4053.933 212.9168 -558.595 4049.443 220.7976 -752.1372 4045.459 249.2864 -719.2969 4050.271 374.4256 -696.7534 4060.57 388.15 -450.9006 4074.09 394.9752 -273.0453 3968.444 337.2766 -228.0254 4013.48 354.4726 -237.0342 3919.027 302.8274 -244.1903 4021.507 189.603 -721.0615 4043.836 75.77293 -698.1185 4026.82 31.11928 -455.2594 4073.329 50.76713 -264.6181 3988.467 66.28178 -194.489 4046.792 28.44617 -179.3251 4132.361 148.2795 -275.6497 4047.447 299.339 -274.601 4067.467 256.2445 78.54903 4034.903 222.4139 414.7149 4084.104 238.3324 462.328 3924.639 145.6734 -273.3322 4085.671 115.8107 66.96901 4188.924 170.4495 285.7719 4450.034 157.3822 438.3499 4435.605 224.9963 -823.674 4032.086 207.018 -837.5735 3890.5 235.7435 -871.5195 3913.248 300.1537 -872.9441 4006.241 189.1855 -871.4604 3916.295 154.0857 -885.5417 4026.932 
25.646 225.2558 -273.2227 4044.402 223.7704 -430.2336 4021.356 224.0183 -557.0543 4017.716 228.9678 -749.9775 4025.033 257.9146 -717.4638 4027.482 383.0293 -694.9389 4030.537 401.7603 -454.3419 4077.328 408.085 -255.942 4021.072 342.1142 -220.9961 3979.075 388.3363 -184.2025 3903.255 308.8582 -207.2209 3987.731 198.3118 -718.6681 4022.033 85.13212 -693.3182 4006.762 56.12724 -447.203 4043.112 71.33859 -249.9849 3975.841 101.0932 -184.3634 4033.413 79.92917 -204.2933 4123.309 182.2563 -262.9621 3999.067 305.989 -272.841 4036.597 259.8006 79.30535 4010.544 220.4277 410.0909 4080.26 237.3659 472.8374 3926.809 152.4551 -273.567 4051.44 117.14 66.87334 4148.391 158.7712 282.0321 4413.444 136.0013 432.5334 4395.029 231.8988 -822.0032 4015.879 238.8662 -804.8992 3874.136 260.1298 -845.7095 3893.147 306.1132 -873.263 3992.361 214.0938 -840.8766 3888.63 158.6573 -872.7321 3986.076 
25.678 241.242 -264.688 4016.486 237.3842 -424.4596 3991.709 234.9062 -553.0544 3978.521 233.955 -749.7256 3985.823 264.479 -717.5176 3988.101 389.7123 -684.2098 3987.495 420.713 -454.5872 4082.715 413.403 -258.8293 4006.347 328.165 -241.1923 4012.914 366.352 -192.5538 3936.948 332.6387 -239.9356 3929.822 203.6878 -716.8701 3983.036 88.91748 -684.6909 3985.215 27.92569 -437.2086 3971.657 36.99479 -247.417 3875.585 55.491 -174.8961 3932.439 67.65671 -100.1527 3991.898 135.6487 -242.2075 3936.838 323.5419 -265.4904 4008.846 269.4696 93.36806 4008.782 219.3498 431.8981 4065.138 246.7381 488.1336 3907.252 167.0286 -263.9644 4023.375 140.2613 97.56207 4024.778 159.0163 276.6592 4325.456 133.8623 430.6667 4317.551 234.6059 -823.1747 3976.428 258.7658 -814.0632 3833.068 278.0475 -854.278 3857.264 312.6253 -876.0688 3964.671 232.0033 -850.0239 3846.862 164.1773 -877.1692 3940.509 
25.709 241.4017 -262.7069 3991.568 237.8862 -420.9711 3966.139 235.3545 -547.9607 3948.909 233.9874 -743.0643 3947.749 264.3938 -711.3227 3950.628 388.7151 -679.1578 3946.829 431.0517 -458.9463 4053.559 429.0943 -257.1388 4001.43 345.787 -237.2692 4013.838 377.5936 -184.4039 3938.848 357.0532 -228.3881 3923.116 204.0229 -710.3425 3947.144 90.62772 -677.9919 3955.105 33.82071 -431.4112 3953.255 35.96055 -236.1184 3873.188 58.35641 -168.8286 3933.625 91.21946 -88.4221 3973.193 136.6991 -226.7489 3927.336 323.0064 -263.3251 3984.134 268.9856 92.35471 3988.045 219.9565 422.8759 4069.143 245.632 490.5974 3917.156 167.8152 -262.1494 3998.272 143.5975 92.38493 3944.587 139.7157 270.8069 4242.708 102.3889 412.0364 4191.179 234.1756 -815.4107 3935.289 247.7369 -819.2934 3791.568 268.8941 -856.7639 3817.619 310.9554 -868.4973 3922.848 222.5859 -853.6176 3810.308 162.4596 -872.1346 3909.84 
25.74 239.0603 -258.8517 3966.637 236.2275 -417.3499 3941.452 234.5585 -544.8037 3926.651 235.669 -740.1301 3926.767 265.8212 -707.9518 3927.086 388.0109 -672.4993 3908.26 450.6242 -467.5731 4034.353 444.5807 -260.8897 4006.246 369.6946 -217.5254 4002.1 386.9578 -174.6836 3916.557 387.0695 -212.7362 3915.858 205.2868 -707.7583 3928.295 92.31036 -676.4834 3944.352 26.64964 -431.964 3935.726 28.37109 -247.1225 3833.331 50.30032 -173.0389 3885.601 83.95855 -88.17796 3913.832 121.4864 -212.8499 3890.921 320.5895 -258.8617 3957.529 266.2914 97.01255 3969.185 219.1307 421.555 4073.765 227.8459 486.244 3918.368 165.5419 -258.8427 3974.849 148.9605 86.66531 3875.85 153.6687 294.6299 4154.64 102.6738 428.689 4095.686 235.8405 -812.6343 3914.748 228.9479 -821.9871 3770.644 255.3025 -857.5073 3794.721 312.4734 -863.1634 3893.252 208.2782 -856.5074 3794.05 163.7914 -873.2391 3901.923 
25.771 233.7235 -257.4713 3932.268 232.7166 -414.3104 3905.536 232.2595 -540.5472 3889.951 234.0368 -734.151 3891.328 263.8077 -702.1471 3891.753 385.6006 -665.9036 3881.471 456.4392 -450.5865 3978.195 480.8835 -245.1925 3978.354 434.0226 -173.8467 3968.955 390.2038 -188.3688 3884.368 401.2128 -215.6623 3891.297 203.7946 -702.1617 3892.32 89.94193 -676.4407 3903.774 20.56449 -436.7755 3932.1 24.95734 -242.0508 3855.046 53.66782 -165.2528 3897.792 88.76996 -79.24152 3916.277 127.9762 -210.0806 3890.41 314.8961 -257.1683 3927.433 261.4081 94.91319 3952.795 216.2584 389.738 4118.506 195.0402 478.1735 3978.357 160.5266 -257.7445 3936.628 180.8217 86.67511 3846.325 180.6808 343.3664 4076.525 114.5364 454.3017 3993.181 234.5836 -806.0934 3879.882 229.68 -816.5349 3737.043 253.5955 -852.7533 3761.7 308.2719 -860.1523 3860.379 207.1102 -849.4318 3760.223 160.4546 -862.6404 3866.533 
25.819 231.1756 -246.0357 3897.458 232.5687 -402.3809 3872.739 233.6784 -527.7969 3855.887 242.498 -720.2138 3857.987 270.92 -687.3278 3856.567 385.8498 -634.3063 3848.352 460.5294 -415.2752 3929.385 475.8052 -217.7946 3873.55 459.538 -158.3413 3932.713 398.332 -229.4827 3913.107 362.1974 -232.6073 3897.486 211.3829 -689.4828 3860.565 100.8257 -659.0098 3882.103 26.56083 -425.8136 3932.287 -2.603382 -251.5598 3821.772 36.95832 -176.0526 3856.358 70.27612 -99.61733 3900.268 102.935 -220.7809 3881.941 312.075 -245.3484 3897.671 261.5389 104.3199 3934.389 214.8572 402.5195 4089.742 225.2831 489.7545 3948.638 158.2249 -246.6554 3897.267 164.1694 91.70102 3790.599 167.8089 379.8826 3976.642 112.3572 473.6371 3869.297 244.9806 -791.7954 3846.897 216.9829 -817.9065 3709.559 256.1793 -841.0099 3729.464 327.3882 -819.2993 3813.784 212.3704 -853.7233 3737.899 194.7258 -870.749 3851.534 
25.85 224.185 -256.8654 3867.788 229.4456 -412.9716 3844.053 234.1351 -538.424 3830.186 239.1521 -730.5543 3835.085 268.0667 -698.3625 3831.67 390.0981 -666.4391 3820.957 470.1786 -440.1944 3868.771 487.6779 -251.5241 3789.505 496.6235 -170.1259 3813.289 437.4412 -219.9742 3869.581 397.2574 -179.582 3847.172 208.8956 -699.1992 3838.714 97.93812 -673.6382 3863.166 30.82331 -438.6783 3912.792 -19.4942 -236.8903 3909.551 42.95861 -169.7289 3905.2 84.94297 -85.67096 3900.971 103.5256 -221.0462 3881.776 304.5271 -253.0746 3860.663 269.5057 97.80035 3897.315 247.177 379.253 4084.607 226.56 490.7343 3963.49 151.737 -260.2838 3874.213 141.2178 63.72184 3731.656 143.5339 378.8418 3865.499 102.746 462.3955 3744.451 239.6162 -802.2009 3825.116 211.465 -788.5573 3686.299 236.6665 -828.8451 3700.391 305.4381 -854.1901 3785.427 191.1456 -823.8806 3707.24 161.6502 -852.9738 3815.617 
25.882 222.382 -248.8075 3837.637 231.3 -404.9777 3812.275 238.813 -530.3463 3795.666 244.7978 -723.0574 3799.492 273.6365 -690.607 3796.208 395.7379 -656.3904 3789.615 462.0685 -421.949 3819.406 466.1442 -241.1582 3720.712 481.5273 -165.9398 3758.411 452.7173 -215.0597 3835.67 401.674 -171.6663 3811.733 214.3005 -691.7775 3803.35 102.1156 -665.6072 3822.714 31.05626 -440.4091 3905.102 -18.3836 -237.7377 3907.047 42.92482 -169.1103 3903.477 85.41326 -84.92682 3900.65 105.1149 -220.8441 3881.92 302.8067 -242.9825 3830.049 256.3726 106.7896 3874.216 237.004 376.6705 4079.835 225.1839 485.0931 3954.159 149.8596 -254.0601 3844.48 143.0797 71.74906 3703.138 149.4124 406.9021 3777.737 105.465 456.142 3639.595 245.6019 -794.8611 3789.089 210.4006 -790.2144 3650.845 227.0918 -833.5748 3668.539 295.1049 -864.7695 3752.686 184.352 -817.5305 3677.06 157.5454 -827.1942 3789.896 
25.913 206.3528 -249.4587 3804.146 218.2609 -405.9315 3780.027 228.5515 -532.0742 3770.401 234.7304 -724.5463 3786.071 263.6086 -692.2548 3780.973 384.7421 -655.8061 3767.469 460.553 -422.1552 3755.687 461.168 -264.5718 3622.38 464.6737 -181.435 3642.859 437.7889 -228.0672 3722.542 431.2895 -198.2948 3725.271 204.1188 -693.0732 3787.829 92.95688 -661.7939 3806.849 29.50657 -439.3214 3903.124 -10.79795 -234.2859 3898.114 46.68189 -171.7878 3862.011 92.49174 -91.50295 3842.27 44.25776 -248.1241 3778.78 286.9952 -242.4471 3798.473 239.1543 100.414 3882.646 222.0885 394.9237 4052.651 213.8987 505.0296 3927.732 133.6339 -255.7814 3809.261 95.56339 96.83025 3779.763 84.79234 434.5913 3844.432 33.08111 510.4163 3721.531 235.6763 -796.9877 3780.074 221.389 -792.4595 3637.86 244.6947 -832.0594 3657.091 304.7607 -852.1734 3750.447 198.5604 -826.3503 3659.077 158.0092 -848.0691 3766.219 
25.944 215.3341 -246.2972 3771.353 223.8766 -400.4981 3748.188 231.0791 -524.7188 3737.993 229.2928 -714.5629 3746.434 258.8316 -683.9064 3741.101 379.681 -652.1747 3734.291 473.2751 -431.4014 3702.491 472.2453 -295.3898 3551.766 498.642 -217.4957 3570.213 448.8154 -211.8598 3650.411 474.7983 -191.7811 3619.618 200.7431 -682.4069 3750.772 92.24802 -653.3118 3775.951 35.54704 -438.9801 3883.625 -3.918562 -238.3283 3904.828 30.20198 -185.1351 3839.691 64.89109 -126.5616 3776.373 41.8368 -248.922 3786.097 294.9435 -241.4338 3768.336 248.9398 97.62813 3843.969 233.3949 363.5111 4047.004 232.2113 486.5222 3938.571 143.5468 -250.6828 3774.073 155.8499 75.39213 3647.348 164.2716 412.9842 3625.182 113.1332 448.2394 3487.686 226.6917 -785.5198 3738.001 219.6802 -768.9289 3598.503 235.7485 -812.1444 3615.076 287.1277 -847.155 3706.991 191.6524 -799.9266 3615.954 144.4086 -822.5932 3717.971 
25.976 212.7547 -239.5352 3741.001 220.6896 -393.4214 3715.49 227.509 -517.6239 3704.605 226.2209 -707.3913 3715.219 255.4604 -676.7922 3708.142 375.7487 -648.05 3688.98 469.4463 -426.9241 3659.766 467.1872 -283.2687 3516.28 528.9376 -226.0674 3520.926 489.6569 -230.6687 3606.86 486.0956 -235.6365 3620.293 197.8911 -675.1833 3720.562 90.33048 -646.6596 3750.104 36.00424 -437.3236 3868.392 -5.129732 -239.2643 3905.288 32.68103 -174.4602 3854.202 73.5174 -106.3419 3805.847 22.42533 -213.7998 3784.392 292.3719 -234.8654 3737.597 261.0397 103.9483 3821.619 228.9891 371.9884 4019.909 238.9807 500.7676 3918.839 140.9603 -243.7462 3744.072 142.0608 87.82881 3631.694 144.2062 415.985 3548.786 95.12113 447.7717 3409.682 223.2543 -778.4476 3707.704 212.9432 -771.9596 3567.554 231.225 -813.1843 3586.724 285.8033 -839.4426 3679.725 186.6456 -802.8474 3587.703 142.3371 -820.3516 3692.046 
26.007 204.6069 -223.0264 3703.146 216.1048 -380.0567 3683.667 226.2494 -506.2112 3675.364 224.4148 -699.0898 3683.654 253.9712 -668.0449 3675.748 372.5988 -628.3668 3653.087 464.5919 -407.4329 3597.273 424.1718 -297.6561 3427.402 471.379 -230.0963 3404.169 456.213 -226.9834 3499.003 458.4188 -213.7311 3508.22 196.0249 -666.324 3690.603 86.40697 -629.7973 3708.676 34.40397 -428.986 3848.915 -3.030796 -228.9549 3895.936 40.81851 -166.2007 3844.554 79.59382 -94.8764 3796.284 22.54247 -210.7548 3775.84 284.7719 -215.9283 3693.244 261.3689 121.2414 3805.09 227.1535 374.9118 4029.23 229.9367 523.9967 3954.933 132.3187 -229.427 3712.075 135.4133 105.6723 3593.051 142.4006 435.7112 3496.969 90.04294 457.818 3354.619 220.7623 -771.1447 3675.192 199.9964 -772.9286 3533.824 208.2047 -816.6733 3556.107 262.4559 -850.2706 3649.043 167.7089 -794.0045 3558.927 129.0617 -790.3892 3668.784 
26.038 204.1653 -221.2704 3691.59 214.9348 -378.4569 3671.666 223.9646 -504.4521 3658.91 217.0858 -697.5588 3655.533 247.4224 -666.8377 3649.242 367.3244 -630.8155 3626.468 471.2195 -413.8467 3575.077 435.1312 -296.3665 3409.179 501.017 -247.6899 3383.942 468.6147 -236.5311 3473.816 478.7446 -234.71 3495.317 189.5984 -664.5168 3664.72 79.83632 -627.2499 3681.085 24.55293 -424.4011 3817.532 -11.60092 -221.1485 3850.598 46.70969 -159.8768 3813.672 92.62604 -84.95988 3778.776 33.43254 -195.6074 3739.603 284.4392 -214.5129 3681.668 264.5965 123.2169 3793.647 234.4917 375.6016 4020.33 240.5628 522.8297 3942.25 131.7788 -227.364 3700.537 134.1953 107.9286 3580.979 141.7897 439.719 3489.872 89.04613 463.8117 3347.821 211.4592 -768.9195 3642.75 184.1356 -758.6031 3502.725 198.7755 -803.0635 3519.795 261.3125 -838.975 3606.594 155.9371 -786.1621 3526.524 122.5413 -798.9934 3637.531 
26.07 200.8 -214.8157 3628.98 212.3008 -371.9211 3607.235 221.115 -498.7166 3604.625 217.2009 -691.9067 3615.105 247.398 -661.1418 3608.008 368.1575 -629.3885 3582.624 451.586 -407.294 3516.41 404.3728 -326.1329 3332.229 426.6297 -244.546 3317.57 383.3524 -294.6786 3387.498 383.5531 -262.7994 3425.248 188.7879 -658.7413 3620.545 76.08113 -628.5299 3631.726 23.6763 -433.7801 3781.105 -13.26123 -242.8357 3858.587 19.85901 -172.8977 3808.069 69.18107 -109.1766 3758.378 39.31337 -271.834 3739.109 281.8422 -209.2343 3631.518 269.7466 120.2484 3767.991 242.1236 381.4854 3985.45 240.31 545.9591 3956.672 127.7208 -219.8487 3626.692 130.7896 126.1081 3540.898 138.5016 466.0874 3485.126 90.49908 508.1624 3345.383 213.2287 -764.1915 3607.327 167.1757 -752.1824 3472.237 191.0712 -794.2355 3484.467 269.1985 -822.828 3560.931 147.144 -785.35 3497.243 130.5108 -809.0225 3610.386 
26.101 205.5862 -221.2612 3587.206 210.2487 -379.1435 3568.705 213.1381 -506.1902 3564.865 210.0168 -699.002 3581.201 240.0452 -668.3599 3572.934 360.5165 -637.7261 3544.896 447.9861 -410.4011 3508.131 396.307 -309.2912 3335.356 358.9432 -243.0683 3295.529 403.1799 -300.7681 3358.706 341.6483 -272.1723 3431.338 181.5247 -665.7827 3585.868 68.4473 -635.9722 3594.076 16.66746 -437.8083 3739.151 -21.25366 -246.8274 3816.107 53.61053 -194.4176 3829.899 112.8281 -121.0241 3838.278 65.12685 -292.4328 3733.568 286.6025 -219.6099 3593.532 284.0463 113.1431 3722.44 240.4316 357.3625 3956.465 261.9172 519.1474 3921.094 132.5303 -222.7502 3581.502 131.5515 127.778 3516.668 134.7652 469.9877 3475.983 104.9756 505.0229 3329.383 206.2475 -771.5071 3575.638 152.86 -752.4587 3444.093 174.2963 -796.4568 3453.789 254.7212 -832.7391 3524.397 132.0278 -784.771 3469.566 120.7854 -810.3024 3582.977 
26.132 201.4619 -221.0438 3551.598 205.3512 -378.2274 3530.96 207.1668 -504.9146 3526.539 203.5587 -697.4791 3538.66 233.6659 -666.8021 3531.542 354.7311 -634.3425 3510.672 432.1549 -402.9873 3482.102 385.8704 -295.6858 3312.258 357.1464 -222.4951 3278.433 397.6967 -288.6565 3335.031 350.8402 -253.4311 3414.485 175.1191 -664.416 3543.576 62.8494 -635.5247 3558.595 19.61644 -427.08 3690.209 -15.07935 -237.6309 3770.777 40.40511 -213.7967 3840.395 93.22256 -164.8708 3901.464 99.32196 -248.4218 3747.36 282.038 -220.1929 3560.302 279.2283 120.2888 3663.704 258.0228 341.1236 3921.458 276.0086 505.4147 3901.106 128.8029 -221.8112 3543.75 131.0218 128.9083 3485.904 141.7096 472.3842 3489.218 105.8611 511.5542 3345.505 199.7974 -769.6376 3531.509 162.7421 -752.5827 3394.626 181.0507 -796.9248 3407.812 251.1122 -833.9883 3487.908 137.8934 -783.2171 3418.269 112.7828 -804.8299 3529.918 
26.164 197.3768 -216.415 3525.538 201.8263 -375.3356 3504.588 204.1009 -503.4702 3501.267 199.525 -698.4468 3507.865 229.9581 -667.3999 3500.731 349.2497 -634.2836 3466.341 419.7607 -396.6491 3450.412 361.5171 -262.1234 3302.185 336.2953 -179.3361 3301.049 381.943 -263.0105 3319.698 354.2272 -238.8828 3420.71 171.1363 -665.0123 3514.63 58.47891 -633.8277 3532.195 24.65908 -410.4145 3646.19 -2.524922 -210.8021 3709.31 55.93035 -181.8991 3775.885 106.2257 -178.5996 3856.96 115.8316 -250.1984 3751.941 278.944 -215.1716 3533.43 282.4596 135.1678 3615.474 259.9633 337.5374 3892.605 274.8326 505.254 3894.661 123.8241 -217.5363 3518.422 132.9266 139.1364 3474.781 146.6268 486.3685 3472.627 123.5274 535.757 3327.614 195.044 -771.1439 3498.591 147.6375 -737.8674 3366.281 173.0566 -780.9844 3371.365 253.0257 -819.8799 3442.612 128.5694 -775.6561 3385.542 113.0447 -818.7519 3494.034 
26.211 192.4762 -212.9164 3494.145 195.8524 -371.3261 3470.612 196.9552 -499.013 3460.918 188.8282 -693.6717 3467.232 219.9874 -663.1826 3461.208 341.7145 -628.0334 3440.686 422.5862 -394.5196 3418.477 365.8123 -261.8459 3268.34 340.3085 -181.8279 3288.873 378.6004 -270.9654 3288.026 354.0567 -252.2003 3393.234 160.8224 -659.7935 3472.997 51.81342 -617.1736 3488.587 1.639992 -403.2093 3613.549 -33.11034 -202.3612 3667.625 -15.50351 -126.7849 3719.046 14.36436 -87.71529 3800.749 31.26142 -110.4152 3679.047 273.125 -213.2886 3508.221 278.2814 142.2669 3560.709 264.8514 345.4385 3837.379 287.0332 512.135 3841 119.7516 -212.5808 3481.452 133.6733 145.9201 3467.08 149.2359 492.3852 3481.944 131.4344 534.7006 3334.153 183.4447 -766.2036 3457.775 147.0762 -743.8843 3319.952 147.9995 -791.5062 3335.98 204.0559 -848.4641 3417.031 113.6152 -761.4855 3346.942 88.71004 -765.5224 3461.844 
26.242 178.5274 -207.6589 3462.974 185.7863 -364.1248 3437.239 190.1115 -490.5353 3426.974 186.9885 -683.5275 3434.567 217.1787 -652.5552 3428.987 340.0411 -622.0894 3416.578 408.812 -387.7138 3388.44 368.5894 -222.4979 3271.515 354.2939 -140.2788 3290.904 378.5688 -233.2657 3293.563 343.8532 -205.4342 3393.931 158.2556 -650.6582 3439.458 47.2305 -616.3715 3453.211 -14.97802 -405.2755 3572.922 -53.17016 -200.8558 3593.525 -30.67828 -126.2351 3642.877 -4.311904 -95.40987 3728.227 -17.01923 -112.5132 3635.557 258.7821 -205.8658 3474.709 261.216 149.4155 3500.064 261.6383 338.5304 3783.11 276.1204 504.2146 3794.162 106.1582 -209.2758 3452.392 136.3491 145.2508 3452.171 166.7714 486.818 3479.312 140.7693 541.1268 3338.27 183.7302 -755.5846 3425.649 139.7456 -735.5231 3291.1 162.0685 -778.8151 3301.471 238.1885 -813.6165 3377.082 118.3887 -769.1241 3314.205 99.71066 -797.6606 3425.678 
26.273 168.5948 -203.5554 3430.982 176.4671 -363.3833 3406.787 182.1165 -491.939 3393.312 180.4215 -688.5118 3405.32 211.1699 -656.726 3400.713 332.5184 -611.53 3393.75 397.5924 -369.5699 3385.826 368.0491 -193.9964 3273.712 367.5847 -119.3955 3319.152 385.1057 -210.2959 3286.93 340.9073 -192.044 3401.133 150.5573 -655.2258 3407.835 39.88153 -611.7662 3417.556 -15.00181 -389.035 3529.9 -37.12056 -177.6713 3514.654 -31.84793 -83.81221 3517.61 -12.21247 9.183995 3533.395 -15.44781 -95.88519 3435.641 250.7361 -200.9276 3440.349 172.2555 153.6498 3438.599 193.0808 362.1117 3715.31 200.5552 516.2894 3644.215 94.52444 -205.925 3422.535 141.6103 153.1078 3444.49 184.5642 496.7499 3499.911 153.4807 535.6109 3351.684 178.3582 -762.1943 3397.72 136.7271 -778.4043 3258.967 184.0604 -792.5198 3270.731 260.9318 -761.9954 3350.633 145.8398 -818.1638 3282.181 150.4171 -853.8068 3395.473 
26.305 166.2273 -208.353 3400.51 171.4775 -362.4324 3375.95 175.2952 -486.3521 3361.614 178.3072 -675.9036 3373.953 207.2383 -644.5168 3369.778 325.2429 -603.0568 3367.935 389.6194 -370.1264 3376.418 384.6296 -180.9723 3303.026 382.7893 -106.6086 3342.605 394.4827 -197.7167 3320.184 307.2949 -111.3937 3351.464 148.6662 -644.5279 3375.864 38.751 -611.2607 3383.265 -20.84893 -388.7783 3470.761 -52.85829 -186.9513 3448.823 -29.0013 -99.44887 3451.102 -30.41107 -7.102631 3440.72 -9.23325 -93.95404 3407.394 245.7743 -206.5899 3406.453 219.9398 141.6447 3378.474 236.394 353.797 3636.939 286.9475 494.2022 3569.088 94.49636 -209.9429 3395.15 138.1322 136.2782 3421.236 176.4435 458.2816 3517.674 149.4838 514.1805 3380.21 178.2156 -747.0333 3366.888 145.1293 -731.6399 3231.096 169.4175 -772.2631 3243.694 240.0457 -799.9393 3324.634 124.9189 -766.1176 3252.367 99.42154 -794.8829 3360.38 
26.352 161.8985 -209.6366 3380.935 166.0118 -364.4736 3353.68 169.2371 -488.3553 3332.44 167.7994 -679.6918 3336.562 197.6889 -648.6064 3333.863 317.3958 -609.3154 3336.51 388.2744 -379.1603 3373.235 393.9789 -183.6309 3313.738 398.7188 -111.9111 3358.898 389.123 -202.521 3331.13 338.4487 -84.58781 3337.236 138.6655 -647.5103 3339.73 31.5906 -605.0272 3352.778 -23.18863 -374.4617 3426.598 -48.5219 -174.0906 3381.003 -39.09029 -86.91179 3406.782 -37.27127 2.56402 3434.296 -9.668115 -64.45839 3377.632 241.7408 -209.1474 3390.206 235.8707 133.0745 3304.21 234.7738 375.0303 3539.177 300.6567 500.1351 3453.844 89.90118 -210.0777 3372.575 126.6811 140.0589 3390.721 155.1738 459.458 3506.183 128.5984 514.4747 3367.065 166.0927 -750.9511 3326.332 151.3461 -743.0541 3185.67 172.8562 -783.5945 3203.791 231.9803 -807.8619 3295.467 127.4494 -776.0534 3206.167 87.00591 -797.9696 3312.111 
26.384 163.3426 -209.8379 3351.433 163.6314 -365.8377 3327.189 163.6438 -491.0956 3311.702 160.5122 -683.1578 3315.128 190.8548 -652.1823 3314.068 312.0314 -616.3459 3308.219 385.9168 -393.6983 3377.267 403.6452 -194.0087 3333.286 441.0449 -121.7372 3358.562 400.6221 -208.3169 3354.984 365.8756 -86.3007 3351.778 131.3913 -650.6338 3316.906 22.13254 -610.931 3322.32 -35.86676 -375.8149 3380.965 -49.72128 -186.0247 3297.386 -48.42702 -97.7314 3322.291 -36.53432 -38.07137 3393.934 -22.08431 -90.86974 3360.72 243.906 -210.3792 3355.876 245.7645 128.8047 3253.646 214.6228 397.2797 3457.549 267.3595 511.8007 3349.91 90.695 -209.3497 3347.427 114.2614 142.765 3373.695 137.8377 467.1112 3479.965 104.3667 522.4633 3341.836 158.7793 -754.6442 3304.55 169.7158 -727.7605 3165.348 192.2577 -768.4662 3182.323 235.8969 -800.253 3280.659 146.4588 -765.611 3176.417 89.68197 -806.4805 3268.876 
26.415 163.8137 -200.9474 3319.992 161.704 -356.6541 3298.416 159.9393 -481.607 3285.028 157.3244 -672.7595 3292.333 187.4623 -641.8446 3291.125 309.429 -611.6843 3282.052 386.9025 -395.5184 3363.087 418.9885 -193.9457 3352.615 460.597 -131.9445 3392.919 399.5982 -201.0144 3368.949 384.0987 -85.26923 3337.584 128.207 -640.4371 3292.972 17.27428 -606.9737 3294.835 -30.92023 -368.2117 3342.072 -42.09805 -177.4217 3262.641 -39.14326 -102.3843 3314.676 -45.30019 -42.28925 3386.16 -21.51658 -104.4223 3350.627 244.138 -202.2389 3321.458 240.8186 130.2036 3203.487 228.3012 424.4736 3367.532 271.6429 515.1202 3236.55 91.38165 -199.7829 3318.67 112.9144 150.7486 3347.696 133.0844 467.6052 3471.233 96.47323 525.903 3335.848 155.9757 -744.1519 3283.243 167.3716 -726.8771 3143.167 188.8005 -766.766 3162.72 231.558 -792.9825 3262.538 143.2742 -763.1559 3156.644 85.83319 -796.2325 3251.175 
26.446 158.3839 -197.2224 3291.87 157.2177 -350.0563 3266.878 156.3147 -472.8192 3250.837 155.2475 -661.1482 3257.837 184.6868 -630.4346 3257.239 305.2707 -601.3768 3253.485 389.4967 -403.8482 3360.409 425.5918 -205.806 3363.999 467.065 -165.212 3424.159 406.536 -218.5387 3376.298 395.181 -100.3435 3395.399 126.2796 -629.5589 3257.942 16.41084 -599.5131 3265.599 -38.51228 -364.5324 3304.454 -48.65577 -192.1103 3196.117 -35.35012 -116.4512 3243.01 -54.64985 -67.89291 3318.97 -27.74519 -139.9025 3305.796 237.5317 -197.7182 3291.209 238.5495 126.1003 3165.077 221.6081 438.7655 3275.789 274.7803 512.7686 3141.094 87.0129 -196.7753 3292.466 95.98329 148.5329 3326.973 115.4707 451.8293 3469.339 94.50465 530.5142 3343.817 154.705 -731.4782 3248.804 160.2728 -712.9361 3110.665 182.4609 -752.2424 3128.65 228.6863 -778.7158 3224.945 137.381 -749.0165 3124.494 84.83002 -783.0558 3219.443 
26.478 154.4907 -199.7527 3269.992 153.921 -353.2014 3244.519 153.4586 -476.6389 3229.451 158.2176 -665.8362 3225.849 186.7935 -634.1235 3227.862 307.7628 -604.3334 3231.568 386.072 -408.2156 3347.574 430.8107 -214.438 3384.217 465.8481 -174.1786 3449.026 410.6298 -227.2641 3394.175 400.3102 -109.1995 3401.719 128.1345 -635.0593 3226.857 16.39542 -609.5454 3230.16 -61.31158 -378.3811 3258.335 -93.17384 -190.9515 3182.238 -68.68839 -122.9657 3236.553 -65.06478 -77.97561 3317.412 -40.10097 -119.6011 3238.131 233.9905 -200.0577 3270.051 240.4168 124.7133 3142.314 237.5415 454.0709 3195.153 276.4537 508.2001 3046.038 82.80224 -199.4776 3269.938 93.97083 147.0662 3306.743 111.7277 450.9049 3451.646 97.24181 532.8275 3326.495 160.1808 -735.8297 3212.825 145.3385 -740.2772 3073.582 169.6197 -777.0496 3094.553 229.5833 -789.1503 3186.613 124.2616 -772.9301 3096.481 85.83318 -789.2267 3202.818 
26.509 152.3131 -192.401 3239.573 150.6682 -344.3777 3213.484 149.2811 -466.8355 3199.318 157.1682 -654.3281 3198.772 184.8763 -622.3939 3201.498 304.1506 -590.2211 3198.941 386.006 -407.9798 3329.872 442.7882 -230.3593 3403.482 468.5034 -193.8867 3473.74 422.5605 -244.316 3409.948 405.959 -128.8186 3423.86 126.8413 -624.3087 3198.044 15.86181 -600.1561 3202.725 -54.48981 -367.221 3197.617 -65.27869 -178.705 3123.044 -41.54358 -113.7995 3180.1 -55.1095 -89.54536 3267.597 -40.81379 -130.5751 3226.021 231.1188 -193.3757 3240.281 238.8141 133.252 3126.277 233.1508 463.158 3104.011 252.5291 505.5791 2948.943 81.2506 -191.5222 3238.934 85.89497 150.5788 3288.226 99.3027 441.8315 3451.539 91.98846 545.0943 3344.396 160.7821 -723.8537 3187 157.9803 -709.8282 3048.844 179.7836 -749.2087 3066.577 231.009 -774.3466 3160.126 134.8649 -744.4293 3065.225 87.65108 -773.4136 3164 
26.54 153.1291 -185.4792 3210.454 151.9951 -338.757 3186.308 151.2457 -462.0953 3173.036 155.2233 -650.7592 3179.937 183.6057 -619.0844 3182.872 304.6107 -590.869 3178.281 382.9197 -408.3287 3313.622 439.7503 -233.9385 3397.61 459.7421 -203.23 3472.921 426.0009 -255.2739 3402.312 411.6239 -148.2699 3467.748 125.4236 -620.0229 3176.545 14.65189 -592.554 3168.878 -50.28953 -356.9067 3184.037 -52.08124 -154.0142 3160.291 -42.81449 -106.4593 3236.349 -45.56258 -64.47005 3318.587 -47.38127 -97.87369 3240.344 232.4082 -185.7349 3208.354 231.8803 147.9069 3108.724 228.7561 472.5468 3035.675 246.068 498.8753 2875.809 81.63961 -185.2487 3212.348 75.5201 158.2042 3266.983 99.2969 440.5232 3448.117 79.38416 548.7671 3346.327 157.9664 -721.1791 3170.911 156.0136 -700.8447 3032.649 177.2757 -741.5538 3048.796 227.9938 -771.7933 3141.915 132.1599 -736.0067 3047.469 83.75323 -768.8511 3145.267 
26.572 156.0999 -179.0972 3178.452 156.0009 -332.2614 3152.589 155.8569 -455.6654 3138.722 162.1702 -644.5557 3142.153 190.1279 -612.554 3146.088 310.7079 -581.7095 3145.41 380.2782 -410.355 3299.316 428.3749 -239.6579 3395.903 451.0689 -207.5672 3469.958 424.9456 -264.9813 3400.157 410.933 -172.317 3486.951 131.9968 -614.1073 3138.91 20.43439 -588.6625 3134.772 -49.05979 -354.5004 3113.808 -49.81689 -165.0972 3036.707 -32.28493 -99.31617 3095.989 -54.37271 -71.61645 3181.408 -51.8696 -136.4541 3154.81 235.4857 -179.272 3179.182 231.4624 155.5603 3082.409 225.4432 480.2044 3008.006 239.2915 509.6552 2848.175 84.51434 -178.9397 3177.793 76.29534 162.4852 3245.571 102.5777 437.4801 3437.924 77.8543 549.5417 3341.219 165.9485 -714.8251 3131.842 161.2018 -704.0377 2992.432 183.9173 -742.9779 3010.941 237.0229 -765.3771 3105.074 138.5971 -738.7938 3010.045 92.68051 -766.2473 3110.799 
26.619 161.2597 -176.3938 3146.997 161.1477 -330.004 3120.835 160.808 -453.9449 3108.314 168.3605 -643.4162 3108.973 196.1075 -611.197 3113.948 317.4856 -581.9763 3115.587 379.8965 -405.0028 3267.379 430.916 -251.7601 3389.653 444.7711 -218.7038 3465.736 428.4679 -277.1367 3393.44 392.9532 -186.5607 3476.404 137.9528 -613.0223 3105.609 25.89807 -589.6876 3095.978 -46.49603 -354.9363 3107.435 -37.31861 -152.8708 3073.257 -15.02765 -102.7134 3145.283 -29.65375 -87.11432 3235.55 -61.60258 -122.0964 3172.845 240.8644 -176.8454 3149.307 236.5974 157.1383 3045.877 229.7391 482.1792 2968.624 246.4153 522.3365 2810.883 89.47655 -175.9866 3144.913 77.52591 162.1875 3231.478 117.3714 432.624 3429.732 80.92277 550.4976 3343.473 172.8253 -713.7128 3097.625 172.6032 -712.1268 2957.286 193.4309 -750.5977 2979.106 243.0481 -768.4597 3076.466 148.1918 -744.955 2976.479 98.20399 -764.1129 3077.621 
26.651 165.0658 -171.3791 3103.687 164.8744 -327.1274 3081.031 164.4551 -452.4534 3069.858 170.3823 -643.7993 3075.738 198.4368 -611.3497 3081.188 319.1116 -574.758 3082.813 381.6185 -399.1629 3239.947 432.3966 -245.4633 3365.103 442.1654 -238.4861 3449.199 426.3345 -270.7853 3360.922 384.1437 -202.4266 3461.453 140.1201 -612.9673 3070.181 27.41888 -587.0668 3060.823 -38.96801 -351.1308 3101.18 32.81019 -163.3889 3050.846 31.2503 -89.07114 3104.141 -36.28382 -52.88229 3158.074 -37.85616 -132.6536 3151.644 245.4469 -171.9175 3106.708 236.3278 168.2247 3012.104 222.8259 499.034 2946.495 241.5255 526.8287 2784.656 92.58266 -170.8937 3100.962 81.45692 164.0699 3211.131 117.326 422.0325 3431.358 81.34528 550.3422 3358.125 174.7834 -715.1064 3066.301 175.1781 -696.9388 2925.712 197.8408 -737.1383 2943.279 248.2401 -764.3267 3039.342 151.9499 -733.1967 2940.846 101.8879 -766.586 3039.532 
26.682 179.2173 -165.1411 3067.334 175.1349 -319.6577 3042.1 171.5071 -444.385 3031.764 175.216 -634.6763 3041.76 203.599 -602.6201 3046.035 323.8332 -566.6805 3045.223 386.9083 -393.5465 3203.011 440.2115 -249.6494 3336.837 408.5801 -196.5381 3394.494 426.9081 -279.4045 3352.125 376.8527 -186.7985 3420.939 145.3887 -603.7563 3036.013 32.4622 -580.8569 3028.825 -30.36793 -343.5869 3058.05 33.46321 -151.9567 3016.618 34.97114 -76.5332 3067.542 -26.88219 -54.18633 3133.634 -21.09844 -137.6976 3130.033 259.1787 -167.6863 3069.983 241.9013 171.5364 2979.758 215.5755 503.2122 2933.862 256.4865 564.8885 2786.998 107.1126 -162.846 3064.946 88.5845 167.0474 3183.573 105.4577 416.1202 3413.513 77.55885 556.5729 3364.628 178.5984 -705.8727 3033.885 193.737 -688.9213 2894.664 212.9717 -729.5502 2914.505 252.2355 -757.5912 3014.791 167.9512 -724.0504 2907.466 107.3359 -754.7369 3000.276 
26.713 183.1624 -156.801 3030.726 178.901 -312.4044 3004.999 175.4677 -438.2267 2996.859 182.9615 -629.8846 3005.464 210.8499 -597.0599 3010.331 331.865 -561.312 3018.044 381.8172 -374.4634 3167.428 421.1904 -206.4627 3278.32 384.6898 -140.1361 3317.309 422.2087 -225.5853 3296.764 357.6715 -120.8208 3336.492 152.3551 -599.3003 2999.596 38.69975 -576.1891 2990.972 -32.62636 -340.021 3024.761 38.93744 -150.8158 2977.609 47.64823 -69.37737 3018.827 -20.1377 -40.52205 3077.092 46.20081 -59.3967 3016.496 263.7693 -158.9955 3030.646 247.1622 182.6317 2939.229 216.9738 519.2238 2922.642 256.1983 573.0617 2770.95 110.4756 -154.8222 3030.797 91.08981 175.2084 3156.401 111.7945 412.0935 3402.081 92.15668 552.7471 3346.716 187.8983 -701.4577 2997.005 190.464 -678.7227 2856.754 213.4087 -719.2748 2873.464 262.6327 -748.9678 2969.714 167.4055 -715.8303 2870.346 115.9828 -753.0963 2967.261 
26.745 190.6701 -157.5633 2996.423 184.4343 -313.4074 2967.192 179.0577 -439.6485 2955.885 190.1391 -631.9947 2968.926 217.6466 -598.3856 2972.725 337.1482 -556.2569 2983.293 380.4979 -360.4152 3125.356 417.1711 -197.3641 3246.303 391.4378 -136.1313 3300.377 418.4854 -219.548 3261.043 355.306 -118.5729 3316.643 158.7462 -601.9277 2962.67 42.9548 -587.353 2954.757 -37.70083 -350.795 2970.807 26.27251 -156.3625 2929.016 57.85714 -82.84215 2974.859 -6.700248 -41.44867 3030.026 49.2146 -68.60146 2965.654 271.6628 -161.2034 2998.552 249.234 182.2421 2907.251 214.1825 520.5737 2917.721 254.9877 580.7532 2767.791 117.6354 -154.2808 2994.503 102.0553 181.288 3111.429 103.3433 395.2919 3380.607 90.19804 542.1635 3338.662 196.2956 -704.0618 2962.035 210.7719 -685.7084 2821.033 227.6313 -728.4481 2840.207 266.7883 -761.1964 2940.749 182.418 -719.607 2833.864 120.3384 -747.8798 2928.351 
26.776 195.2513 -154.6721 2958.966 190.1792 -309.9404 2932.595 186.136 -435.4883 2923.088 193.8649 -626.8609 2932.38 221.8399 -594.0573 2936.314 343.1264 -559.4902 2942.336 384.267 -352.9629 3065.73 413.4589 -164.4309 3140.352 393.7964 -137.2217 3218.495 390.0378 -169.2546 3128.673 353.8634 -118.5452 3240.588 163.1454 -596.341 2927.221 48.27227 -580.1346 2921.453 -27.7948 -343.5836 2931.697 22.9588 -159.8505 2849.842 33.59454 -92.14237 2910.573 33.3608 -23.79557 2974.827 52.01071 -89.27726 2919.761 275.7441 -157.2345 2958.571 255.6434 187.4799 2882.461 222.6729 522.811 2908.088 252.8654 585.965 2758.161 122.6673 -152.3616 2959.322 89.05 187.6232 3048.965 96.23746 382.4367 3329.325 84.47028 534.1779 3332.744 198.5639 -698.3829 2924.139 213.1678 -676.842 2784.62 231.7174 -718.8156 2803.007 271.291 -751.3952 2902.554 186.5112 -712.0102 2796.484 125.5091 -744.7001 2889.229 
26.808 196.7441 -161.5596 2926.198 191.3936 -317.2957 2900.898 187.5192 -443.0978 2891.552 197.7317 -634.751 2900.052 225.5845 -601.5999 2902.583 346.6871 -565.0944 2904.271 390.7616 -359.7174 3029.464 417.8131 -166.8012 3094.07 427.4667 -139.9152 3174.346 392.5701 -175.1587 3092.6 378.3997 -116.1218 3205.909 166.4098 -604.4905 2896.568 51.10712 -588.7596 2897.008 -30.36416 -353.7758 2911.989 12.0081 -172.9544 2818.696 25.39284 -95.21658 2865.545 43.75284 -9.176493 2898.605 43.48552 -91.15167 2886.762 277.3329 -163.7998 2922.945 247.2186 184.4716 2865.554 211.2867 517.7586 2912.963 236.9447 585.7336 2763.96 124.0737 -159.5395 2929.132 86.32055 188.3511 2981.766 94.50327 380.0224 3265.03 83.48348 531.2004 3281.948 202.7435 -706.3413 2891.414 198.1157 -679.6141 2751.834 220.6311 -721.3607 2766.095 274.2474 -755.3917 2858.568 174.6363 -716.3808 2765.723 127.5489 -754.8381 2864.442 
26.839 194.4636 -161.7038 2900.991 192.8806 -314.927 2874.124 192.23 -438.5442 2860.478 205.0261 -627.3994 2863.644 232.0369 -594.4212 2866.747 349.9305 -554.1738 2871.199 401.9516 -349.8758 2987.914 437.2329 -162.74 3056.028 442.0297 -108.9352 3120.312 414.3502 -157.3498 3044.366 391.2581 -93.72439 3140.883 173.7117 -597.9423 2861.326 60.2421 -581.5123 2863.654 -22.05092 -353.3242 2901.629 2.214061 -176.2166 2801.677 21.3514 -94.64693 2835.647 48.15411 -8.300811 2855.733 43.2352 -90.5482 2849.007 273.7324 -161.4384 2894.807 247.0343 183.4509 2847.875 213.1539 507.3462 2920.318 238.6427 580.3622 2776.426 122.9833 -161.9432 2906.568 61.87387 181.3072 2899.736 67.14085 365.95 3181.76 56.76822 513.2034 3210.018 210.8649 -697.6146 2853.178 199.3224 -672.4487 2715.821 220.3845 -714.4418 2729.055 276.9599 -749.5173 2817.31 175.394 -707.4187 2731.309 133.1817 -742.1381 2831.637 
26.87 193.0787 -160.7962 2872.554 192.8038 -312.6058 2846.585 193.0026 -434.7699 2831.212 204.911 -621.7251 2837.012 231.8619 -589.161 2838.935 348.1844 -548.3207 2833.378 404.3963 -345.1357 2945.038 432.511 -150.7446 2983.932 453.4974 -90.72712 3037.483 410.9574 -139.6272 2970.397 411.6709 -78.10844 3065.109 173.9936 -592.453 2834.986 61.33719 -578.6462 2837.672 -8.037716 -352.5467 2893.814 -2.072618 -165.2955 2816.264 22.18322 -81.03416 2834.236 46.31147 7.053487 2826.148 48.40001 -73.12357 2848.316 271.5634 -159.9177 2866.588 252.6581 183.8662 2836.637 224.8483 503.3907 2915.52 243.774 584.4622 2776.866 122.3056 -161.5883 2877.934 63.82114 176.4077 2838.906 89.76924 365.1522 3112.952 62.41238 511.3648 3109.192 210.1363 -691.4206 2827.622 188.8042 -660.0936 2694.178 210.9602 -701.9641 2703.707 273.4003 -740.1182 2785.087 166.622 -695.7393 2709.417 132.3615 -735.463 2809.626 
26.902 196.643 -166.7933 2839.001 197.77 -316.9674 2812.736 198.8978 -438.077 2799.077 208.2515 -623.361 2797.246 235.4816 -591.5582 2798.49 351.082 -552.0895 2797.042 404.6199 -341.7489 2890.088 428.2375 -145.672 2906.837 455.0558 -111.855 2976.897 415.9283 -80.95929 2899.174 387.8543 -51.88672 2936.097 178.0225 -593.9473 2798.401 67.87708 -575.7307 2811.291 -10.26334 -359.3554 2881.81 -17.68444 -169.7803 2816.3 26.04255 -93.20973 2824.962 73.49278 -17.75865 2807.83 50.95856 -88.8544 2852.956 274.524 -165.8125 2836.736 244.3865 174.9615 2834.852 217.9252 489.9535 2918.379 245.586 582.2767 2790.548 126.4142 -167.6776 2841.044 128.8103 171.9477 2803.151 79.97807 404.117 3033.087 58.26227 546.9513 3004.417 211.7364 -692.0154 2785.109 190.9321 -659.6153 2653.299 208.6022 -703.092 2662.54 267.9559 -746.7498 2741.958 165.7455 -692.3197 2669.136 130.2015 -727.3611 2769.361 
26.933 193.4053 -163.1149 2820.683 192.7508 -314.5154 2794.207 192.5094 -436.3106 2777.953 204.538 -622.9602 2776.929 231.548 -590.505 2776.427 346.9282 -549.059 2764.724 408.5303 -331.805 2840.121 424.4222 -134.4387 2813.274 457.2707 -77.24787 2863.595 407.5785 -12.18222 2819.289 388.2796 -27.49237 2824.458 173.7461 -593.732 2779.57 63.13838 -575.9401 2796.479 -9.010509 -355.8991 2868.729 -20.14891 -163.7613 2806.255 25.84256 -88.40079 2819.823 73.37512 -11.16154 2807.685 51.75375 -87.52515 2853.213 271.8336 -162.6791 2816.251 251.0717 181.59 2816.793 230.1309 494.4794 2918.315 248.9441 582.3811 2784.27 122.683 -163.508 2824.678 106.2659 170.8716 2743.331 91.83249 429.0588 2953.268 49.46879 552.1038 2881.747 208.3742 -692.2126 2765.014 177.33 -660.6082 2633.858 200.5617 -702.1579 2641.55 268.9254 -739.827 2717.941 156.7574 -696.5226 2650.4 130.2183 -737.0438 2752.355 
26.964 196.2442 -160.7582 2795.713 193.3781 -314.6886 2770.25 191.279 -438.1692 2752.6 202.0485 -627.761 2751.986 229.6357 -595.0202 2749.741 345.3503 -550.0671 2734.778 410.4723 -323.601 2788.602 414.2476 -129.8657 2728.527 454.894 -78.27293 2781.253 408.4859 3.243886 2792.833 390.9712 -45.0993 2800.415 171.2011 -597.8377 2756.248 60.2571 -577.3802 2778.717 -7.565782 -353.6201 2856.098 -35.17686 -151.7153 2830.072 -0.6085057 -68.33921 2821.256 14.44414 19.41667 2794.746 22.15911 -78.89643 2775.311 275.7917 -161.2914 2789.983 254.2041 188.1072 2798.422 238.9271 503.1383 2910.286 248.9604 585.96 2769.251 124.5128 -160.2773 2800.879 98.03258 170.0712 2688.98 100.2876 459.0959 2864.535 47.14449 560.6282 2766.575 204.7496 -698.1642 2740.102 165.5935 -659.6229 2610.733 189.4737 -702.1395 2615.087 263.1864 -744.1229 2686.497 145.6181 -696.8604 2626.928 124.6515 -742.9957 2729.717 
27.012 190.1249 -153.1398 2766.475 188.7408 -307.9291 2741.493 187.8964 -432.2414 2725.397 195.2242 -622.9113 2725.015 223.3655 -590.533 2721.081 340.1049 -547.0251 2704.827 410.6865 -316.9482 2737.547 406.4327 -134.187 2647.361 442.6642 -82.19571 2703.455 409.2353 -10.88691 2650.385 393.1026 -48.38976 2712.917 165.0623 -592.2684 2730.878 55.52214 -568.45 2759.039 -6.788094 -344.6616 2844.345 -50.07794 -143.277 2830.847 -15.89038 -58.8432 2828.472 -1.870663 31.47708 2809.516 8.217317 -69.3531 2775.864 270.0823 -152.9857 2761.091 250.2831 197.2246 2788.638 234.9209 511.4517 2907.364 246.3734 584.8838 2760.441 118.0238 -153.2786 2771.33 101.9132 177.259 2652.937 107.8623 493.6044 2776.84 55.38818 565.6948 2654.375 195.9927 -693.7305 2713.251 163.7992 -657.5977 2580.574 186.9622 -700.4965 2587.142 256.7287 -741.889 2663.518 142.4264 -694.3692 2596.658 115.5382 -738.0138 2699.771 
27.043 182.0223 -146.3053 2735.638 184.7727 -300.0018 2709.654 187.3468 -423.791 2695.382 196.8539 -613.1132 2703.145 224.3695 -580.8208 2697.256 342.0278 -543.0743 2678.902 413.3891 -312.5141 2670.882 412.0228 -148.0175 2552.484 457.1467 -95.27888 2600.055 410.9564 -18.47228 2570.337 384.3818 -35.87899 2558.145 166.6309 -582.7466 2708.251 55.81765 -565.2264 2733.161 -15.82089 -352.7574 2834.487 -71.24591 -155.7075 2849.495 -37.04036 -71.83429 2847.483 -8.054804 11.65257 2819.127 -36.38652 -62.09163 2846.272 261.558 -144.1572 2731.351 251.5713 202.7142 2775.695 249.3187 505.1072 2918.293 263.6611 599.379 2785.223 110.3013 -148.2424 2739.505 95.0349 181.0748 2623.575 100.3199 514.2419 2679.402 54.27285 571.0829 2547.739 198.212 -683.961 2694.526 158.8452 -663.1942 2561.347 182.2796 -704.9276 2571.423 255.8399 -737.4565 2647.601 138.5831 -697.591 2582.569 117.6744 -728.866 2690.706 
27.09 182.728 -147.5335 2670.265 184.3553 -303.8361 2665.262 185.7299 -428.8363 2667.458 192.0886 -618.9161 2674.466 220.0284 -587.0129 2667.56 336.0878 -547.0043 2642.405 421.9966 -322.3075 2613.901 411.7139 -168.2122 2481.664 442.2926 -103.9359 2527.037 400.5855 -62.18452 2452.947 369.4143 -70.72819 2455.958 162.5539 -587.9227 2680.826 52.33287 -564.7188 2705.381 -14.13805 -357.0364 2821.02 -65.01651 -157.5392 2822.744 -40.40381 -80.3426 2863.918 -34.6467 8.566715 2890.944 -29.72368 -63.09232 2847.341 262.6482 -146.6712 2669.32 276.0081 203.5146 2687.945 272.0066 505.0113 2834.803 269.8863 651.5547 2760.712 110.6605 -148.3111 2671.117 78.80941 194.9729 2607.618 77.94942 525.3768 2683.084 50.78029 639.4592 2587.815 191.8157 -689.9745 2665.623 156.4314 -651.1368 2534.927 178.0006 -694.8912 2540.193 248.5618 -739.8227 2613.349 134.2373 -687.1108 2551.365 109.4105 -730.7233 2654.675 
27.106 182.8765 -146.3441 2642.632 182.6044 -301.0663 2638.21 182.5833 -424.7461 2642.181 184.8979 -612.9705 2648.983 213.0753 -582.0069 2641.519 328.6641 -548.2101 2611.863 421.0671 -332.0098 2564.938 396.3041 -202.059 2413.304 430.2055 -133.3211 2446.552 394.8022 -104.9751 2364.504 373.2638 -112.5802 2351.952 156.4983 -581.6633 2655.939 48.08533 -559.6708 2683.895 -14.10542 -357.3303 2805.834 -65.7609 -162.8689 2838.103 -48.27785 -87.54078 2884.056 -16.15022 -19.80606 2937.639 -51.6 -66.08218 2869.562 261.9592 -146.4241 2640.561 278.803 200.45 2646.44 278.461 500.5838 2788.234 277.0489 648.7102 2721.341 111.5642 -146.272 2644.499 75.47154 192.4583 2578.625 77.89804 515.5075 2668.901 54.46244 636.7818 2584.603 182.8836 -683.2726 2640.243 152.2611 -648.9049 2508.647 170.4711 -693.2719 2516.276 236.1197 -738.8471 2591.844 127.6632 -682.0673 2526.257 98.8548 -718.362 2630.058 
27.138 175.6631 -135.0195 2646.847 175.1181 -288.0866 2621.71 174.9041 -411.5343 2609.92 178.8971 -600.1667 2615.808 206.4512 -568.9099 2606.864 325.5901 -547.0164 2579.02 423.4332 -330.2442 2544.86 379.9673 -224.665 2378.633 435.2054 -162.2436 2386.506 380.8561 -158.3694 2309.97 364.9688 -149.6179 2297.532 150.6651 -569.0205 2624.516 41.10323 -554.5609 2653.872 -13.11518 -357.7965 2789.073 -66.09243 -165.3392 2832.168 -53.78175 -95.9055 2888.328 -63.05344 -16.1711 2933.983 -48.9614 -75.29829 2878.115 254.915 -134.9557 2644.74 245.7041 207.0547 2708.797 242.5027 489.3414 2884.764 255.0073 604.2635 2770.011 104.1982 -135.0771 2648.747 90.20545 197.4625 2548.148 82.64882 525.0535 2473.129 42.93182 542.0283 2329.625 176.8654 -670.5991 2606.885 132.652 -643.4025 2477.171 155.4789 -685.7701 2484.404 231.0627 -722.8358 2555.556 112.6672 -678.1196 2497.638 95.71233 -713.5048 2604.586 
27.169 162.1254 -124.1006 2619.217 166.5584 -278.9917 2593.131 170.9386 -403.8259 2579.787 176.6135 -594.9219 2583.707 203.8508 -562.9656 2573.673 321.6318 -532.5386 2541.195 420.3586 -315.3071 2493.19 345.3578 -244.1235 2317.01 381.7897 -168.5674 2304.476 389.5652 -162.9183 2209.791 335.1857 -167.8652 2239.297 148.2299 -563.6714 2594.146 39.46253 -542.445 2627.849 -16.61289 -339.456 2758.825 -69.85786 -151.0371 2825.595 -66.90629 -87.74884 2891.36 -60.98327 -33.06197 2967.026 -54.93282 -63.28978 2880.993 241.9111 -120.4045 2610.829 243.1652 223.2078 2689.941 244.1745 489.056 2897.016 279.6363 610.1445 2790.685 90.17905 -127.4336 2626.781 83.09918 206.7522 2515.731 80.76143 536.5027 2430.778 47.79208 541.5265 2282.675 174.6464 -666.1957 2574.082 109.1421 -644.9235 2450.438 132.9762 -687.6944 2456.179 220.1184 -722.4257 2516.738 92.40672 -678.7111 2476.029 92.98315 -708.6755 2587.469 
27.216 156.3548 -119.2267 2596.775 159.8913 -274.9684 2569.521 163.2675 -400.2566 2552.895 163.3415 -592.6954 2550.533 191.6232 -561.0338 2541.285 309.6467 -530.702 2506.522 404.1499 -309.1194 2462.051 321.6164 -240.2281 2286.797 344.5697 -158.4426 2295.189 332.6137 -193.8087 2206.979 306.6124 -180.3066 2195.095 135.7814 -560.7836 2562.27 27.59905 -536.6482 2598.387 -18.70276 -334.5723 2737.386 -63.32959 -146.4127 2814.541 -68.84702 -91.13828 2887.762 -75.21124 -40.72788 2967.025 -52.77005 -69.3364 2890.84 236.7155 -115.992 2588.719 239.69 228.2376 2674.947 234.9149 497.4663 2881.146 266.9374 611.558 2764.802 83.89004 -122.1436 2604.041 78.33117 212.2956 2486.624 77.64635 542.9103 2396.339 39.51438 547.0308 2248.441 159.1888 -663.9844 2538.531 108.8688 -642.2061 2407.064 130.9581 -685.7461 2415.904 210.0231 -722.1702 2486.972 88.29594 -675.5655 2430.882 74.97 -704.6761 2542.526 
27.247 154.2571 -112.1837 2551.408 156.1581 -269.0388 2525.507 158.685 -395.7524 2515.864 154.8991 -589.0483 2523.371 183.9444 -558.3088 2512.44 301.7484 -525.8669 2476.394 381.7713 -306.9617 2396.862 303.2885 -234.0523 2220.091 297.0947 -150.8901 2240.331 284.2799 -179.3529 2149.236 249.4463 -173.3158 2145.539 127.8573 -555.8586 2533.535 19.15119 -528.819 2567.994 -23.24702 -327.6051 2711.8 -63.36462 -140.3935 2796.382 -70.37028 -83.92056 2869.176 -69.30672 -41.8652 2953.965 -52.30953 -49.14279 2853.301 235.1757 -110.0289 2544.298 243.5549 224.7458 2667.34 245.5351 497.3576 2872.115 272.4625 614.3023 2756.047 81.28928 -114.1268 2557.82 75.01794 227.3414 2455.987 76.07635 565.1467 2388.17 24.81404 584.7518 2244.705 149.276 -661.1417 2514.982 112.6353 -627.2087 2380.77 133.2739 -672.0298 2388.067 204.6358 -716.1648 2463.718 89.21039 -662.1863 2399.578 64.13008 -700.4452 2507.005 
27.279 147.1639 -111.5988 2512.907 148.2246 -268.1796 2488.727 149.4987 -394.5277 2479.858 144.6952 -587.1038 2488.027 173.7081 -556.6744 2476.751 288.9562 -525.2241 2433.783 360.8592 -302.5257 2359.859 280.8185 -232.5467 2183.438 245.9477 -159.5531 2211.17 233.3657 -163.1288 2116.104 205.8536 -183.8971 2118.513 118.0363 -553.8408 2498.305 9.692647 -524.7067 2530.763 -30.75875 -322.6048 2672.355 -67.59599 -139.0847 2764.401 -58.98228 -83.2149 2837.083 -61.40975 -19.86215 2906.923 -46.75922 -57.47572 2828.362 228.0726 -110.5598 2509.728 243.3505 220.4795 2638.506 233.2715 476.1525 2862.07 271.5142 613.4958 2776.311 74.20502 -112.5356 2515.773 67.521 230.9302 2425.668 69.65125 570.7574 2376.622 24.61878 599.0189 2233.078 138.5994 -658.9417 2479.965 100.2359 -638.4167 2344.053 122.0824 -681.6663 2355.149 194.9097 -716.6827 2433.542 77.99714 -672.0424 2366.097 54.81256 -700.9425 2476.399 
27.31 140.564 -108.5312 2479.385 142.6463 -264.3291 2451.812 144.884 -390.2556 2439.999 133.8936 -582.2482 2449.793 164.0764 -552.8823 2438.999 282.9732 -529.4699 2401.708 361.0187 -311.0573 2322.484 275.8834 -212.6597 2163.152 242.3424 -145.0504 2203.126 217.0496 -141.7267 2110.748 188.5024 -167.3808 2117.31 108.0665 -548.1214 2459.068 1.281157 -511.2609 2488.104 -34.76846 -314.5184 2637.632 -63.9479 -129.9091 2729.626 -67.41801 -67.14845 2796.746 -67.07816 -25.87527 2881.423 -47.16671 -43.69604 2788.964 221.3015 -106.6953 2475.108 236.733 223.1251 2605.696 241.928 464.4445 2844.204 249.4071 610.3585 2765.078 67.7594 -110.1867 2483.241 61.82059 234.4272 2399.529 71.85076 576.2286 2373.942 19.87956 614.3204 2235.314 125.7794 -653.8459 2442.246 68.17958 -630.1829 2314.051 92.22642 -673.135 2320.478 176.0318 -708.6479 2386.49 50.00946 -664.9643 2337.836 43.31792 -697.7408 2449.123 
27.342 137.0029 -116.7294 2435.842 133.6187 -270.4043 2413.089 131.6008 -394.5284 2408.526 121.7094 -583.1873 2416.669 150.8734 -554.1506 2405.319 267.5499 -535.801 2365.921 346.932 -318.93 2298.128 283.2561 -196.6996 2150.434 231.9605 -146.2369 2193.518 202.5823 -111.3884 2111.179 200.4728 -156.1814 2095.472 96.58344 -549.8478 2426.99 -7.385463 -519.8972 2464.585 -37.01863 -305.0733 2579.109 -61.72106 -125.9885 2674.851 -74.31076 -70.55289 2745.016 -80.80657 -30.44192 2828.12 -59.91115 -42.45234 2737.23 216.3056 -117.8676 2431.734 245.9266 215.8097 2528.488 243.9187 436.5866 2778.082 248.3186 595.5267 2814.722 65.49213 -115.7029 2439.545 60.89344 228.003 2383.307 65.4195 564.0111 2361.616 24.01258 626.9274 2231.755 113.6933 -653.4484 2408.854 56.95641 -622.5849 2284.692 80.23905 -665.2466 2288.5 162.4346 -704.4402 2350.944 38.89908 -657.8763 2306.117 32.38061 -696.2125 2413.404 
27.373 130.3957 -122.9087 2407.334 126.5924 -275.9473 2381.483 123.4948 -399.525 2370.345 113.6096 -588.1055 2376.207 143.2244 -558.9406 2366.63 262.4085 -541.814 2335.366 338.5657 -321.6051 2275.879 280.138 -183.7991 2140.477 234.6723 -132.8436 2189.038 203.7599 -99.82032 2106.602 186.6025 -152.5593 2108.777 87.94495 -554.9346 2385.544 -17.50325 -524.337 2417.822 -46.86747 -312.9408 2538.192 -71.67676 -128.4783 2622.655 -66.55837 -61.46185 2682.848 -60.55234 -24.92152 2767.533 -59.01 -47.56594 2681.349 209.7187 -124.9165 2407.55 245.6292 212.8405 2485.011 232.7205 421.0084 2744.534 244.8781 578.2557 2785.806 58.8666 -121.0981 2407.139 56.64814 224.1018 2363.086 64.31296 560.4379 2359.043 25.07231 631.4803 2232.903 106.1543 -658.2421 2367.347 45.14145 -625.5317 2245.85 63.88979 -670.301 2249.939 145.2246 -716.1304 2308.717 24.8509 -657.8651 2269.724 21.26276 -691.62 2378.571 
27.42 119.5206 -128.3453 2366.276 116.3843 -281.8697 2348.677 114.4744 -405.4109 2347.215 102.4868 -593.0915 2350.344 131.9912 -564.257 2340.281 248.5058 -544.9406 2303.009 334.51 -326.2202 2257.386 281.75 -176.3901 2134.327 244.4355 -124.5661 2188.006 211.6059 -84.44662 2110.057 187.1328 -124.2434 2130.704 77.68121 -559.9238 2361.038 -25.94568 -527.6379 2395.68 -53.72702 -313.1164 2508.439 -79.70063 -118.5869 2562.183 -75.45362 -83.25065 2644.655 -77.99533 -25.31677 2716.098 -57.18959 -66.53181 2647.482 198.4152 -129.5199 2362.463 240.4502 206.4711 2437.525 238.228 412.3721 2697.27 241.2336 562.5391 2758.772 48.37791 -127.2862 2369.715 54.22631 218.6366 2351.395 67.70801 553.2175 2359.458 28.83612 630.8059 2237.938 93.89663 -662.6659 2340.652 44.25703 -614.4792 2219.846 60.74867 -660.0773 2220.356 134.9563 -715.5437 2279.34 20.97286 -648.01 2238.356 7.506119 -692.7817 2341.79 
27.451 115.6093 -125.5732 2349.979 112.0916 -278.7781 2332.278 109.731 -402.0209 2328.39 95.92685 -589.2126 2325.208 125.6375 -560.4 2316.076 240.7503 -538.9137 2276.499 322.9141 -316.6761 2245.583 268.7601 -158.1251 2135.357 257.4549 -100.9096 2194.781 209.0212 -71.95159 2120.315 206.4517 -118.0475 2204.321 71.51697 -556.2479 2337.049 -32.35938 -522.9896 2369.215 -60.6972 -305.9895 2475.915 -86.01263 -109.8341 2522.042 -79.24951 -70.97632 2602.551 -77.287 -9.832054 2671.047 -54.13062 -54.41925 2603.026 194.3594 -126.9689 2346.41 236.0274 211.4102 2406.342 227.531 417.2971 2665.153 242.0837 573.2169 2706.597 44.59684 -124.3145 2353.198 49.30927 220.9843 2335.385 65.11955 554.3618 2354.598 24.43378 634.8181 2235.923 86.65084 -658.1991 2313.212 38.73485 -613.6493 2190.635 55.13322 -659.1377 2192.703 128.3613 -712.7924 2254.142 15.21799 -646.5367 2209.786 0.3838576 -688.142 2314.112 
27.483 105.0514 -125.1222 2326.361 99.56049 -276.2102 2302.542 94.58018 -398.1051 2293.142 84.83364 -584.0986 2294.349 114.2092 -555.1293 2286.224 231.226 -533.314 2256.708 298.4707 -307.807 2227.94 262.7804 -136.1411 2133.873 276.0459 -80.83334 2193.783 241.921 0.5269051 2222.228 207.587 -32.60445 2145.421 59.31604 -551.6263 2303.762 -43.75469 -519.9661 2336.97 -73.92012 -306.2881 2445.512 -100.5757 -109.3963 2479.028 -99.7756 -54.50599 2549.013 -103.8976 1.896113 2620.456 -76.87975 -31.34562 2541.847 183.0735 -128.6472 2330.735 216.6559 213.0638 2323.023 216.6395 409.5884 2585.912 256.5209 562.6426 2614.438 34.69539 -121.9435 2322.417 40.99329 221.0015 2315.415 57.21308 549.0848 2361.342 30.50872 629.4314 2240.115 77.72225 -653.0184 2283.838 36.35785 -608.1743 2160.219 52.64445 -653.2709 2162.821 122.2366 -706.6864 2227.099 12.18391 -640.9916 2177.788 -7.704566 -682.9765 2280.14 
27.515 98.71515 -123.0444 2302.111 95.00782 -275.1073 2279.159 91.59594 -397.6419 2269.279 83.08165 -584.5971 2264.972 112.634 -555.0806 2258.522 229.5354 -526.1182 2232.285 291.2603 -296.6293 2214.961 277.4161 -111.1052 2141.586 267.2323 -39.89492 2183.048 259.306 36.54457 2235.723 235.8541 -8.290097 2185.537 56.93196 -552.3979 2274.558 -48.08872 -523.8986 2306.445 -87.39945 -311.3076 2416.915 -119.5251 -112.7177 2440.231 -123.3453 -29.03323 2471.446 -107.0753 26.12445 2542.718 -102.4076 -10.27258 2446.65 177.2017 -125.5417 2305.978 223.1965 214.2096 2265.873 224.3264 434.6978 2511.257 252.7235 592.4141 2531.555 27.94041 -120.7926 2298.624 39.37115 223.8345 2298.735 57.92678 548.8425 2370.546 30.8146 627.3113 2247.278 76.74309 -653.5851 2252.264 24.81552 -625.6036 2126.894 45.45435 -668.7975 2133.021 123.3303 -709.0847 2198.294 4.641385 -658.553 2149.197 -6.0114 -691.3174 2256.788 
27.546 101.778 -120.8583 2280.306 94.44318 -274.1385 2254.698 88.03924 -397.5946 2241.018 80.27115 -586.6865 2235.729 110.2115 -556.6994 2230.133 229.2577 -526.3683 2208.959 294.183 -294.2967 2208.748 290.9935 -100.968 2149.398 285.3828 -21.47918 2175.88 264.5233 57.53475 2222.791 256.8095 5.840071 2198.217 53.44647 -554.2571 2244.822 -52.23904 -526.6772 2279.78 -90.60666 -309.8534 2388.436 -126.3661 -108.5346 2400.388 -127.8919 -22.4406 2427.959 -104.7262 29.04692 2501.382 -105.6655 -5.056322 2400.243 180.9498 -125.5919 2285.962 215.0507 213.1599 2208.748 211.7999 449.1815 2444.544 261.4547 600.5239 2408.226 30.38536 -116.5899 2275.205 40.32981 231.9587 2280.716 55.55598 554.3089 2378.333 25.25401 627.1592 2250.401 74.47865 -656.4321 2222.45 8.8684 -630.004 2101.484 34.90567 -671.2042 2104.137 122.8787 -704.9155 2161.979 -5.776333 -666.1911 2124.103 -3.793649 -704.0378 2231.891 
27.577 99.79114 -117.3537 2253.431 91.89149 -271.0758 2230.614 85.32571 -394.5757 2217.195 74.78597 -583.5421 2211.013 105.3433 -554.0024 2206.395 223.8899 -521.6452 2185.279 294.6519 -292.2079 2206.393 298.7429 -97.80206 2150.592 308.1017 -21.50842 2184.438 261.5385 59.55117 2196.418 266.7246 5.416669 2196.892 48.20802 -550.7206 2219.437 -56.45929 -516.9268 2251.993 -91.94331 -303.3445 2367.911 -119.7588 -100.4046 2365.01 -149.8467 -23.99292 2402.875 -118.0135 49.52348 2356.36 -119.0149 11.27463 2369.323 179.1086 -121.9552 2256.971 201.5594 214.4474 2166.126 208.2923 479.8196 2368.34 257.3734 612.0516 2285.848 28.26714 -113.2043 2250.239 39.35914 235.285 2259.906 59.26655 548.7565 2382.597 30.67504 623.6025 2255.391 68.30251 -653.1609 2197.322 -0.3228635 -638.8879 2075.954 26.84672 -679.058 2081.568 116.7994 -705.4782 2140.19 -13.56775 -673.3469 2101.906 -8.500464 -701.7026 2212.494 
27.608 95.66122 -108.6598 2225.035 85.63532 -262.5291 2204.254 77.54199 -385.9035 2190.645 68.22891 -575.0143 2190.627 98.53008 -545.4437 2184.738 217.7037 -518.3307 2160.136 297.1773 -294.7952 2202.532 310.4616 -97.65039 2159.261 320.8843 -45.68452 2224.401 313.9059 48.28943 2223.684 266.2421 -2.865836 2189.266 41.52085 -542.1163 2198.281 -64.04952 -511.6149 2231.125 -96.4184 -300.6697 2352.593 -126.0831 -99.38711 2328.872 -148.2095 -43.79404 2396.664 -136.0074 33.07679 2346.446 -106.781 3.282636 2303.594 174.9885 -114.0197 2226.449 190.5369 220.4615 2127.57 206.339 512.1204 2288.874 246.5982 625.4459 2178.286 24.1283 -103.8265 2223.759 41.97437 242.2183 2263.367 65.51778 557.8307 2379.655 30.84172 621.8643 2248.152 62.07745 -645.0692 2179.242 7.311765 -629.6848 2051.168 31.80965 -670.954 2060.084 113.7612 -700.4878 2128.166 -10.19385 -663.0618 2075.975 -18.09363 -689.7782 2186.792 
27.64 92.7289 -103.3117 2202.288 81.96169 -258.7556 2181.083 73.49487 -383.6809 2169.837 64.30675 -574.8218 2170.771 94.77014 -544.9259 2164.081 214.776 -521.6481 2133.528 297.146 -299.4729 2189.949 321.2531 -98.17142 2163.664 339.8808 -47.08993 2228.837 325.9702 43.24612 2202.059 276.1218 -3.929496 2191.294 37.43661 -541.5707 2178.919 -67.8217 -508.6365 2214.598 -106.4931 -292.1585 2329.654 -141.9524 -90.31821 2300.289 -162.2187 -32.31545 2367.94 -140.0682 34.27681 2305.98 -111.9471 10.43314 2277.491 172.8897 -108.5124 2199.71 182.6627 227.1252 2091.229 200.4154 542.6702 2208.884 236.8353 626.3219 2071.25 20.44435 -98.62189 2204.614 28.42816 250.4809 2252.696 51.21808 569.6364 2369.966 21.92985 630.2844 2233.784 57.94043 -645.6777 2159.675 3.678039 -622.6041 2030.895 27.32278 -665.3151 2038.017 109.0052 -700.5018 2105.662 -14.99652 -657.0227 2054.268 -24.24813 -689.084 2164.828 
27.671 89.8514 -98.58575 2172.021 80.50342 -254.0532 2154.067 73.15701 -378.628 2142.374 64.63915 -569.1346 2148.27 94.8996 -539.4114 2140.776 213.8773 -515.6588 2108.196 297.069 -297.2922 2174.292 327.6047 -95.94208 2165.988 351.0854 -64.55981 2240.984 333.9099 20.04564 2201.441 289.0395 -1.723982 2198.6 37.75169 -535.8729 2155.576 -65.89056 -503.0527 2194.785 -108.3386 -286.3875 2306.5 -145.5547 -86.59405 2270.456 -162.0038 -37.10281 2345.165 -137.993 37.62444 2294.659 -111.2355 14.52983 2260.152 169.7502 -102.8965 2167.748 179.1658 231.1277 2057.714 191.6459 562.0531 2115.818 219.9453 619.2852 1964.072 17.80314 -94.69856 2175.873 28.40914 253.0869 2225.217 56.04398 561.0063 2366.129 21.85973 633.4998 2237.604 58.51171 -640.0618 2139.057 6.506782 -601.2796 2013.63 26.9251 -645.9299 2016.604 105.4609 -692.9632 2080.094 -14.59555 -636.1944 2033.7 -26.35439 -677.6019 2140.49 
27.703 87.92209 -94.2075 2146.612 77.31909 -249.136 2127.217 68.96609 -373.3476 2114.776 60.94718 -563.5745 2119.097 91.16137 -533.7623 2112.242 209.8882 -507.7146 2081.418 296.2033 -295.3869 2160.336 335.1961 -95.90874 2169.384 353.1765 -65.74082 2246.205 333.6063 17.68815 2205.697 289.5669 -5.083192 2199.512 33.91685 -530.5059 2126.289 -69.31145 -498.8763 2166.929 -108.7553 -287.263 2288.048 -149.5778 -89.25298 2248.375 -160.217 -38.23937 2322.914 -134.4458 35.5165 2272.158 -108.7664 8.041468 2236.227 167.6615 -99.19028 2142.823 176.4696 234.4489 2033.596 183.5859 569.9656 2037.416 204.4412 615.9 1881.017 16.01755 -89.71431 2150.03 31.03097 253.731 2219.871 56.30059 560.9268 2361.332 22.33671 633.8925 2233.337 55.16083 -634.3184 2109.28 -9.876072 -598.9606 1989.327 14.39947 -641.6346 1989.889 101.4038 -682.2877 2045.96 -26.1961 -635.7003 2010.388 -25.65637 -678.969 2116.863 
27.734 84.62021 -89.05505 2118.969 75.28814 -244.8846 2101.271 68.18025 -369.9802 2092.545 61.38344 -560.9966 2096.972 91.37167 -530.8827 2089.424 208.6918 -501.5728 2054.429 297.0414 -291.7934 2140.5 342.8127 -94.6562 2168.063 351.5403 -68.13261 2248.132 334.1787 17.40277 2210.227 289.9639 -8.19467 2198.395 34.21694 -527.9662 2104.817 -67.97432 -498.7555 2150.817 -111.7175 -283.6316 2266.106 -162.0651 -88.42934 2219.825 -160.7805 -42.21438 2298.559 -141.0324 29.33206 2241.644 -113.7003 2.466023 2215.23 164.6141 -93.20975 2113.371 174.3529 242.8472 2007.261 177.8765 579.1766 1987.554 195.6171 629.2043 1831.35 12.48616 -85.30856 2124.018 34.65013 255.1712 2211.215 61.73859 560.4553 2359.495 19.79128 633.843 2233.425 55.78316 -632.0473 2087.216 -17.64172 -605.2816 1969.247 8.021196 -647.3399 1970.686 99.78206 -682.4735 2023.684 -31.59448 -641.3294 1993.366 -23.3372 -678.5589 2102.262 
27.765 83.10518 -78.48306 2096.054 78.4235 -235.7167 2082.126 74.95156 -361.7716 2076.064 59.1783 -553.2971 2076.441 89.99242 -524.2577 2066.977 208.9522 -519.2421 2024.14 298.3002 -307.6852 2108.366 366.1172 -121.1819 2160.964 356.9698 -104.0223 2243.951 339.47 -32.88363 2182.459 293.5382 -50.46932 2192.879 34.30619 -519.101 2087.492 -70.57493 -512.405 2137.553 -100.2709 -282.9005 2230.099 -156.2927 -84.74719 2201.468 -158.6969 -29.11545 2274.419 -147.7837 39.87393 2211.491 -115.9556 9.770494 2194.483 163.6691 -80.48843 2091.613 172.9776 255.4841 1979.323 176.5064 589.2326 1921.953 128.5425 602.8646 1763.801 10.45716 -76.67471 2100.06 35.41794 256.6863 2216.466 63.61852 567.8521 2356.102 23.79478 627.5712 2221.473 49.24828 -624.0684 2065.438 -22.40301 -606.4453 1943.838 5.152009 -647.4009 1948.085 97.34878 -675.8548 2005.375 -35.49709 -642.0132 1969.543 -28.5598 -673.5121 2080.943 
27.812 82.77413 -73.1198 2074.066 78.91747 -229.9003 2059.442 75.98018 -355.4352 2050.048 63.3076 -546.6291 2045.198 93.3997 -516.9055 2036.056 210.9483 -509.5237 1990.71 300.1417 -301.7383 2082.322 367.63 -117.9091 2142.175 348.0222 -104.7929 2223.85 336.5888 -22.07361 2177.726 297.5295 -40.99688 2165.298 38.16252 -513.2634 2057.633 -65.29194 -510.0997 2110.243 -97.63286 -283.8266 2207.972 -158.6177 -87.0747 2184.138 -156.0092 -33.91954 2258.613 -147.3483 34.24073 2194.802 -119.1052 9.226371 2178.561 163.0916 -74.60767 2068.835 170.875 256.9993 1946.779 173.0065 588.5215 1882.089 119.1139 598.2767 1726.025 10.34835 -71.77814 2078.782 35.69169 258.6913 2200.438 66.09071 562.1274 2353.774 24.16433 629.6459 2224.006 54.3341 -617.0282 2032.371 -24.05186 -604.0691 1914.838 3.232879 -645.0254 1919.317 98.14715 -671.9373 1972.172 -35.90918 -638.1804 1942.807 -22.6931 -664.6165 2054.641 
27.844 80.72543 -67.13122 2048.903 77.48673 -223.1894 2028.36 75.39626 -348.2793 2014.582 66.67248 -539.6693 2014.938 95.6088 -509.5835 2003.604 211.6358 -504.8315 1954.316 297.8716 -298.2657 2051.082 356.3451 -108.7523 2101.661 353.3375 -114.7635 2186.371 324.5295 -30.6264 2151.967 294.3566 -41.4267 2168.488 41.46227 -506.543 2027.807 -59.73819 -505.244 2084.599 -90.96629 -278.9011 2182.245 -156.9479 -83.51308 2161.508 -147.8123 -24.3865 2230.732 -147.1837 42.93084 2165.518 -122.5191 17.24389 2169.543 159.8039 -66.81468 2034.032 165.8092 263.9837 1910.153 177.547 597.1115 1856.465 111.0987 599.1012 1705.098 9.416893 -67.41666 2062.313 35.88327 260.3919 2190.306 72.26348 557.9304 2353.256 28.57312 629.1943 2226.18 58.61632 -610.5045 2004.265 -28.729 -596.9786 1893.378 -0.7058531 -637.6152 1895.143 98.27944 -663.993 1940.105 -37.9775 -631.6022 1921.666 -15.85301 -659.3668 2031.703 
27.875 82.71867 -61.35874 2022.33 81.59229 -216.0498 1996.796 82.62372 -340.6467 1983.165 71.93734 -531.0646 1977.604 100.4571 -500.9959 1965.856 213.7891 -502.3767 1911.661 297.3399 -298.3931 2013.592 342.3061 -102.6087 2048.15 350.1242 -101.156 2132.401 325.4622 -10.00663 2122.339 286.3202 -41.13551 2117.571 47.87135 -498.3057 1992.788 -49.89333 -499.9739 2054.407 -78.58519 -273.6528 2150.263 -142.7393 -77.65534 2141.568 -143.0286 -17.16137 2209.707 -133.3083 54.45035 2150.632 -124.7443 31.8982 2160.589 159.8398 -58.36198 2000.772 161.691 273.7084 1884.55 173.6457 604.7635 1826.971 90.27908 617.2738 1685.552 13.1752 -64.06104 2041.769 34.4964 258.0783 2180.647 69.12988 551.2836 2348.808 23.92394 630.3448 2227.767 62.6314 -601.1326 1965.053 -33.47209 -597.0213 1861.661 -6.031692 -637.6956 1865.167 95.73322 -661.4178 1903.813 -40.62686 -628.2744 1893.902 -9.475849 -645.1809 2003.456 
27.907 86.27573 -54.68822 1991.643 86.4299 -207.5241 1965.175 88.13121 -330.5007 1949.34 77.27487 -518.9154 1945.975 105.0749 -489.3016 1933.083 216.2182 -496.552 1877.931 292.2032 -288.4848 1970.984 333.8765 -93.75291 2002.707 347.2681 -88.08398 2085.154 313.22 -0.5880967 2081.847 286.539 -26.70123 2078.72 54.03033 -486.3485 1961.528 -40.65733 -488.1492 2025.593 -64.89612 -266.3258 2126.272 -130.9253 -73.12238 2122.791 -121.5132 5.389221 2166.07 -123.1795 77.35331 2108.23 -115.6768 34.56271 2129.774 162.3475 -50.80675 1969.672 161.3256 280.2255 1862.136 171.4342 610.1764 1821.152 89.39509 634.039 1682.482 17.67842 -58.18831 2011.454 34.98939 255.7635 2159.85 67.24198 536.6929 2341.586 31.45321 632.7625 2232.285 67.59882 -588.3386 1934.54 -35.46816 -590.7751 1840.256 -8.029561 -630.7748 1844.168 95.47359 -651.9528 1875.582 -39.85958 -619.4943 1874.597 -0.3124028 -629.0985 1980.993 
27.938 87.04362 -44.3509 1962.301 88.71128 -197.2092 1934.453 91.55658 -320.108 1916.599 82.85658 -508.9582 1912.794 110.127 -478.924 1899.502 220.3418 -479.2185 1841.587 296.2745 -266.4641 1924.637 344.108 -74.36249 1964.83 366.292 -54.0019 2043.104 299.5273 5.765487 2014.345 297.748 16.62711 2026.801 59.45811 -476.6612 1928.878 -33.96465 -475.5806 1995.137 -66.93056 -248.8579 2082.603 -121.2907 -53.00857 2105.716 -113.4322 33.93611 2128.805 -107.8108 78.48479 2047.93 -107.2093 51.3444 2062.261 162.2502 -38.98678 1937.361 157.7764 295.1522 1837.84 167.6208 627.1168 1810.616 89.08504 667.334 1673.368 19.22659 -49.18796 1984.791 34.77441 259.1315 2146.064 67.3839 533.9557 2337.885 29.93428 637.2117 2235.554 73.79097 -578.5778 1901.277 -34.97779 -581.8898 1813.271 -7.295276 -621.93 1815.906 98.10734 -642.8785 1841.251 -37.28255 -610.3257 1848.15 8.707471 -618.9359 1952.23 
27.969 91.89407 -44.7549 1934.779 90.4952 -198.3707 1906.308 91.54519 -322.1782 1889.821 80.54008 -511.9494 1885.966 107.4378 -481.994 1871.076 210.9849 -477.5443 1800.857 294.5251 -262.0485 1872.616 334.2498 -63.78283 1891.836 351.4292 -60.51245 1974.331 335.1978 32.37508 1966.397 290.4742 13.93883 1948.904 58.37093 -479.2857 1903.609 -30.91246 -472.6237 1976.054 -34.56458 -234.1419 2038.639 -89.48831 -38.03541 2009.768 -60.14828 14.41302 2077.832 -95.47009 73.72002 2015.49 -72.96542 60.62296 1988.384 167.4658 -40.72149 1909.303 153.9151 295.0124 1809.234 164.3606 629.9052 1808.073 84.12916 678.752 1673.562 23.7477 -48.39201 1957.751 28.59412 266.226 2111.512 62.4159 524.675 2327.61 28.29346 637.92 2233.824 69.99648 -581.8098 1874.745 -36.06754 -572.9112 1782.69 -11.67111 -615.3816 1784.635 91.30145 -645.9636 1812.686 -41.92187 -602.4991 1816.501 -0.2760813 -618.7791 1922.171 
28.017 96.49978 -43.02633 1902.963 94.97601 -196.2565 1871.234 94.4043 -319.1512 1847.83 81.70433 -509.1443 1845.347 110.2878 -479.6138 1832.723 214.5921 -480.5119 1763.135 288.4913 -256.904 1820.517 325.5115 -57.2442 1832.939 349.3757 -41.26146 1912.369 328.2734 47.06836 1885.245 294.6495 33.75669 1887.985 58.26223 -475.9729 1860.373 -39.07537 -464.6057 1921.223 -50.14204 -222.7336 1969.945 -78.1888 -18.65412 1972.826 -16.70257 46.62797 1957.715 -80.91843 81.88409 1900.161 -64.16553 42.06154 1892.132 172.604 -38.7672 1878.739 148.6172 297.1592 1779.308 152.086 632.2767 1796.842 77.51954 690.5946 1662.524 27.87329 -46.86697 1924.807 22.76248 270.8074 2073.467 61.71844 506.5618 2314.107 31.10257 636.551 2243.234 71.5038 -579.158 1834.034 -41.81821 -575.9339 1750.284 -17.68923 -618.5576 1753.662 87.11752 -648.4604 1775.714 -45.16414 -602.6982 1786.78 4.90132 -611.2112 1889.875 
28.048 103.0332 -44.4093 1877.338 100.0436 -197.6808 1843.74 98.3115 -320.6239 1818.77 82.31363 -510.8561 1813.295 111.8815 -481.5988 1801.944 215.8858 -482.4131 1731.262 280.4232 -250.369 1764.185 313.2953 -49.01163 1762.638 337.6096 -24.79921 1840.083 319.065 64.05348 1811.864 300.3961 55.76898 1813.151 58.92733 -477.3703 1828.069 -45.23911 -456.6575 1873.935 -50.86192 -211.0008 1905.109 -54.6332 -6.439701 1933.9 -9.744849 62.16396 1893.938 -96.70572 95.22672 1885.339 -62.73932 64.33664 1861.506 178.9527 -40.28881 1851.784 148.9915 297.0567 1755.241 152.1843 631.5197 1792.627 74.37146 694.3594 1661.651 34.57334 -48.12493 1900.381 30.07734 266.4482 2057.788 73.83325 504.728 2296.487 38.94669 635.8252 2228.768 71.2153 -580.7226 1800.682 -56.54401 -583.5285 1740.261 -29.5207 -624.5974 1737.541 79.5486 -647.8337 1738.046 -51.04825 -611.2548 1775.932 18.7002 -618.4185 1867.408 
28.08 105.7542 -42.58671 1849.117 101.5779 -194.7081 1814.67 99.85315 -317.2387 1791.375 79.86464 -505.902 1783.702 109.8142 -477.3118 1772.602 210.0412 -477.9651 1697.872 268.1644 -243.85 1712.761 293.6336 -43.22682 1697.016 321.8574 -12.39965 1770.128 320.7854 76.23952 1737.379 286.7891 64.35696 1730.271 57.41648 -472.3059 1798.935 -46.35836 -439.344 1835.987 -52.02566 -196.803 1878.209 -56.64675 5.422995 1913.955 -46.94262 90.4603 1884.011 -108.4203 142.1854 1837.392 -65.01831 95.73978 1862.505 180.4835 -38.4065 1821.597 152.7287 301.6094 1742.829 153.5817 634.201 1779.504 74.36388 701.8347 1653.035 38.36751 -46.35618 1873.933 17.88199 276.0657 2007.897 81.15845 485.3057 2265.861 43.91944 627.3774 2231.916 67.27293 -574.9505 1770.376 -66.98974 -587.5148 1730.808 -38.2388 -626.6985 1724.953 70.27215 -643.1119 1709.192 -54.364 -613.4796 1765.648 28.40931 -613.2765 1844.887 
28.111 114.6297 -45.55553 1827.273 106.4042 -198.3271 1789.278 100.7974 -321.097 1761.376 76.30905 -511.3615 1762.075 105.4647 -483.4788 1746.319 201.62 -477.9176 1664.598 261.9419 -241.3269 1661.662 275.6749 -40.16769 1624.963 300.2625 -3.446434 1697.671 313.0547 75.30869 1645.231 266.5397 65.66608 1653.841 56.34146 -476.5042 1779.094 -30.75733 -437.4122 1845.342 -46.87956 -190.056 1866.668 -59.96158 16.22947 1885.26 -69.81969 106.1552 1870.802 -120.4475 168.6121 1822.394 -88.72612 95.82794 1825.232 189.8546 -42.47095 1798.584 156.4162 303.4746 1732.752 154.8667 637.1929 1786.762 74.88389 701.6848 1656.974 46.79618 -48.33703 1853.142 28.06471 274.2189 1996.209 52.49392 535.1796 2215.314 -0.627704 641.2745 2119.831 60.73831 -581.1805 1752.449 -74.79057 -583.6944 1710.193 -46.62688 -622.4552 1697.928 62.72926 -638.8672 1680.054 -62.98537 -615.7203 1740.605 19.86945 -630.8928 1820.026 
28.143 122.8711 -41.49199 1804.011 114.0125 -193.7818 1766.547 107.2963 -315.7863 1737.57 78.97496 -504.83 1738.077 108.6656 -477.6482 1722.519 200.4132 -471.1099 1636.603 259.0752 -235.9324 1615.384 262.1838 -38.69751 1562.549 280.575 7.858459 1630.977 304.0782 86.14999 1582.302 251.2006 68.72149 1571.414 59.72536 -469.6978 1754.961 -27.56687 -419.0082 1811.689 -42.19354 -171.7838 1822.971 -55.30117 34.48239 1829.877 -99.08347 113.0539 1814.288 -140.3144 196.9283 1817.464 -98.76824 121.1003 1778.654 198.2012 -39.07042 1776.356 162.8192 307.9149 1725.436 155.5135 640.1154 1780.814 73.81995 703.7747 1652.437 54.9427 -43.67563 1828.949 31.34362 282.1427 1960.333 44.05035 557.9442 2159.455 -7.964816 655.681 2055.663 62.0666 -574.0621 1728.387 -72.27531 -577.6471 1684.155 -44.86263 -617.7834 1676.012 64.00537 -637.8971 1661.804 -61.72601 -606.902 1717.441 19.13905 -616.4298 1799.16 
28.174 121.9529 -39.39392 1783.416 113.0378 -191.5654 1746.514 105.9313 -313.2339 1717.07 77.15611 -501.8638 1721.165 106.2905 -475.0345 1704.194 192.0685 -467.5647 1612.657 247.9229 -234.4875 1573.024 243.8588 -41.17183 1508.33 260.2037 7.371191 1575.725 275.7886 87.59725 1527.31 224.4246 62.90445 1501.018 58.66437 -466.4993 1738.235 -24.73639 -412.1578 1797.031 -43.48957 -165.3717 1793.22 -57.90923 40.59917 1792.967 -98.14993 121.1368 1807.172 -134.2524 205.4653 1824.58 -93.37202 136.8196 1777.831 197.3214 -37.2125 1756.212 161.604 310.3192 1713.757 155.1861 640.7956 1775.949 67.59511 703.0471 1651.149 53.98975 -41.36101 1807.947 32.1028 286.178 1933.76 72.95678 528.7758 2168.268 13.23875 652.1447 2103.67 59.73611 -571.0551 1713.049 -73.07929 -579.7225 1665.725 -44.60706 -619.4496 1660.051 64.85142 -637.5424 1649.498 -62.76229 -607.2089 1700.462 16.00795 -611.2658 1784.398 
28.221 116.9603 -37.76215 1760.245 113.7558 -191.7998 1731.991 105.7084 -310.5734 1693.137 76.99491 -498.8874 1700.118 106.3287 -472.3734 1683.131 185.3239 -444.088 1589.787 232.3499 -214.7273 1526.142 225.1111 -24.62834 1453.483 220.8719 16.58107 1527.183 250.7079 51.29038 1444.083 200.8002 76.72938 1455.026 58.26048 -463.2853 1716.268 -23.43499 -396.502 1763.153 -50.82189 -151.0254 1773.56 -73.57656 53.73486 1782.579 -89.19596 138.7693 1811.073 -140.4121 215.6282 1798.202 -114.867 151.5894 1816.844 193.0069 -34.78696 1735.399 159.7496 313.7834 1704.728 147.006 640.3956 1782.215 66.85195 700.6113 1651.815 48.38578 -40.445 1782.649 20.28366 293.64 1886.955 141.67 506.5949 2121.783 66.84559 630.3571 2077.218 59.74889 -568.1366 1692.974 -74.3226 -573.1258 1649.329 -46.74612 -613.0626 1641.604 61.90425 -632.5708 1627.339 -63.50888 -601.8281 1682.836 17.43709 -609.8173 1764.183 
28.252 111.5755 -34.28411 1736.848 111.0976 -188.9958 1716.105 102.7614 -308.3691 1680.7 76.23652 -496.3322 1673.629 104.397 -468.2466 1657.586 178.0872 -426.5424 1565.528 210.0641 -200.5198 1485.827 191.7713 -16.35931 1402.566 194.6781 57.28693 1443.385 191.4238 107.8905 1363.591 186.1755 71.94883 1469.294 58.0168 -462.5213 1693.407 -21.70496 -402.1784 1750.356 -48.65964 -157.3883 1757.07 -72.0815 46.75352 1760.048 -93.1245 127.8049 1794.936 -136.0362 210.2144 1793.184 -107.3092 144.5756 1782.46 185.289 -30.45283 1706.574 154.4914 318.3757 1698.661 144.3611 642.8846 1780.221 63.05452 699.8275 1649.782 45.10487 -37.73895 1764.147 15.87804 295.057 1868.172 163.1846 514.8109 2078.979 84.42004 627.4844 2016.979 59.37192 -564.7544 1661.7 -79.23409 -570.6089 1638.87 -53.27053 -610.9623 1629.079 51.64212 -631.9883 1599.849 -63.64365 -597.7009 1671.614 28.19559 -602.5378 1740.053 
28.284 103.3285 -40.2684 1707.813 106.3301 -193.1004 1693.132 96.4463 -311.9714 1664.083 74.81714 -497.5326 1659.412 102.1544 -469.4864 1643.725 166.9747 -429.9554 1546.893 191.3785 -207.7364 1465.635 178.7978 -25.02462 1386.167 183.2954 21.04508 1454.923 167.5461 69.03915 1376.826 142.6576 44.0286 1461.213 55.76273 -464.4253 1678.042 -23.62129 -404.7818 1732.401 -47.24258 -163.846 1743.924 -71.72287 36.70015 1736.55 -88.6867 115.6671 1774.51 -120.0072 200.469 1760.887 -90.55653 137.6118 1748.444 167.6764 -34.72107 1663.219 146.7194 307.6064 1696.643 146.7625 628.6457 1770.049 63.81762 707.3729 1656.36 45.30312 -45.27068 1748.025 12.29612 284.7334 1840.203 180.8662 522.6187 2000.65 99.78211 645.326 1981.165 60.02515 -565.3815 1648.383 -76.83481 -569.1232 1628.726 -52.16876 -609.3984 1619.204 50.07701 -632.2961 1588.728 -61.30709 -595.5467 1661.036 30.28448 -600.8469 1726.624 
28.315 106.4325 -47.09001 1690.305 109.2699 -197.6702 1677.892 95.84041 -314.1642 1648.838 70.88169 -496.241 1642.237 97.6429 -468.8909 1626.126 159.0988 -430.5046 1529.112 176.4224 -213.9591 1441.941 152.4348 -37.09836 1359.834 152.311 9.641108 1426.678 142.3413 66.78739 1355.882 103.0831 32.16162 1419.312 53.5385 -463.6298 1661.854 -22.52326 -404.6866 1717.972 -44.95946 -167.6136 1731.259 -67.91459 29.06319 1711.986 -84.56087 109.9302 1741.921 -100.2436 193.8875 1713.656 -87.25028 132.982 1715.654 166.5137 -41.97906 1642.042 139.9583 293.803 1681.224 140.6443 607.9981 1760.639 63.76599 708.9697 1665.375 52.25468 -51.69878 1733.827 13.60831 282.9894 1768.94 191.0172 508.2286 1927.182 148.4669 645.8094 1903.172 54.60759 -562.5374 1630.943 -81.11044 -566.9077 1621.579 -57.37391 -606.3141 1610.111 40.87394 -627.9822 1572.579 -63.37357 -593.0632 1651.941 31.31391 -598.2233 1709.598 
28.347 101.6621 -44.76178 1673.93 103.4254 -194.9182 1661.875 92.25993 -312.4834 1638.235 73.5655 -494.4884 1626.655 98.86236 -465.82 1610.804 163.0598 -425.4942 1516.868 172.5084 -209.2052 1429.794 136.0905 -35.77063 1346.413 123.3405 8.781422 1413.228 126.4959 65.43815 1341.775 77.17959 44.4836 1343.955 55.6525 -463.2165 1647.62 -21.5968 -409.8971 1706.964 -42.8623 -173.3539 1718.234 -65.19568 23.14524 1703.241 -83.42896 103.6541 1732.411 -92.3205 187.2549 1701.179 -85.68362 127.0456 1709.116 159.2565 -40.00097 1623.051 134.2605 293.9581 1669.157 141.0542 605.4679 1754.549 64.15488 713.3327 1668.081 49.72668 -49.05482 1719.809 16.29175 281.8225 1778.423 206.7135 506.1502 1919.847 187.6569 649.1228 1900.368 59.37723 -560.7479 1613.757 -76.3115 -560.384 1614.026 -54.89522 -601.1063 1603.212 39.34029 -628.436 1560.407 -57.44223 -585.4623 1644.419 40.55556 -591.1534 1695.454