60.095 244.8034 -511.185 5611.606 238.7608 -700.7855 5597.805 233.9312 -852.2473 5585.296 222.9866 -1083.215 5575 188.8878 -1043.625 5575.725 43.72572 -997.9773 5584.116 7.368174 -705.9256 5597.456 29.54067 -519.0311 5757.83 7.796107 -439.0263 5818.37 68.65068 -358.2619 5873.543 88.99864 -420.5064 5860.652 260.5796 -1046.372 5575.441 395.7577 -1015.304 5595.9 498.9354 -733.4277 5598.94 547.2652 -492.5684 5647.416 562.7612 -431.3285 5738.12 522.5775 -464.6081 5637.626 542.5786 -373.1926 5640.155 147.6435 -508.1003 5611.769 149.3314 -82.93429 5574.531 157.3612 317.1435 5495.509 156.0363 481.6044 5608.822 332.4167 -513.9666 5611.46 359.4721 -88.73126 5625.837 354.2415 313.9433 5537.998 379.9223 462.9797 5642.375 218.9562 -1169.577 5585.459 224.248 -1183.223 5756.143 195.2831 -1226.026 5726.316 130.1359 -1233.423 5608.134 250.8869 -1222.649 5728.246 306.819 -1238.201 5601.201 
60.127 0 0 0 0 0 0 0 0 0 0 0 0 0 0 0 0 0 0 0 0 0 0 0 0 0 0 0 0 0 0 0 0 0 0 0 0 0 0 0 0 0 0 0 0 0 0 0 0 0 0 0 0 0 0 0 0 0 0 0 0 0 0 0 0 0 0 0 0 0 0 0 0 0 0 0 0 0 0 0 0 0 0 0 0 0 0 0 0 0 0 0 0 0 0 0 0
60.158 230.1545 -477.5149 5512.103 239.7291 -661.0087 5496.207 247.0158 -808.0014 5487.297 252.708 -1031.954 5500.877 217.0092 -996.2808 5496.352 73.30665 -961.9186 5499.099 6.648592 -686.9134 5538.317 -5.238959 -481.3625 5661.184 31.94551 -439.4028 5743.438 44.07053 -392.3506 5844.019 23.58589 -446.9351 5788.112 286.4909 -993.7513 5498.746 418.1519 -961.2134 5508.199 498.301 -682.3411 5485.118 565.7794 -449.9773 5464.94 586.8782 -379.8062 5543.162 530.0437 -406.4071 5453.065 564.1291 -329.8494 5472.926 136.4514 -481.5908 5502.712 133.3344 -71.35224 5557.198 138.1905 323.4632 5580.213 106.1114 453.8057 5719.812 314.6508 -473.8396 5520.572 318.6866 -74.17655 5626.207 323.5374 316.0511 5539.952 329.8051 463.691 5639.51 254.3139 -1114.249 5519.745 239.1994 -1140.934 5683.004 209.8678 -1176.158 5647.692 159.5903 -1166.285 5527.071 263.2412 -1179.893 5655.349 328.8463 -1192.032 5537.477 
60.19 228.3654 -462.595 5472.758 242.3105 -643.1497 5454.685 254.0382 -787.2214 5438.125 261.3935 -1008.552 5435.396 226.176 -973.3538 5430.83 84.25526 -941.7869 5442.112 10.82665 -678.1455 5509.696 -46.87399 -457.3083 5571.991 -21.44277 -429.9402 5662.837 21.31028 -401.7393 5760.442 3.138717 -459.625 5709.14 294.3136 -970.5776 5438.724 416.3177 -931.6839 5478.719 495.1581 -656.9583 5450.234 561.7614 -428.1472 5425.44 592.0033 -400.7262 5523.009 544.4336 -396.792 5425.745 570.8701 -314.1014 5477.622 138.914 -466.9894 5447.641 129.9149 -58.80984 5456.856 135.9434 331.174 5442.683 77.55254 464.2531 5566.787 309.0277 -458.6323 5495.408 319.7776 -70.86572 5621.658 332.0781 318.5333 5560.313 322.5737 462.6649 5660.566 262.5583 -1090.919 5447.969 249.4625 -1104.028 5610.838 219.8891 -1141.292 5579.263 168.8805 -1140.87 5460.429 272.623 -1144.716 5586.475 335.8595 -1166.511 5470.761 
60.221 214.0376 -459.3686 5435.423 221.4147 -642.6388 5416.101 227.3558 -789.4481 5403.772 244.8333 -1013.182 5400.409 207.2384 -979.2523 5402.129 67.19753 -944.0865 5433.618 4.114397 -675.9891 5509.492 13.16578 -479.4647 5646.559 -28.64386 -393.9212 5675.607 14.52319 -413.1312 5776.827 20.61875 -433.4574 5780.144 276.3966 -973.1635 5397.644 398.4449 -917.5945 5419.999 489.8337 -641.4734 5408.375 566.0737 -411.1497 5398.664 577.344 -383.2986 5501.551 548.3798 -319.1087 5417.31 546.3816 -321.9736 5505.315 119.86 -463.2594 5436.371 105.7396 -51.59545 5396.187 98.58473 338.6283 5332.051 71.77435 471.6097 5470.271 298.9617 -455.86 5434.568 317.6194 -73.8965 5591.631 284.8711 322.6045 5553.391 299.4949 449.6674 5677.452 252.2287 -1096.358 5412.992 249.7821 -1089.97 5578.969 219.817 -1132.573 5553.767 160.8771 -1148.994 5437.871 273.7122 -1132.886 5557.845 331.5007 -1166.4 5440.017 
60.252 219.1823 -442.7108 5411.423 230.492 -626.4521 5389.976 239.5371 -773.4078 5373.383 262.4202 -997.5802 5363.899 223.946 -964.5103 5368.236 82.17435 -927.3105 5392.121 -38.41742 -673.1862 5449.481 -18.38601 -505.9636 5621.787 -35.62424 -417.1442 5664.454 17.48399 -419.8992 5763.308 12.94787 -450.3809 5753.601 292.9701 -956.5152 5360.543 417.64 -901.3986 5369.708 518.0676 -627.2303 5352.23 539.9598 -409.0508 5459.242 573.5696 -444.5865 5555.203 516.9557 -385.1093 5481.506 548.5469 -337.9616 5552.183 124.6379 -448.5247 5411.376 103.2362 -43.01178 5321.601 89.83561 336.4101 5203.999 74.40697 486.7509 5326.614 304.4372 -437.4682 5411.466 315.2221 -58.96074 5582.352 276.3475 340.1958 5560.565 290.9516 466.2225 5686.918 272.5037 -1081.205 5374.211 258.0842 -1074.529 5540.382 227.1597 -1115.256 5512.706 175.7888 -1127.849 5392.1 280.7224 -1119.175 5520.813 345.0675 -1156.721 5406.901 
60.284 0 0 0 0 0 0 0 0 0 0 0 0 0 0 0 0 0 0 0 0 0 0 0 0 0 0 0 0 0 0 0 0 0 0 0 0 0 0 0 0 0 0 0 0 0 0 0 0 0 0 0 0 0 0 0 0 0 0 0 0 0 0 0 0 0 0 0 0 0 0 0 0 0 0 0 0 0 0 0 0 0 0 0 0 0 0 0 0 0 0 0 0 0 0 0 0
60.315 0 0 0 0 0 0 0 0 0 0 0 0 0 0 0 0 0 0 0 0 0 0 0 0 0 0 0 0 0 0 0 0 0 0 0 0 0 0 0 0 0 0 0 0 0 0 0 0 0 0 0 0 0 0 0 0 0 0 0 0 0 0 0 0 0 0 0 0 0 0 0 0 0 0 0 0 0 0 0 0 0 0 0 0 0 0 0 0 0 0 0 0 0 0 0 0
60.346 0 0 0 0 0 0 0 0 0 0 0 0 0 0 0 0 0 0 0 0 0 0 0 0 0 0 0 0 0 0 0 0 0 0 0 0 0 0 0 0 0 0 0 0 0 0 0 0 0 0 0 0 0 0 0 0 0 0 0 0 0 0 0 0 0 0 0 0 0 0 0 0 0 0 0 0 0 0 0 0 0 0 0 0 0 0 0 0 0 0 0 0 0 0 0 0
60.378 0 0 0 0 0 0 0 0 0 0 0 0 0 0 0 0 0 0 0 0 0 0 0 0 0 0 0 0 0 0 0 0 0 0 0 0 0 0 0 0 0 0 0 0 0 0 0 0 0 0 0 0 0 0 0 0 0 0 0 0 0 0 0 0 0 0 0 0 0 0 0 0 0 0 0 0 0 0 0 0 0 0 0 0 0 0 0 0 0 0 0 0 0 0 0 0
60.409 0 0 0 0 0 0 0 0 0 0 0 0 0 0 0 0 0 0 0 0 0 0 0 0 0 0 0 0 0 0 0 0 0 0 0 0 0 0 0 0 0 0 0 0 0 0 0 0 0 0 0 0 0 0 0 0 0 0 0 0 0 0 0 0 0 0 0 0 0 0 0 0 0 0 0 0 0 0 0 0 0 0 0 0 0 0 0 0 0 0 0 0 0 0 0 0
60.441 200.9929 -363.9738 5107.25 204.7232 -571.506 5082.786 207.0553 -737.7107 5065.792 230.7452 -990.1102 5086.328 187.6012 -952.2264 5085.562 23.12681 -923.575 5098.721 -36.30092 -609.1013 5147.499 9.017411 -368.8347 5266.018 11.04408 -339.7547 5374.994 57.81953 -353.6917 5491.792 42.97019 -454.799 5410.492 265.7133 -944.8153 5077.88 410.6509 -894.7668 5062.907 520.296 -586.7355 5106.523 542.5598 -495.1148 5365.018 567.0579 -483.0549 5483.371 554.8347 -382.2912 5411.406 473.3868 -414.6932 5500.295 97.41859 -362.7584 5081.148 105.5956 29.57696 5337.977 126.3773 312.1636 4990.69 116.3681 530.7664 5007.391 294.3904 -365.0698 5130.788 281.116 5.602241 5416.983 266.8103 383.5909 5666.108 295.5714 387.0634 5865.941 240.9372 -1082.389 5109.533 251.6831 -1002.694 5279.739 219.8914 -1059.884 5275.463 145.2503 -1131.371 5168.812 280.9507 -1055.415 5273.613 339.2145 -1139.084 5158.877 
60.488 172.1432 -377.6948 5016.654 187.3353 -564.7012 5010.885 196.9 -714.3749 5015.994 203.1146 -942.6827 5011.888 166.6921 -906.1992 5010.483 24.0809 -858.7714 5016.434 -93.74564 -606.0042 5098.682 -68.5962 -464.7499 5296.083 -15.38084 -406.8103 5359.926 32.5463 -345.6046 5442.886 42.3525 -460.7426 5388.58 237.427 -903.6805 5012.438 365.3538 -858.1351 5039.02 465.0105 -587.4243 5106.491 490.5889 -449.4092 5309.881 563.3137 -442.9393 5390.934 526.6904 -388.9513 5300.203 459.206 -405.0922 5433.212 79.6766 -384.4456 4991.988 15.6555 12.38954 5117.87 40.82027 382.3208 4961.133 7.020496 530.1685 5087.035 255.5243 -371.6072 5038.897 227.2537 -10.01266 5252.185 198.708 355.1511 5429.149 219.1087 353.2347 5609.34 205.0404 -1027.683 5024.464 227.7451 -989.6144 5187.621 199.0679 -1039.592 5175.452 124.1183 -1083.596 5074.271 253.5495 -1034.215 5170.063 296.9105 -1084.981 5049.454 
60.519 204.7749 -422.3448 5001.105 203.1943 -589.7019 4974.618 200.3423 -725.1222 4972.619 208.51 -930.9881 4964.099 239.092 -896.0848 4967.808 371.8763 -875.9182 4987.716 480.114 -641.3981 5034.338 513.0309 -440.6681 4949.77 465.5444 -448.2219 4871.972 493.5168 -349.8851 4880.92 393.0154 -449.4872 4959.351 175.2547 -897.9418 4965.201 54.91625 -865.622 4973.911 -20.89441 -623.2157 5057.647 -8.003004 -414.8863 4978.927 25.89517 -338.7134 4926.526 72.647 -258.8213 4886.43 92.96304 -385.1631 4890.818 291.0748 -424.2654 5008.091 165.2353 -67.36255 4971.184 134.9824 281.2218 5069.28 152.8103 408.3527 4946.074 126.9545 -420.6129 4994.806 182.1957 -46.91389 5034.353 214.6295 172.0592 5327.338 262.0095 328.5892 5334.656 212.045 -1006.849 4948.223 213.6599 -1005.622 4795.616 238.1036 -1046.174 4819.786 291.6248 -1062.491 4926.402 188.7006 -1042.56 4816.289 134.0754 -1065.786 4925.662 
60.55 159.8954 -416.4278 4826.649 173.9072 -578.9932 4852.576 186.3912 -708.4342 4875.7 210.3126 -901.2125 4927.534 177.936 -869.6992 4931.895 66.37711 -824.2844 4986.826 -43.13241 -593.3317 4999.428 -41.47658 -386.3539 5056.799 -62.4696 -308.7143 5095.312 -38.87133 -212.6016 5080.529 -4.68995 -258.0554 5069.268 233.8713 -869.5707 4904.415 340.0998 -834.5573 4856.231 420.9586 -605.7949 4760.726 446.3297 -424.7144 4878.52 488.9565 -342.2209 4902.946 392.0428 -347.2224 4918.975 404.39 -363.9379 4995.705 85.45261 -416.4877 4866.504 95.41761 -65.95129 4986.796 26.01308 244.1829 4830.16 52.98052 396.2564 4909.183 227.0237 -416.3738 4790.71 290.3666 -57.14843 4854.697 190.4323 246.721 4693.866 235.3725 391.825 4742.888 224.4343 -969.2374 4957.462 291.8533 -931.8766 5084.752 265.3855 -976.4404 5084.226 173.6481 -1018.241 5024.064 308.6787 -971.2133 5063.186 308.9538 -1018.057 4951.26 
60.582 175.4798 -417.134 4891.599 184.4718 -579.8286 4891.332 190.0408 -709.8096 4884.781 195.28 -907.1759 4903.151 165.271 -874.6855 4910.072 53.40811 -826.5884 4957.189 -18.3947 -586.0551 4930.93 -11.00596 -375.8828 4956.362 -36.31526 -298.1524 4923.926 9.36953 -238.0558 4860.358 14.60455 -343.9046 4856.025 222.7908 -874.6274 4888.409 333.0074 -845.356 4850.694 406.919 -606.249 4791.537 445.1294 -410.2313 4869.857 487.9161 -326.2309 4878.817 396.2495 -294.519 4877.572 439.5656 -301.8929 4948.171 94.89703 -421.6214 4912.134 106.9242 -61.45501 4973.992 113.2917 287.5016 4991.162 132.3856 390.2442 5126.644 248.1448 -413.0875 4873.081 265.1065 -51.94694 4924.977 263.4298 301.0794 4932.606 321.3362 397.5662 5042.693 201.5195 -979.2528 4921.378 268.0424 -929.5836 5042.402 244.5248 -974.8577 5045.648 155.5235 -1025.376 4991.494 286.4665 -968.8383 5023.627 287.4019 -1022.936 4916.892 
60.613 181.0816 -423.7037 4861.233 187.1013 -598.3855 4854.382 191.959 -737.9114 4846.377 196.9118 -950.1697 4861.629 163.0736 -916.2466 4857.928 28.70256 -876.4361 4859.962 -33.94439 -613.5648 4879.559 -57.51439 -393.2595 4930.773 -41.91582 -313.758 4882.299 12.84029 -225.7136 4860.53 8.395631 -338.618 4855.311 229.0196 -914.0988 4858.237 352.9065 -878.5306 4861.796 431.5934 -618.611 4911.436 464.3069 -405.8851 4993.337 464.1022 -331.6708 4923.869 436.3778 -275.8073 4840.474 414.5363 -292.6272 4939.69 91.74913 -426.7137 4859.486 104.968 -43.80408 4944.761 121.7899 328.335 4988.867 101.9987 429.6192 5140.813 261.6366 -420.9894 4862.808 253.5913 -38.11792 4946.948 244.273 337.2389 4999.028 267.1366 426.9213 5140.425 198.6577 -1028.01 4880.403 249.2708 -933.6149 4995.944 228.2481 -982.1216 5010.668 145.4305 -1060.926 4961.88 274.973 -976.972 4990.221 294.61 -1063.199 4897.046 
60.645 185.5454 -410.0999 4821.688 190.1049 -580.3449 4810.104 193.6749 -716.2979 4798.833 196.8906 -923.8637 4806.37 164.1091 -890.369 4804.677 32.47636 -856.2503 4819.404 -36.46363 -600.9929 4818.227 -55.2839 -383.5042 4858.128 -16.42464 -307.9891 4822.407 27.22358 -224.428 4864.848 38.91833 -325.3669 4839.791 228.4711 -888.8406 4803.567 349.4736 -855.8041 4813.576 435.1118 -608.7324 4878.401 440.6185 -421.0315 5001.854 449.9878 -336.661 4950.522 417.2617 -284.3747 4869.762 398.4367 -318.8426 4932.119 98.39301 -412.6426 4824.753 108.5183 -46.67339 4937.385 120.4227 312.6382 5006.386 105.843 404.883 5159.383 264.1345 -407.807 4818.923 260.9479 -26.88864 4854.939 254.2496 342.8697 4863.652 272.1709 444.5378 4992.259 198.2938 -1000.433 4821.986 240.3215 -935.94 4955.076 213.9389 -982.4685 4957.75 133.6076 -1040.128 4887.5 262.0448 -979.1308 4944.437 285.5079 -1047.404 4841.949 
60.692 185.8957 -393.2851 4780.88 186.1251 -564.0344 4768.322 186.189 -700.2748 4755.162 180.4026 -908.4914 4759.834 149.0114 -873.4902 4758.388 20.81787 -826.4885 4771.713 -57.14775 -576.1295 4811.353 -64.60967 -377.583 4911.685 -41.3293 -316.2824 4846.571 18.01934 -234.2271 4868.879 16.95342 -333.1276 4846.825 213.5787 -874.7263 4757.724 335.5709 -843.8419 4767.325 432.511 -601.9506 4838.789 435.5623 -423.9973 4977.095 447.004 -335.8506 4932.381 412.5734 -281.5 4853.327 396.5781 -330.6721 4896.903 98.45488 -393.6465 4784.197 110.8727 -30.60159 4909.28 126.1407 324.2616 5002.288 109.5644 406.3087 5161.396 264.745 -392.9592 4777.889 279.9073 -10.00297 4757.921 292.0466 358.2437 4714.222 306.1806 472.6613 4832.836 178.3924 -985.4865 4774.432 224.8305 -934.3642 4912.31 197.1689 -980.3981 4911.307 113.7252 -1029.49 4837.631 245.2276 -977.0636 4897.279 264.9245 -1036.426 4788.201 
60.723 183.5187 -367.9793 4748.046 176.5742 -539.932 4733.33 169.4898 -676.6585 4715.377 147.4322 -884.9199 4697.505 118.6166 -847.5126 4702.212 -4.777201 -790.1645 4727.49 -92.4505 -544.1083 4785.333 -92.1261 -376.1261 4934.338 -51.38766 -310.2282 4882.486 20.72967 -235.8766 4867.842 -6.303258 -333.4815 4868.996 183.2761 -853.3044 4696.696 307.8554 -827.464 4701.457 426.9174 -600.069 4793.248 415.2835 -437.0548 4951.351 435.5219 -341.5238 4928.119 389.4535 -316.5877 4839.637 339.4614 -350.5167 4870.646 97.89106 -366.3527 4769.447 117.3951 -3.039181 4903.015 138.4196 353.1712 5002.375 146.8194 428.8476 5166.988 260.7328 -369.4461 4728.749 272.5059 14.65243 4681.59 272.9884 382.1374 4610.48 318.7354 500.6846 4718.643 140.236 -963.4272 4703.759 195.4698 -923.5245 4843.611 167.6269 -969.8992 4840.359 79.11204 -1013.509 4767.376 215.1421 -965.0184 4823.607 228.3001 -1015.217 4707.862 
60.755 186.4039 -359.8169 4704.457 183.5917 -534.2214 4685.428 181.9328 -673.9304 4672.967 169.4873 -887.0897 4672.354 138.4208 -850.2289 4672.414 12.66761 -789.356 4688.138 -20.20988 -520.3347 4667.826 -24.45058 -293.55 4692.006 -17.18982 -263.0802 4781.381 -3.022786 -230.2603 4881.459 -1.846496 -316.4934 4807.142 204.4969 -853.4932 4670.436 330.0532 -824.3417 4681.151 435.0256 -591.18 4787.469 416.9461 -420.5296 4942.102 435.8918 -320.8334 4952.082 399.9822 -243.6438 4891.553 360.8831 -292.0551 4927.999 98.70344 -360.4448 4723.172 120.8642 -1.818031 4884.166 144.1655 350.4497 5014.374 147.6173 420.1347 5184.901 265.4873 -359.2507 4687.58 276.3259 26.3783 4611.013 275.6189 390.5077 4501.498 314.6574 523.8052 4598.679 165.2594 -966.2648 4685.308 198.7606 -921.57 4833.145 167.2206 -966.2639 4826.977 88.16632 -1007.534 4739.843 217.9958 -966.4586 4818.855 247.216 -1025.802 4708.269 
60.786 189.061 -356.1177 4670.262 180.3105 -528.4841 4650.504 173.9187 -666.7504 4639.171 155.4619 -877.0454 4650.324 126.3719 -840.1059 4642.136 -1.339063 -785.0532 4636.291 -1.662419 -516.097 4628.211 3.354999 -290.7149 4641.665 5.414993 -254.8434 4728.268 22.09507 -210.0219 4821.984 28.54731 -306.8677 4751.926 190.8689 -844.617 4652.796 300.3732 -813.1049 4711.22 414.7194 -566.3466 4745.912 410.4728 -354.4381 4831.816 361.0976 -285.5048 4777.023 337.0206 -202.0912 4720.829 318.6741 -274.3101 4894.666 101.1734 -353.0557 4682.474 120.9462 -9.230196 4865.082 143.9919 335.9958 5003.187 139.3642 387.4786 5178.124 268.3132 -358.8788 4659.25 272.7234 19.36409 4566.847 261.621 374.7723 4443.226 311.6786 503.886 4538.047 146.5457 -954.2332 4667.327 190.2722 -917.9701 4813.115 160.1066 -962.902 4806.673 76.33118 -1001.236 4724.519 209.5162 -960.6912 4794.609 231.17 -1011.368 4679.549 
60.817 195.7792 -337.95 4642.357 190.3256 -508.0999 4621.063 186.1547 -644.2834 4605.293 176.4115 -852.3047 4590.424 146.2913 -816.272 4586.406 17.90145 -767.7413 4578.731 3.464449 -502.911 4595.367 0.5377755 -287.3799 4652.685 0.8589027 -261.4012 4741.566 18.16022 -215.4336 4833.136 30.79201 -311.4525 4762.816 209.9945 -819.4622 4597.354 316.8328 -794.9102 4660.416 427.726 -562.1741 4743.206 426.5694 -369.4581 4860.995 410.9004 -286.8458 4807.417 382.5893 -214.2198 4741.417 366.6403 -281.3056 4923.08 109.1015 -336.8244 4655.562 127.1714 -4.227042 4848.601 147.1213 327.4692 5006.55 144.8539 364.8013 5182.78 273.9404 -338.9649 4630.449 271.6985 30.01338 4522.086 247.9927 367.3399 4367.554 307.7825 499.6775 4447.463 170.5762 -930.3143 4597.583 189.6108 -905.3757 4748.891 156.3178 -945.1744 4734.58 86.52985 -969.0015 4637.502 206.3798 -949.0784 4732.031 242.6759 -997.6893 4621.602 
60.848 205.7007 -332.5547 4571.316 190.2332 -506.955 4553.583 178.0611 -646.55 4541.006 152.6069 -859.036 4548.994 124.3374 -820.572 4541.316 -1.596883 -757.8004 4532.157 -81.82442 -498.3228 4555.354 -94.11499 -322.4622 4701.176 -29.41529 -270.5992 4747.502 25.53006 -217.6005 4821.884 31.63201 -299.7194 4759.836 189.5033 -827.3845 4551.972 307.3744 -795.8026 4595.983 442.8106 -566.4707 4674.756 430.1179 -392.8843 4827.668 454.7621 -294.4201 4815.144 397.1732 -253.7672 4737.64 397.5756 -296.0241 4901.465 116.7456 -325.8311 4582.781 134.0605 3.100097 4800.6 155.1956 330.5852 4986.972 126.3494 358.6966 5167.322 285.9153 -338.6177 4560.978 277.5887 45.34435 4470.928 255.0793 406.1884 4349.581 290.7866 536.0236 4453.379 141.1033 -937.1638 4565.003 178.8629 -897.2247 4713.673 147.3161 -942.0245 4706.886 65.68999 -980.9288 4620.51 197.9754 -941.5963 4697.23 224.2942 -997.075 4583.51 
60.896 200.6632 -338.3518 4511.032 201.6434 -510.2981 4501.346 201.8318 -647.5822 4490.875 183.728 -855.9455 4504.317 154.2723 -819.0383 4501.313 26.90899 -766.9412 4511.694 7.66187 -501.0894 4500.963 15.77526 -279.2019 4529.771 28.93419 -187.1868 4528.928 43.26149 -84.17086 4536.853 101.3976 -181.9041 4516.31 219.0359 -824.1154 4500.857 343.3621 -808.0114 4520.868 423.4181 -570.616 4626.297 429.0187 -387.9489 4760.493 434.5294 -292.7154 4790.784 397.518 -219.1697 4729.683 380.0875 -283.9069 4818.867 114.6583 -339.8937 4529.7 126.6242 -18.26319 4743.618 141.3628 302.1409 4926.736 127.8238 348.4821 5101.019 278.2177 -336.9615 4494.197 277.9219 43.8019 4430.574 268.5332 406.0425 4341.205 306.9203 536.195 4437.493 177.1638 -932.4601 4522.223 185.8203 -893.8802 4672.218 151.8056 -933.7108 4658.952 88.32463 -964.0753 4558.83 201.879 -939.7677 4660.778 244.3587 -1000.212 4558.118 
60.927 212.7663 -344.2487 4464.198 212.5689 -516.5412 4451.561 212.7072 -654.3602 4442.609 200.7305 -863.6521 4458.415 170.0955 -827.4978 4455.758 42.47424 -774.0798 4460.32 25.03997 -507.22 4469.616 9.682257 -283.2499 4476.141 18.12624 -197.3548 4511.425 42.95164 -99.04874 4537.262 101.7226 -182.7553 4516.269 235.149 -830.786 4453.825 357.878 -799.937 4468.066 440.9213 -560.8761 4569.521 453.1587 -372.9341 4697.013 441.6427 -289.7623 4752.053 390.916 -211.2389 4709.178 370.3393 -273.7649 4743.621 127.2452 -345.7573 4486.101 179.4296 -4.561961 4662.565 224.0854 335.0385 4803.748 247.0488 382.1137 4977.427 289.8843 -342.8883 4444.448 263.3565 41.14577 4402.399 228.381 408.398 4338.676 287.1973 514.3957 4453.401 196.7178 -940.3785 4477.223 194.292 -891.1281 4624.803 159.053 -929.9742 4611.135 102.848 -964.1907 4507.504 208.4317 -938.7199 4618.095 256.202 -1009.162 4524.008 
60.959 221.4937 -326.42 4410.063 217.7829 -505.1204 4397.735 216.4257 -648.2769 4393.272 212.6904 -865.7547 4408.287 179.4727 -829.4481 4407.134 45.04383 -782.1565 4424.504 26.07936 -505.3708 4417.776 8.963006 -273.1965 4410.386 80.98093 -208.7727 4406.61 153.4611 -128.7714 4395.584 117.2188 -230.1257 4363.553 246.8825 -830.3326 4402.387 373.9964 -797.4126 4416.55 451.3307 -542.1467 4510.441 477.3138 -333.6782 4617.681 464.2245 -283.3388 4707.879 411.3907 -200.0043 4667.375 395.0804 -237.2912 4682.003 133.7493 -326.4047 4436.252 137.6864 17.58063 4644.317 141.1449 358.7754 4820.955 141.7574 406.3364 5002.978 300.6166 -326.4339 4386.448 270.1679 73.56187 4367.443 226.0227 455.8361 4315.806 273.1639 579.5972 4427.262 212.2593 -945.5632 4427.26 204.6739 -888.9839 4578.197 167.578 -928.6928 4563.822 112.9429 -966.3274 4455.164 218.1327 -938.9573 4573.605 269.6217 -1016.846 4480.897 
60.99 213.1558 -328.5645 4376.071 214.4864 -513.7514 4363.396 216.0169 -661.9092 4355.096 207.3022 -886.8561 4373.789 173.721 -848.4987 4372.436 36.05969 -794.7455 4389.248 22.78704 -507.5278 4389.632 11.55295 -266.4678 4389.821 74.26551 -204.4651 4342.273 183.6351 -180.9333 4331.123 143.1111 -226.434 4350.456 243.4674 -851.045 4366.803 375.8381 -817.789 4376.552 451.2702 -548.4768 4463.781 497.4943 -326.8839 4555.867 482.895 -267.0992 4644.466 445.8327 -185.0252 4580.417 436.6792 -239.553 4646.287 121.2122 -330.8184 4399.35 130.9809 15.81395 4630.113 139.8354 361.627 4827.094 132.3222 397.8723 5018.467 296.0654 -326.5322 4355.08 271.8209 88.83012 4358.854 239.7426 489.077 4334.533 286.2968 603.4536 4464.58 205.227 -969.2388 4394.584 208.8956 -889.5461 4541.515 169.2252 -931.706 4535.163 104.5014 -984.8737 4433.27 222.1184 -941.7065 4543.01 267.9599 -1035.716 4455.577 
61.022 219.8487 -321.8683 4341.543 224.2555 -509.2175 4323.032 228.1362 -659.3686 4312.832 231.3377 -887.9113 4329.356 195.228 -850.9291 4327.096 51.20219 -810.5598 4346.969 31.34199 -519.7405 4357.54 12.28349 -275.7328 4363.213 54.40502 -211.3921 4296.754 164.3171 -203.312 4267.385 87.20956 -243.5727 4257.569 266.1785 -849.5308 4323.953 400.2243 -815.6105 4336.215 476.0354 -538.27 4411.493 499.0778 -314.0894 4514.809 491.4288 -255.6872 4607.045 453.7954 -165.1588 4552.67 452.169 -230.2945 4615.454 123.9204 -324.8381 4348.764 136.1703 40.12978 4561.393 148.8277 401.7137 4740.798 125.1253 454.3365 4929.931 306.3515 -319.1903 4335.032 274.6372 101.458 4350.126 241.6582 508.0482 4338.48 261.5431 620.8074 4479.866 233.13 -971.7072 4349.592 221.5541 -892.9557 4499.367 181.1938 -934.4565 4487.568 126.6572 -985.1178 4376.372 233.2542 -946.2525 4501.575 287.2237 -1041.762 4417.366 
61.053 220.7277 -320.2863 4303.147 229.7075 -506.9148 4284.859 237.6604 -656.5667 4276.663 241.9024 -884.5786 4290.34 205.7324 -847.8917 4287.855 60.2065 -811.424 4298.873 27.92701 -523.5383 4324.222 -0.7575713 -281.9139 4343.302 33.91313 -221.1924 4269.964 120.9621 -193.9937 4202.054 36.34151 -258.8675 4224.66 276.5034 -846.0509 4286.103 409.1739 -810.0117 4301.956 485.1501 -529.1749 4358.088 526.1264 -295.6432 4427.88 534.5551 -271.7417 4533.999 510.1292 -180.8113 4473.778 462.0506 -227.6097 4546.185 125.5848 -325.9483 4314.21 130.1599 49.54207 4505.152 133.6343 422.1628 4657.583 120.3926 486.2879 4843.53 306.5222 -315.1805 4293.17 274.1699 102.0559 4337.417 235.4414 507.0479 4335.499 260.6601 622.655 4472.964 243.8031 -968.3549 4309.497 229.9495 -895.7991 4461.604 190.2812 -937.1066 4447.845 137.551 -983.8571 4334.574 242.168 -948.8534 4461.874 297.8225 -1040.186 4374.867 
61.084 216.9918 -322.958 4254.571 228.7381 -509.6431 4239.146 238.9042 -659.1262 4231.023 242.06 -887.2331 4242.202 206.088 -850.2954 4241.417 63.37975 -805.7117 4257.668 22.10697 -519.8812 4291.086 -12.94325 -279.9834 4318.64 11.26728 -222.7874 4238.61 105.6081 -225.1492 4175.232 40.51214 -260.2304 4194.946 276.7409 -848.9008 4237.1 408.2655 -811.3795 4257.961 487.0643 -527.9189 4292.434 554.8152 -291.7255 4318.474 547.1649 -263.4986 4423.556 529.5179 -238.9394 4315.989 484.5107 -244.4798 4436.345 122.8554 -330.28 4271.501 134.4777 64.61749 4417.455 141.6629 452.2691 4525.554 147.4938 519.1244 4710.864 301.8788 -316.3554 4239.304 275.0479 93.00462 4332.602 234.79 497.2258 4353.138 274.2581 602.4859 4495.417 244.0764 -971.1944 4260.415 237.0997 -898.4191 4412.839 197.4402 -940.3846 4401.288 139.5839 -988.3054 4291.091 250.163 -951.2574 4412.583 302.5995 -1041.936 4322.988 
61.116 218.5665 -325.2581 4213.45 229.6856 -513.3936 4199.862 239.101 -664.1584 4199.551 242.0212 -893.8383 4210.1 205.8496 -856.7054 4207.326 63.1002 -806.8281 4214.938 26.96499 -519.5923 4257.965 -4.789647 -278.4065 4292.086 -3.80481 -221.1882 4207.669 52.59966 -202.3727 4109.886 34.94973 -244.6895 4157.625 277.1082 -855.1738 4207.168 406.1194 -809.5334 4233.12 492.9096 -524.4893 4220.85 565.4257 -286.7622 4210.462 575.9009 -270.7847 4318.598 537.6422 -205.6889 4235.215 510.0564 -254.0059 4343.038 122.2914 -331.2799 4218.045 150.2064 81.39735 4311.301 173.8259 480.5357 4377.109 170.6285 553.4733 4561.604 305.382 -319.8279 4209.307 283.1591 89.1788 4317.063 247.0762 495.4433 4353.396 289.4673 586.2236 4505.997 243.1221 -978.4326 4228.202 241.2784 -900.9218 4379.704 201.073 -943.536 4370.658 139.1095 -994.9426 4263.209 254.5416 -954.0832 4380.468 304.3737 -1047.779 4291.058 
61.147 221.3569 -320.8059 4181.606 234.1557 -503.0755 4162.631 244.4366 -649.065 4150.418 249.8641 -872.2389 4162.172 214.2761 -836.4673 4161.136 73.99847 -795.8368 4179.516 39.52398 -518.1864 4231.354 9.068589 -285.0167 4273.062 3.463757 -227.8593 4192.238 34.87151 -193.5272 4091.174 37.56761 -246.7629 4140.787 283.4252 -834.3786 4157.174 411.9804 -795.5646 4174.607 501.8769 -519.9866 4180.383 570.1581 -288.4129 4194.512 591.2521 -283.0657 4299.029 561.5463 -228.5222 4209.014 524.7239 -261.3801 4328.339 127.7107 -327.4788 4182.539 149.5243 82.15126 4223.165 169.0929 475.4854 4233.358 180.9701 594.1303 4384.991 305.8018 -314.7888 4180.765 280.179 77.67693 4302.714 248.0101 471.9298 4347.555 272.7306 575.6151 4489.458 252.6446 -954.3266 4180.3 246.585 -900.374 4336.597 208.9894 -941.3546 4321.472 151.6985 -978.0848 4210.081 261.1607 -951.2322 4330.352 313.6285 -1027.751 4232.41 
61.179 216.6484 -309.0892 4139.136 225.4044 -489.8146 4123.438 232.2762 -634.6023 4115.035 233.9014 -855.5663 4119.409 199.4149 -819.5585 4121.37 61.30129 -780.414 4145.246 13.53791 -508.1971 4197.74 -2.0575 -281.9823 4263.56 -11.18911 -211.6375 4195.904 11.84905 -175.6556 4094.541 28.71994 -243.2253 4130.891 267.5067 -818.598 4113.891 397.2075 -785.8515 4119.239 515.8542 -525.0286 4126.736 549.2067 -321.9472 4248.451 576.3704 -325.023 4350.396 568.7465 -281.5823 4251.679 515.8788 -301.2282 4374.179 123.9753 -313.3033 4135.961 137.4061 93.76887 4121.754 152.9207 480.6077 4079.179 145.201 606.9203 4221.855 300.2158 -305.2892 4142 276.9361 77.42551 4278.821 249.6802 459.6053 4368.831 273.7019 544.4524 4520.527 235.9904 -937.298 4134.598 222.3027 -1006.065 4282.391 193.7947 -1030.595 4239.586 143.5597 -990.1133 4127.816 246.4413 -1035.304 4245.835 310.6582 -1014.558 4130.788 
61.21 217.1801 -314.1584 4087.977 230.152 -489.9397 4075.251 240.0189 -630.6663 4067.637 249.3732 -845.4604 4072.444 214.4742 -811.7248 4071.353 79.94835 -771.6771 4090.049 5.35018 -521.6833 4172.906 5.577672 -330.3401 4300.065 -39.27735 -248.8331 4279.033 -9.188808 -211.2495 4183.44 20.14756 -256.4002 4187.269 281.028 -808.2676 4069.87 405.2355 -771.439 4083.49 515.5497 -517.587 4049.154 536.0734 -338.4249 4196.144 580.4631 -343.8562 4288.595 564.4247 -282.8909 4204.368 525.5872 -305.4822 4326.75 128.7872 -319.3928 4070.176 132.2363 75.75249 4037.03 147.8936 450.1165 3980.193 109.3895 575.2775 4111.674 296.8878 -309.4384 4104.029 274.3253 55.7273 4255.874 255.0387 429.8383 4335.438 252.7319 511.7393 4485.225 253.1243 -924.8724 4087.503 233.9503 -970.7612 4238.703 204.6142 -997.7656 4200.18 159.4655 -969.5958 4086.441 255.2957 -1005.431 4207.579 319.6766 -1005.246 4094.892 
61.241 213.7859 -322.763 4056.768 222.6349 -496.5085 4042.308 229.6449 -635.4557 4031.274 235.6487 -847.6388 4039.779 201.7796 -813.6998 4040.924 69.95786 -769.3195 4055.746 4.549906 -521.2406 4141.162 -4.14608 -322.8366 4251.011 -19.65935 -247.037 4197.236 -20.88 -174.6014 4120.225 21.73376 -228.0018 4151.703 267.207 -811.5496 4033.793 390.8285 -776.3136 4027.827 507.7281 -527.4075 4010.791 550.9071 -359.3931 4161.542 586.3062 -349.8764 4256.139 567.4552 -281.1548 4180.49 528.0034 -311.6469 4288.334 125.3316 -326.3429 4045.652 124.5388 58.81915 3974.228 130.8301 421.4013 3881.227 122.0529 545.0593 4016.264 293.5491 -319.5348 4066.791 277.9781 37.91309 4225.253 259.2002 401.6259 4327.622 279.461 471.0015 4480.008 239.2787 -925.8288 4055.968 206.9648 -1030.371 4168.882 185.8696 -1039.908 4119.247 152.7694 -969.5779 4022.573 235.1705 -1047.606 4130.538 311.6232 -997.9604 4040.39 
61.288 210.6112 -309.0571 4018.463 224.4146 -478.9779 3998.308 234.2493 -615.6525 3990.68 238.8832 -824.4966 3988.608 205.7709 -791.0169 3991.275 78.02357 -742.9054 4008.212 12.24042 -502.4388 4100.701 -11.29181 -307.9836 4207.666 -21.07566 -233.3708 4153.606 16.21589 -184.4275 4069.795 26.63621 -200.4312 4128.042 270.1506 -788.9481 3984.628 391.3752 -752.7686 3987.619 505.354 -507.5679 3970.534 541.0084 -346.5096 4125.021 583.6877 -355.6434 4214.732 578.6432 -310.9122 4122.98 537.5224 -330.0674 4242.618 123.9866 -314.5763 4005.668 119.4885 61.58403 3922.757 130.3847 411.371 3808.465 116.2246 554.7844 3916.757 288.7245 -304.0803 4030.001 278.2408 41.1497 4199.642 263.5655 387.1558 4335.521 287.9016 450.2428 4486.964 241.931 -902.1073 4000.673 208.2191 -1012.705 4103.333 192.4043 -1020.759 4052.483 163.2133 -948.8214 3958.392 240.1836 -1025.691 4067.443 318.9615 -967.2188 3988.264 
61.32 209.4162 -297.4123 3977.566 221.3113 -467.9492 3968.689 230.9215 -604.2294 3960.712 241.3926 -812.2631 3963.368 207.5113 -779.7547 3966.033 77.68987 -737.6093 3979.601 -3.517196 -497.3849 4057.083 -27.82996 -307.7151 4170.927 -53.24055 -232.8057 4123.183 -16.69408 -197.2626 4032.903 32.59313 -188.3648 4124.417 271.4549 -776.0674 3957.84 391.1842 -736.8685 3950.695 495.442 -491.3645 3907.692 521.3506 -351.8235 4082.749 556.4852 -369.0838 4174.206 588.4443 -299.3004 4107.166 513.941 -352.8057 4199.98 122.7048 -302.9268 3967.311 120.4561 70.11595 3875.738 125.7748 418.832 3761.132 101.0356 522.0501 3906.202 287.6077 -292.4397 3986.813 273.7905 46.67118 4165.83 256.6071 385.6985 4315.434 298.3125 415.7482 4472.625 246.8995 -889.2307 3977.114 202.8737 -1024.701 4036.12 184.4018 -1012.101 3987.291 161.5625 -908.6028 3927.605 231.5001 -1027.224 3995.641 314.1204 -953.2339 3936.448 
61.351 201.8647 -289.0514 3943.937 210.1096 -460.7347 3932.83 216.6683 -598.0043 3924.194 219.4126 -807.5881 3924.28 186.5838 -773.6689 3927.601 58.32149 -725.7953 3945.04 -9.078964 -476.69 4012.726 -34.7802 -273.5812 4103.427 -43.13156 -203.4257 4043.004 18.9261 -186.846 3960.806 43.04436 -168.7279 4124.538 250.9586 -772.2533 3918.936 372.5723 -736.8478 3910.175 487.6869 -492.6944 3878.017 518.7583 -376.3034 4070.125 552.2811 -375.4622 4164.439 589.9044 -300.3219 4105.679 513.8863 -351.2484 4190.834 114.7139 -292.4645 3932.001 119.3063 82.47221 3838.285 129.711 434.1651 3725.854 121.2711 547.0304 3866.928 280.4525 -285.9736 3954.699 270.3245 48.34571 4147.542 257.3106 383.5473 4311.228 295.8202 419.1379 4469.154 222.1571 -885.3476 3937.141 201.9987 -1010.454 4026.634 170.7014 -1006.23 3982.785 127.4938 -913.6423 3915.405 219.3901 -1019.376 3980.667 280.2368 -954.9214 3890.425 
61.383 192.1462 -281.3948 3903.753 211.3087 -450.4572 3884.332 225.9596 -585.9 3870.773 228.8222 -792.824 3846.206 196.0054 -759.4767 3851.167 68.53728 -714.195 3874.197 -23.02868 -481.716 3963.253 -49.21661 -302.1283 4092.203 -58.84948 -222.5748 4046.139 0.8732155 -185.7288 3969.762 12.24408 -197.0114 4137.9 260.4626 -757.5574 3847.372 383.3638 -729.6601 3854.614 480.5542 -479.0314 3826.531 486.3545 -337.1108 4001.611 525.002 -355.4756 4091.466 599.9432 -286.8741 4083.011 496.6257 -344.5745 4117.355 109.7398 -287.4188 3874.884 117.7342 89.56886 3800.819 134.9153 444.1581 3706.775 136.021 554.651 3848.645 266.4557 -275.9628 3929.786 262.4341 51.7118 4129.698 255.4653 382.8809 4297.042 271.1305 434.3465 4453.5 230.6803 -871.1279 3849.845 219.9052 -978.2479 3960.301 181.5456 -977.9094 3922.684 132.6341 -893.5737 3849.863 227.8216 -995.477 3914.4 274.417 -951.4877 3806.184 
61.414 179.0674 -274.0265 3849.932 194.8009 -445.4475 3828.322 205.0525 -583.3771 3817.943 210.3793 -794.3777 3812.97 176.7398 -760.652 3814.68 45.16102 -722.2875 3837.93 -37.89769 -481.1408 3922.585 -63.58306 -284.2666 4029.605 -68.03615 -208.6499 3974.551 -5.627748 -181.221 3894.586 -29.00201 -176.1542 4078.788 242.031 -758.3332 3810.871 363.5947 -719.1269 3817.252 475.7504 -469.3556 3813.978 491.2774 -345.8105 4005.457 517.1873 -382.8421 4095.584 581.5521 -302.0956 4097.829 480.5629 -380.928 4116.365 95.29661 -278.0867 3821.148 123.0763 107.2811 3773.373 159.0205 471.6539 3707.271 176.7594 569.8703 3859.68 254.6073 -270.3651 3875.887 240.7464 55.39363 4087.844 227.892 405.329 4224.726 211.2704 510.1532 4354.458 213.1255 -872.9782 3824.137 210.2103 -996.7543 3919.476 177.0167 -997.8617 3876.352 121.0006 -912.9095 3806.757 227.1574 -1005.562 3872.929 277.7154 -937.8465 3777.574 
61.445 164.6182 -276.414 3781.688 180.0187 -446.4686 3769.916 192.4838 -582.4883 3761.798 206.6989 -789.6599 3777.908 236.6394 -753.4779 3775.541 367.3477 -713.3796 3786.301 444.5491 -460.8208 3763.091 434.5869 -306.7906 3602.821 458.7287 -244.4447 3539.07 410.2737 -169.5285 3486.289 385.3634 -220.6264 3505.674 172.2013 -757.2136 3776.956 48.03981 -734.9532 3779.472 -49.09953 -505.4668 3883.727 -99.11201 -286.0307 3872.808 -51.55772 -269.9792 3786.932 -0.5913749 -192.7769 3744.216 24.44223 -244.4092 3822.708 251.1269 -267.9017 3771.894 143.6906 95.04426 3706.818 135.1719 452.5092 3789.711 172.5325 517.1379 3626.221 86.60948 -284.09 3790.52 154.6133 84.91469 3710.515 193.0255 437.5177 3819.005 179.3985 529.1992 3682.067 211.7523 -867.5643 3771.065 185.6225 -893.3932 3621.348 213.5874 -930.6216 3648.096 285.8599 -930.6613 3745.913 163.937 -925.1819 3652.699 129.1551 -926.1946 3773.483 
61.477 186.047 -268.0435 3738.359 183.5542 -444.4657 3730.167 181.817 -585.3931 3721.458 198.5465 -799.6649 3718.496 162.5333 -767.1633 3719.75 25.80252 -746.1251 3749.627 -58.87797 -493.2342 3810.683 -125.404 -280.5081 3865.917 -112.1465 -195.4302 3906.84 -121.7858 -93.33324 3876.38 -106.6507 -140.8848 3839.617 228.808 -761.3463 3716.151 350.1307 -714.3738 3721.331 462.8472 -463.2692 3765.522 498.2461 -335.0696 3956.268 550.7098 -336.0165 4044.492 539.196 -379.8742 4139.366 492.434 -336.0683 4066.821 96.40633 -266.2878 3727.828 106.7372 118.5602 3822.055 123.4694 464.2426 3668.093 157.457 606.6343 3781.979 266.88 -269.6267 3747.856 274.4468 111.3614 3855.31 278.6047 485.189 3937.474 302.476 540.1672 4097.248 205.486 -879.3183 3730.651 219.4462 -885.7963 3888.995 196.5387 -929.5395 3863.843 132.2899 -947.7305 3757.57 247.3856 -919.8882 3862.901 295.1146 -931.7608 3742.87 
61.524 155.2072 -284.2039 3703.582 168.9247 -446.667 3680.894 180.4527 -577.2809 3669.69 188.769 -777.3922 3673.467 218.4905 -743.3077 3673.006 347.061 -715.9191 3683.828 437.1692 -478.631 3708.077 427.7262 -331.4679 3552.991 450.9969 -271.8221 3491.389 404.3785 -200.2094 3440.023 380.4872 -249.3022 3458.886 156.4498 -745.3044 3674.613 39.56394 -713.2301 3668.87 -68.79652 -503.5449 3777.436 -126.2359 -295.3248 3759.836 -62.73679 -223.9707 3765.142 17.54115 -204.2886 3817.79 -46.18303 -227.1706 3719.732 238.7589 -276.3207 3697.649 134.8608 77.29608 3673.07 138.6618 420.1898 3756.914 155.8876 483.1786 3596.868 79.86502 -291.3124 3708.931 95.72295 75.34263 3670.683 133.1222 427.4065 3714.369 114.4053 497.4352 3572.813 191.5437 -851.9102 3662.503 148.1492 -915.0895 3535.586 179.7837 -942.4413 3565.89 261.3737 -916.6158 3645.628 132.8981 -936.3842 3575.496 115.6173 -905.8403 3691.182 
61.555 155.1289 -283.5106 3703.307 168.7914 -446.0933 3680.289 180.2243 -576.7689 3668.242 188.6141 -777.1003 3669.859 218.3518 -742.9689 3669.926 346.9322 -715.5327 3681.994 436.5198 -478.5622 3712.948 429.7224 -325.2925 3563.453 452.2661 -254.5492 3514.5 407.2266 -179.3792 3466.748 385.6979 -230.2839 3482.09 156.2446 -745.0079 3671.195 39.41284 -713.3535 3661.149 -75.27195 -502.5013 3761.229 -133.6118 -295.0332 3736.55 -73.33617 -220.6308 3735.82 7.424965 -198.9826 3787.116 -57.60149 -226.8468 3688.348 238.7705 -275.6531 3697.454 135.5385 78.62163 3674.203 140.7569 421.2658 3760.397 158.6567 486.5612 3601.171 79.70558 -290.596 3708.585 95.51979 76.47532 3670.868 132.9883 428.7903 3715.285 113.5982 500.5067 3574.494 191.4789 -851.564 3658.079 142.9514 -912.2908 3531.657 174.7091 -940.8019 3560.827 259.1757 -917.928 3638.614 128.2326 -933.6342 3571.795 114.91 -903.8739 3688.327 
61.597 156.4926 -285.7752 3693.782 169.1909 -448.6801 3669.873 179.0565 -578.3792 3647.285 184.9554 -777.9457 3624.403 215.1783 -744.4164 3628.964 344.3257 -720.7711 3645.425 437.647 -490.8543 3707.548 436.0492 -318.1045 3580.087 462.1144 -241.3895 3542.939 420.4697 -158.3842 3505.795 394.3701 -207.0278 3526.023 152.9013 -745.7433 3629.334 38.64983 -710.0886 3607.113 -77.34095 -489.4611 3683.262 -116.5355 -281.6318 3632.899 -64.09488 -201.675 3624.7 12.3928 -161.7158 3671.797 -46.55125 -210.6603 3579.511 240.3718 -278.3898 3688.011 143.3 78.48111 3664.802 157.5904 419.9169 3757.735 180.2136 484.6917 3598.478 80.85496 -292.435 3698.987 96.92727 75.55574 3662.279 135.5153 428.316 3708.571 114.3498 499.2513 3567.239 187.0418 -850.6044 3603.58 149.777 -891.0361 3465.377 180.0995 -923.4481 3492.103 257.9856 -912.0613 3579.131 132.6434 -918.8431 3500.401 109.727 -908.3983 3619.035 
61.627 158.5846 -279.2186 3584.712 167.3801 -446.0108 3560.959 174.631 -579.9414 3546.808 180.4442 -784.9776 3555.433 211.3576 -750.4526 3554.611 342.9479 -721.8954 3566.522 404.7869 -487.831 3664.887 423.5036 -287.6025 3577.357 456.7393 -224.7394 3634.234 393.6284 -152.5416 3598.95 387.336 -181.1657 3522.387 147.7365 -751.6587 3555.386 27.7473 -721.174 3543.616 -83.03828 -496.2861 3633.316 -124.1352 -294.3354 3550.517 -58.40294 -221.6851 3546.832 0.4901253 -142.1577 3529.68 -76.01871 -206.325 3567.257 244.6 -274.214 3581.421 206.429 101.7073 3558.213 211.3684 355.9597 3815.556 271.4338 467.6278 3691.841 81.02077 -283.7315 3587.681 101.5234 90.47359 3638.22 126.1711 446.806 3716.207 116.135 505.3974 3564.444 182.4578 -861.6141 3545.966 146.4252 -889.459 3400.999 181.8217 -921.6231 3423.67 261.4269 -911.3797 3512.715 133.3383 -924.0296 3433.049 111.6216 -931.4561 3554.801 
61.647 163.3469 -274.069 3547.289 172.0605 -440.2507 3521.023 179.101 -573.9055 3505.973 187.924 -778.522 3515.199 218.2579 -743.5627 3515.041 350.2646 -717.5678 3526.048 407.8525 -493.1982 3646.206 424.6761 -286.4207 3575.995 449.6028 -227.4768 3640.591 374.5981 -165.1343 3610.604 376.3154 -180.3838 3530.937 154.7519 -745.7703 3514.289 32.8422 -724.0292 3504.928 -88.58024 -496.2987 3568.901 -119.4649 -334.9578 3419.881 -92.01193 -247.4706 3454.202 -75.06291 -160.8738 3501.877 -107.0217 -237.4811 3454.873 249.3276 -269.4882 3546.83 210.9118 100.6293 3480.111 216.852 393.0471 3692.211 253.6511 489.2231 3548.365 85.81433 -278.1997 3547.702 103.9936 92.04137 3619.798 124.1377 442.5395 3719.979 116.4418 505.6056 3570.128 191.3684 -855.0287 3505.975 147.1938 -892.6494 3365.766 180.6205 -925.5472 3390.139 264.3167 -914.2676 3474.984 132.6047 -922.8318 3401.306 115.4368 -917.2064 3523.705 
61.695 158.6564 -261.8288 3509.319 164.6257 -427.305 3481.287 170.6815 -560.6712 3467.058 178.7614 -764.8524 3470.449 209.1073 -730.1147 3471.577 338.7823 -698.5355 3488.76 393.3384 -478.1401 3615.715 419.6721 -261.9221 3600.733 406.6826 -188.8155 3652.724 362.3496 -142.937 3573.504 364.5994 -176.1138 3534.101 145.8044 -732.0806 3470.179 23.35394 -715.9561 3461.739 -75.8837 -473.6637 3502.959 -119.027 -319.0317 3350.938 -141.7406 -227.1114 3374.606 -161.1567 -243.3544 3471.328 -181.3561 -256.4195 3411.135 243.3987 -256.6355 3496.707 236.23 104.8997 3390.608 227.5369 415.6548 3572.447 255.6113 491.6503 3415.809 82.24052 -266.5119 3520.691 104.2422 99.11522 3607.543 127.8879 445.0922 3717.969 100.7898 505.1932 3569.717 182.0453 -840.8328 3459.09 155.7951 -877.8413 3314.793 186.9507 -910.0084 3342.555 259.5299 -897.5188 3436.454 138.0531 -908.7334 3348.002 106.5878 -905.0508 3467.199 
61.727 157.5698 -259.5093 3476.88 161.2129 -423.9603 3446.657 164.9812 -556.4538 3429.106 172.0491 -759.8455 3430.993 202.4378 -725.4068 3432.325 333.36 -697.2421 3437.288 397.7894 -491.2847 3580.604 424.1372 -275.5422 3586.545 404.4639 -215.4113 3650.932 373.8892 -215.0158 3554.363 345.8124 -194.6259 3543.752 139.3865 -727.0502 3431.006 18.63425 -705.8738 3417.998 -79.30614 -467.1085 3473.417 -104.237 -318.0737 3313.273 -145.2776 -230.9893 3326.642 -128.9053 -262.7516 3419.574 -168.9251 -263.7347 3379.538 242.3293 -255.7226 3466.492 230.7265 100.8425 3350.004 227.34 448.4517 3438.291 253.5754 495.4811 3271.132 81.1385 -262.9239 3486.247 103.7903 97.76655 3585.892 127.4573 437.5045 3709.895 102.1282 505.5052 3565.527 174.9383 -835.442 3419.126 151.8708 -866.4435 3273.531 182.0505 -899.7608 3300.592 252.2401 -891.5229 3396.136 133.2527 -898.3522 3304.956 99.22356 -899.1157 3422.969 
61.758 157.8646 -254.1756 3448.95 160.6091 -419.2026 3417.093 163.629 -552.1712 3397.871 168.651 -756.6621 3399.54 199.5443 -722.3624 3400.937 331.2051 -694.1 3403.849 394.4218 -487.6282 3549.339 421.6913 -271.5876 3567.771 393.222 -219.3946 3636.306 365.2116 -203.4499 3539.732 329.6263 -202.9249 3539.608 136.1592 -723.3676 3399.572 15.96261 -699.8358 3380.785 -68.47523 -455.302 3439.582 -85.78053 -279.1216 3306.787 -52.38564 -193.8632 3340.83 35.28736 -204.1542 3387.969 -56.1475 -224.4977 3381.938 243.0395 -250.6968 3438.267 233.0839 95.35417 3288.5 234.9877 449.3268 3356.699 254.1136 501.1408 3189.049 81.05862 -257.3125 3458.583 102.9984 101.964 3569.999 124.1277 437.7719 3709.593 105.0015 514.0629 3567.508 170.7887 -832.6556 3387.529 139.5188 -878.8976 3246.792 170.8767 -909.7883 3275.839 246.5115 -892.4708 3366.652 122.1514 -907.0858 3282.572 94.28918 -894.5827 3402.184 
61.789 132.0662 -261.5334 3386.191 148.9852 -423.8288 3369.328 161.7324 -553.0226 3350.738 176.0622 -752.0264 3357.341 204.5521 -717.1234 3358.498 329.1185 -676.7239 3347.147 382.4358 -469.4185 3484.067 423.8625 -289.2507 3590.395 391.0181 -207.0293 3591.073 370.767 -179.0605 3497.91 360.5529 -198.0515 3533.49 142.8541 -721.1006 3355.934 24.27054 -697.9229 3351.104 -81.94763 -462.043 3361.577 -105.9455 -305.0563 3215.22 -71.28864 -217.3147 3228.966 -47.56291 -182.1956 3316.95 -47.53393 -212.8316 3213.194 214.5349 -251.7403 3374.682 213.6393 106.7894 3291.26 211.1635 452.2637 3224.904 258.9312 475.7237 3061.072 57.70063 -270.3642 3396.57 26.65536 94.27759 3432.413 22.12851 405.7222 3603.763 3.94298 531.1802 3508.645 181.9165 -826.257 3347.479 86.49036 -872.4313 3244.557 131.9795 -896.3986 3246.816 239.2807 -867.2498 3281.811 96.77472 -903.953 3278.671 138.8977 -901.3623 3391.511 
61.821 161.1059 -237.9525 3349.72 160.7169 -402.7969 3320.098 161.3971 -535.7197 3303.996 170.8318 -739.1882 3311.241 200.7265 -704.2725 3313.372 332.5162 -679.1824 3316.859 383.4229 -468.4889 3459.405 422.6137 -277.5229 3556.392 428.5393 -244.5735 3640.363 401.6689 -189.1346 3559.774 383.3434 -163.842 3559.581 137.7737 -706.7971 3308.687 15.5515 -691.3816 3300.526 -89.60407 -452.6425 3343.175 -97.09602 -302.806 3181.585 -31.03648 -231.5221 3176.23 -30.03436 -204.3831 3272.17 -47.19424 -207.8932 3213.031 245.9994 -236.205 3338.881 237.4617 122.7947 3228 227.5021 473.1895 3149.687 259.624 484.4864 2977.143 84.5537 -239.5282 3359.494 96.91421 105.1841 3507.7 116.3143 419.4539 3688.242 90.83237 523.2311 3566.735 175.2835 -815.1086 3301.385 113.9231 -861.1082 3171.478 154.4538 -888.9464 3190.009 248.4097 -865.639 3259.24 109.236 -891.7151 3208.899 111.9012 -885.0673 3331.692 
61.852 167.1357 -231.1185 3315.835 167.5147 -398.5443 3285.082 168.9087 -533.5747 3268.204 180.2419 -740.2595 3276.273 210.3579 -704.5204 3278.002 344.2077 -678.2748 3278.315 401.4758 -464.5008 3421.651 447.4335 -277.2676 3530.311 450.7249 -237.5533 3613.097 418.4633 -177.7315 3535.571 397.352 -166.52 3527.5 146.3537 -707.6201 3273.882 22.42827 -689.0509 3267.299 -86.41193 -443.8794 3282.273 -112.7201 -289.985 3121.501 -133.9807 -267.0884 3027.637 -86.71115 -256.427 3116.643 -151.1886 -226.8292 3056.599 253.2966 -228.7501 3304.003 241.7191 134.0465 3185.027 227.632 494.4681 3128.77 249.0374 515.3279 2952.536 89.44054 -233.2542 3326.505 98.76401 112.6194 3487.381 115.4116 423.8701 3684.692 98.99338 534.6006 3564.208 185.2916 -817.4227 3266.51 139.3814 -837.8058 3121.65 178.0945 -869.8844 3139.664 264.3714 -861.4401 3224.022 130.1704 -875.2943 3152.419 117.8409 -891.7184 3275.735 
61.884 173.183 -220.0943 3260.716 172.0298 -388.8928 3231.915 172.3825 -525.2635 3219.899 186.6021 -732.3481 3238.314 216.3602 -695.9103 3238.694 349.3911 -662.3519 3236.748 400.208 -439.7882 3371.798 442.3911 -251.4388 3482.731 450.2298 -238.8537 3573.96 434.5385 -139.4018 3549.06 394.3588 -152.9958 3526.229 152.0886 -700.1772 3233.858 27.71232 -684.3143 3219.269 -79.14989 -439.478 3260.236 -84.7155 -277.4576 3103.576 -154.0547 -303.0503 3036.937 -80.806 -253.7037 3087.853 -164.1804 -227.1322 3043.81 260.1321 -218.995 3250.792 244.9692 149.4925 3142.891 226.3007 513.9332 3101.72 251.3495 532.7695 2924.655 94.77716 -221.0855 3269.665 101.2418 119.8628 3445.876 118.4825 418.1608 3665.953 97.46114 541.5712 3557.793 192.9129 -810.2737 3232.365 150.8844 -819.696 3084.264 184.1821 -857.5972 3102.733 267.4528 -863.8319 3191.24 135.1586 -856.6883 3113.425 115.0941 -875.1237 3236.198 
61.915 175.5118 -219.2074 3221.084 172.0561 -389.538 3190.437 171.0771 -527.244 3176.777 186.2147 -737.1941 3184.828 216.1749 -700.3214 3186.948 350.6525 -667.0812 3193.943 409.3743 -447.4837 3336.138 452.0627 -242.0294 3417.433 465.9275 -196.6797 3497.933 476.4093 -145.6277 3588.903 416.8253 -160.7225 3489.831 151.2022 -704.6115 3182.086 25.5546 -684.0626 3173.595 -60.47186 -427.9288 3213.988 -59.96868 -238.718 3086.976 -104.8751 -164.6853 3035.767 -46.12101 -216.1855 3102.963 -102.9377 -162.4189 3015.109 262.8229 -218.4143 3206.832 246.992 155.7166 3103.617 233.3154 526.6789 3101.702 257.9581 551.9753 2923.397 96.77959 -219.9226 3233.937 94.10965 131.1236 3399.203 122.7053 411.3215 3646.972 104.6912 560.3675 3573.292 192.8315 -815.5427 3174.852 145.3025 -837.5817 3028.007 182.1004 -872.3828 3047.606 269.9056 -867.4541 3133.603 133.0468 -873.8755 3060.449 118.8485 -885.5215 3186.241 
61.946 183.1381 -225.7504 3175.634 178.4648 -396.5446 3145.399 176.3735 -534.6677 3132.771 186.8904 -745.4344 3139.943 217.7634 -709.1652 3141.915 353.6562 -679.8055 3142.891 418.3823 -452.8862 3271.545 466.8476 -247.1467 3350.327 484.3078 -189.1081 3421.723 497.4172 -126.7757 3505.31 435.3126 -154.1879 3408.348 152.5129 -711.9849 3137.644 27.67637 -685.2579 3129.844 -43.90252 -424.0762 3170.504 -46.41365 -215.4956 3077.4 -93.65684 -132.6393 3044.674 -55.90237 -99.92667 3135.089 -87.26752 -124.0438 3021.973 270.929 -225.934 3163.101 250.7742 154.8095 3084.198 232.5528 526.0192 3102.425 255.8353 572.0314 2927.674 103.9731 -225.5849 3186.934 95.0174 135.5954 3330.948 119.8752 398.8397 3598.294 103.3448 561.9406 3563.278 191.6626 -824.06 3129.599 168.1588 -837.024 2975.639 200.5772 -873.9966 2998.995 273.4624 -876.2362 3098.415 149.9457 -874.6443 3003.656 115.1129 -892.3883 3124.939 
61.978 189.2603 -224.4262 3124.961 185.6095 -396.0357 3096.047 183.6599 -534.6351 3083.748 197.7473 -745.3748 3099.875 228.0576 -708.3944 3100.744 363.5166 -676.5745 3091.163 443.7526 -452.0045 3216.965 494.696 -235.686 3259.634 478.6482 -188.5807 3339.323 481.5318 -108.8249 3408.209 442.8444 -147.2451 3310.308 162.7228 -712.5609 3095.722 37.41686 -688.6664 3081.886 -50.83632 -437.1951 3148.563 -38.70604 -240.2196 3032.082 -93.45741 -155.4486 3039.101 -68.68168 -141.873 3138.802 -94.64039 -141.7908 3028.248 277.8618 -224.962 3116.954 250.3233 162.9077 3079.999 222.0868 535.1216 3077.575 237.7424 568.407 2898.532 109.3644 -223.943 3132.181 93.02444 149.1782 3245.107 113.8879 388.3144 3536.092 104.0606 556.1305 3531.38 204.0348 -824.5156 3092.854 169.9097 -833.6797 2940.106 199.7998 -874.1168 2961.408 278.2162 -884.731 3056.472 149.588 -869.5894 2969.187 120.4469 -884.7721 3092.726 
62.009 192.537 -235.6679 3080.369 193.1445 -405.769 3049.921 195.2663 -543.2803 3036.822 200.2855 -753.3751 3044.384 231.9558 -718.0588 3046.325 366.5094 -686.2485 3053.816 448.8878 -453.2234 3156.576 509.6973 -237.3545 3169.742 494.3473 -173.1598 3235.642 498.6223 -84.89746 3291.729 468.3008 -135.7914 3206.119 166.9264 -719.1902 3041.979 42.32806 -693.2646 3047.406 -42.52359 -442.6874 3113.695 -60.58302 -243.1645 3005.895 -85.23895 -150.5199 3035.803 -58.29226 -145.5603 3134.964 -71.52043 -129.3942 3018.42 279.9487 -233.14 3067.991 253.9027 153.6841 3060.655 228.5365 522.6446 3084.322 248.2159 577.9825 2912.63 113.714 -237.9474 3091.531 90.76432 145.1713 3143.829 127.6176 344.6927 3458.588 83.08083 505.5905 3459.692 203.0221 -831.7974 3034.24 178.2934 -861.8121 2883.532 207.144 -898.1608 2911.563 279.3896 -894.4014 3010.782 156.8756 -893.6642 2915.751 120.9186 -892.7338 3037.456 
62.041 187.3408 -237.7325 3046.899 190.5394 -407.4759 3013.591 194.1017 -544.6808 2996.486 202.3291 -754.9202 3004.129 233.5353 -719.0972 3005.621 367.8672 -686.4941 3016.105 447.1844 -448.8522 3111.241 501.123 -232.9299 3078.715 516.5173 -170.4684 3146.401 527.4907 -100.0335 3223.204 481.7383 -128.2168 3118.595 168.4002 -721.1927 3002.148 43.62438 -695.841 3009.425 -39.38726 -448.6701 3090.507 -61.2835 -243.8582 2993.289 -79.39172 -158.6017 3043.416 -57.2841 -135.8272 3141.401 -61.19598 -131.4949 3023.668 275.2664 -234.3589 3038.15 252.1879 153.0554 3048.044 230.2547 521.9336 3081.323 241.9926 569.558 2906.397 108.0544 -240.7746 3054.788 88.63094 146.2782 3069.244 124.3686 363.2894 3372.889 82.79063 523.8428 3352.09 206.0893 -833.395 2993.989 201.851 -868.5739 2842.242 224.1587 -905.1965 2875.52 281.3473 -900.9787 2984.264 174.1079 -897.8657 2872.068 120.8649 -889.7802 2987.149 
62.088 190.3507 -235.2678 3002.795 194.5417 -405.2689 2970.518 198.634 -542.8505 2956.289 204.1486 -753.207 2965.605 235.8498 -717.7738 2966.564 370.6145 -687.8243 2979.868 453.2549 -445.5009 3059.436 502.5435 -236.8807 2990.995 532.6078 -166.6243 3044.735 547.6675 -99.06301 3123.469 494.5559 -126.5969 3017.675 170.638 -719.0345 2963.606 47.12633 -688.0936 2971.792 -31.99278 -440.2121 3054.988 -64.38097 -222.6916 2995.307 -82.04818 -131.1232 3033.011 -59.41712 -81.4877 3120.432 -62.11412 -105.4687 3002.154 278.6056 -232.105 2997.596 254.3555 153.8692 3033.563 233.3824 519.6268 3093.285 244.5731 565.1644 2917.682 110.7674 -238.1199 3007.483 88.30614 149.1128 2998.565 127.7637 386.8661 3285.995 75.27058 535.0104 3228.882 206.7953 -831.8405 2956.08 194.2404 -864.7532 2804.212 219.4448 -901.3165 2835.466 283.0265 -897.3139 2940.674 169.0862 -895.2336 2835.161 122.7114 -890.3351 2953.415 
62.119 186.7903 -234.2561 2961.201 190.9628 -402.3622 2928.371 195.1482 -538.6998 2915.883 201.8032 -746.9565 2923.388 233.0528 -711.7541 2923.396 366.6701 -680.8711 2929.708 456.7299 -440.2643 2996.25 497.6292 -245.6983 2895.825 525.7101 -174.9712 2948.369 544.449 -110.6435 3027.61 493.669 -143.528 2952.756 168.4435 -713.2622 2922.915 45.59426 -685.3898 2931.973 -29.80235 -439.4904 3015.454 -69.65572 -219.8928 2982.799 -80.59267 -134.8433 3033.407 -43.50735 -89.077 3116.678 -61.82207 -102.0974 2989.834 274.1609 -231.1204 2956.25 254.9194 148.451 3014.283 240.0322 504.0596 3105.523 244.0791 567.3235 2937.15 108.0044 -237.0837 2965.667 97.02435 145.0042 2928.481 128.7036 415.5974 3180.74 84.2026 539.8153 3080.794 204.3802 -824.7115 2913.305 192.9197 -855.205 2762.464 218.3674 -891.4509 2792.928 280.9308 -888.0436 2897.313 168.429 -886.2391 2792.561 122.1147 -883.915 2909.531 
62.15 177.8093 -229.9838 2925.094 186.8552 -397.3223 2893.426 194.8141 -532.7562 2879.847 203.4809 -740.0656 2884.557 234.261 -704.738 2884.331 366.9255 -672.7213 2891.413 458.9968 -428.0346 2929.337 504.1778 -249.9225 2805.259 532.535 -178.4702 2855.895 544.1331 -107.4602 2930.01 504.2925 -140.1127 2839.061 169.9686 -706.8341 2885.232 46.59464 -684.157 2893.587 -30.09698 -446.1171 2993.125 -73.59997 -227.259 2968.19 -113.5649 -162.2649 3031.454 -93.07256 -130.7383 3125.767 -96.43592 -112.4778 2989.652 264.6761 -224.4181 2920.497 252.8529 149.8081 2999.729 245.0733 501.5042 3099.831 245.7516 567.1208 2933.197 99.47767 -235.0026 2929.239 82.58968 138.0011 2847.198 113.4379 440.3362 3057.537 75.02994 557.5655 2948.305 206.5281 -817.3071 2873.492 179.6327 -856.0748 2727.306 209.8067 -889.4696 2756.243 283.1866 -878.1064 2852.019 160.1908 -886.2416 2761.338 127.4512 -879.4896 2882.045 
62.182 175.987 -232.9861 2871.918 186.2675 -402.3876 2852.863 193.6708 -538.6859 2849.971 200.4659 -746.3 2856.402 231.6068 -711.2078 2855.913 364.0245 -676.9039 2859.716 464.4974 -432.219 2862.947 495.5059 -263.0854 2722.498 531.7487 -192.5339 2769.46 555.0245 -122.8857 2842.304 493.7682 -152.8887 2743.812 167.2103 -712.7169 2856.774 44.1278 -686.6792 2861.328 -26.2254 -446.838 2962.201 -66.43154 -226.4217 2943.498 -109.0224 -171.087 3014.027 -94.29272 -157.8838 3113.754 -97.99841 -125.6544 2993.79 262.9386 -228.3919 2877.987 267.8771 153.1292 2913.716 245.2464 486.9269 3062.713 260.0392 644.2812 2977.976 97.57887 -237.1288 2866.445 64.90501 144.1928 2874.783 50.73418 485.6982 3016.711 38.7556 627.9815 2934.037 202.8262 -823.7589 2845.961 181.957 -855.9819 2697.009 212.5949 -889.6809 2725.231 282.5964 -880.4383 2823.927 162.6895 -888.638 2728.871 125.9878 -889.3971 2848.798 
62.213 162.4795 -225.4604 2844.707 178.7887 -389.6428 2818.637 192.1914 -521.9822 2806.844 200.0232 -725.0806 2809.798 230.2847 -690.5899 2808.981 358.6419 -652.8944 2813.164 464.5394 -417.1102 2801.572 492.6996 -269.7491 2644.572 514.7769 -199.2463 2696.246 520.372 -131.1653 2770.871 479.1409 -162.8945 2665.736 167.3573 -692.4192 2811.597 46.49267 -669.0595 2814.27 -27.38099 -439.4841 2920.748 -72.0626 -224.3076 2928.573 -114.3312 -151.7832 2977.327 -94.2345 -147.5114 3074.623 -97.40193 -117.678 2957.601 247.3627 -216.6533 2842.344 247.9274 141.1767 2953.928 247.8164 473.8555 3086.76 264.6797 569.9854 2941.019 85.9366 -233.4022 2846.837 91.06062 127.539 2747.405 107.7632 482.3198 2817.297 62.22263 544.6821 2675.593 202.4149 -800.6631 2798.352 162.1274 -854.8955 2663.924 195.2511 -883.8375 2692.411 276.2664 -861.3246 2776.184 147.3857 -880.7009 2702.177 127.7316 -861.1292 2821.672 
62.26 165.6978 -205.0581 2801.797 178.321 -377.1253 2784.906 186.4617 -515.4634 2783.153 193.8934 -726.2814 2785.14 225.4191 -690.5828 2784.836 359.1864 -653.1558 2785.175 459.8403 -407.971 2742.104 473.4693 -280.4402 2556.789 506.2128 -203.0763 2597.988 523.132 -123.1212 2663.904 471.0401 -166.7037 2562.907 160.0802 -692.2871 2786.822 34.71135 -667.6394 2788.979 -36.28913 -429.7476 2903.967 -72.44267 -204.41 2905.141 -121.9049 -134.6096 2958.347 -95.82537 -125.0276 3057.74 -111.0488 -98.05605 2936.924 252.9116 -200.1136 2816.606 259.7008 186.425 2859.769 224.4331 512.4649 3034.876 239.4232 677.2902 2959.083 87.05325 -209.5168 2788.443 57.88262 174.4538 2736.374 37.1003 538.7703 2825.667 25.13798 664.7733 2715.984 196.2599 -804.6633 2772.854 179.2422 -843.7849 2622.656 206.1757 -878.7134 2654.478 273.2373 -869.49 2757.393 155.6547 -873.4932 2655.647 113.088 -864.7257 2775.311 
62.276 160.0706 -199.3912 2778.005 173.6148 -364.9445 2751.425 183.523 -498.5914 2740.195 190.931 -703.1442 2743.238 221.4269 -668.5084 2740.725 351.011 -631.9338 2734.5 462.2588 -398.4626 2702.736 459.7188 -302.6794 2506.149 482.2435 -215.4383 2517.346 494.4201 -121.2393 2554.208 451.498 -194.9946 2459.827 158.2762 -670.1432 2746.705 36.69684 -646.4418 2752.464 -34.95851 -415.7802 2862.681 -80.33973 -199.4705 2876.69 -128.9327 -129.1183 2924.087 -73.42809 -103.4028 3003.379 -118.494 -88.57547 2873.646 245.435 -193.7819 2786.565 239.4826 156.2632 2927.713 230.5455 480.98 3084.625 262.2957 565.0328 2932.54 83.09367 -204.4494 2770.285 86.6793 158.2893 2667.374 92.9203 519.8077 2620.896 58.45651 523.3943 2462.112 192.495 -779.2945 2731.781 171.4643 -822.1951 2587.997 198.6802 -854.9705 2619.149 266.8778 -842.5121 2716.526 149.7008 -849.9743 2621.679 112.0916 -837.6365 2738.708 
62.323 154.7041 -191.7085 2736.103 170.1133 -356.688 2708.442 181.1286 -490.3064 2700.607 187.1701 -694.5998 2705.048 217.8739 -660.2237 2702.657 346.891 -621.9379 2705.456 448.5384 -394.6588 2629.817 455.1611 -314.7036 2426.691 475.4617 -229.2711 2449.285 478.0877 -137.6502 2493.455 441.9843 -206.2792 2407.766 154.737 -661.4138 2707.931 33.62857 -636.7472 2715.609 -32.07826 -405.2189 2826.841 -75.69166 -189.7969 2851.406 -121.8637 -115.4797 2894.723 -76.02914 -105.1304 2983.007 -117.1892 -86.84955 2872.32 239.8856 -185.1885 2744.667 238.3241 160.0572 2896.011 232.3881 473.8823 3072.836 268.6758 574.2208 2932.361 77.89227 -197.5879 2728.38 85.39947 163.9625 2623.398 93.65282 519.0446 2543.512 69.07733 526.1711 2383.242 188.3677 -770.7279 2694.117 180.4102 -814.2692 2549.427 204.4717 -846.9419 2583.063 263.4377 -834.2516 2686.074 155.5569 -841.7346 2581.071 107.5071 -828.6159 2693.942 
62.355 150.7559 -181.4668 2692.45 163.4288 -345.9997 2666.682 173.1682 -479.0381 2660.796 177.1808 -682.1544 2666.966 207.9247 -648.3487 2662.773 337.4294 -614.9041 2658.271 452.824 -387.334 2615.553 449.867 -313.6729 2411.316 439.9989 -231.6523 2375.236 448.9137 -133.4561 2352.63 419.8362 -217.7542 2321.543 145.471 -648.7718 2671.054 25.04344 -626.1023 2682.937 -44.65488 -403.6998 2806.082 -87.75999 -188.1227 2801.961 -134.6744 -131.5484 2865.363 -118.7964 -108.9509 2960.882 -126.0871 -85.94646 2838.121 235.8512 -175.3651 2695.34 236.4278 160.7025 2861.239 231.1314 455.1691 3065.087 259.0856 571.04 2936.434 74.02179 -186.9691 2689.844 80.66855 171.4631 2581.935 89.47987 523.8441 2499.741 62.07414 536.337 2341.215 177.0239 -757.9517 2656.819 188.5878 -811.1934 2516.597 207.462 -841.2098 2555.179 251.5868 -821.3425 2663.547 159.5996 -836.294 2546.189 96.9936 -815.5599 2649.61 
62.386 150.5339 -165.6935 2631.935 158.8295 -336.4048 2618.043 162.3417 -473.4214 2620.69 163.4301 -681.7929 2631.849 195.6389 -647.5438 2628.84 328.8349 -614.042 2624.934 451.277 -378.9113 2608.509 448.0384 -315.33 2394.865 466.2574 -255.994 2326.211 422.3458 -184.3185 2265.213 415.061 -220.7784 2304.535 131.1031 -647.0743 2633.173 8.794933 -616.1144 2640.908 -64.38715 -388.8161 2768.276 -102.997 -167.3396 2747.769 -127.3018 -111.562 2826.693 -129.0627 -71.36214 2920.513 -123.5001 -69.73095 2808.2 235.9441 -163.128 2651.412 236.0002 205.9542 2760.218 207.2754 509.3217 2966.066 218.6827 678.2469 2904.773 73.51576 -168.0069 2614.372 52.87968 210.0909 2548.356 38.37941 580.9346 2567.203 31.20438 678.7372 2433.678 162.9671 -759.8225 2623.151 175.2861 -800.0428 2474.542 196.0557 -833.8254 2510.895 241.708 -822.62 2623.311 146.6897 -829.5974 2502.5 82.75131 -820.7558 2610.632 
62.417 133.5792 -162.6296 2600.424 148.0376 -331.2719 2574.63 158.4064 -467.6976 2570.609 155.3099 -675.7148 2582.055 188.0649 -642.2536 2577.565 322.5858 -615.367 2575.962 439.1316 -377.2748 2583.873 416.7602 -301.144 2375.909 462.986 -267.6426 2303.24 407.1357 -186.1012 2271.85 396.9951 -225.6365 2259.025 123.9104 -640.3295 2584.75 2.971411 -606.1978 2596.486 -70.90624 -380.0666 2724.652 -117.3052 -160.1221 2707.935 -117.7984 -95.95181 2783.978 -108.6998 -38.77744 2867.87 -115.0323 -49.06853 2748.745 220.5812 -156.2191 2607.279 229.4853 178.4368 2795.788 236.3974 451.4265 3041.241 269.2393 576.2915 2916.125 55.12563 -168.4102 2594.241 64.8364 203.7432 2500.97 81.91972 572.2657 2461.357 53.44508 593.4067 2299.789 152.7106 -753.6017 2573.535 142.7536 -815.9532 2432.841 168.2456 -844.5029 2470.531 229.8797 -818.0647 2572.039 118.3031 -840.0045 2468.745 71.04851 -813.0214 2582.101 
62.449 136.2907 -165.6894 2557.84 148.7753 -334.0854 2533.573 157.7032 -470.1271 2530.023 151.1885 -677.4716 2537.933 184.4693 -644.542 2535.771 317.7075 -614.9142 2543.154 429.3877 -376.1133 2561.174 410.2118 -288.841 2358.192 475.2948 -243.8927 2311.056 402.1206 -190.2681 2261.604 390.6012 -205.7029 2254.608 120.2847 -641.8124 2539.478 2.068706 -599.6697 2547.375 -70.17943 -369.9354 2667.759 -110.9559 -149.1722 2661.424 -121.323 -80.93554 2732.593 -120.7408 -27.2191 2818.781 -104.85 -44.862 2711.723 223.0783 -160.1572 2564.1 240.6548 191.2859 2714.822 243.2997 414.872 3004.377 261.5126 574.3233 2924.797 58.03051 -170.6781 2552.195 66.26406 202.2205 2467.921 87.07555 571.2971 2463.426 54.71077 600.1221 2304.413 148.0123 -754.892 2528.079 177.6774 -819.1199 2391.683 187.6273 -848.6136 2435.222 216.064 -824.8854 2550.646 141.4725 -840.341 2417.881 63.61168 -807.4324 2510.351 
62.496 132.4789 -166.0268 2516.67 146.0995 -334.3072 2490.045 155.7519 -470.5952 2488.337 147.4567 -678.4135 2490.25 181.09 -645.6534 2489.476 315.2021 -619.9469 2499.917 411.2347 -374.6987 2526.749 407.4891 -262.7574 2334.841 466.8028 -193.7727 2319.568 394.246 -183.2984 2246.479 380.0565 -174.9518 2248.35 116.7621 -642.4866 2492.396 -1.692533 -600.1906 2499.686 -80.22156 -368.3527 2613.045 -114.5028 -146.1485 2604.023 -116.8531 -64.83753 2661.024 -100.2193 0.5846098 2737.161 -95.63931 -35.49233 2647.93 219.4123 -159.9455 2522.706 242.6207 206.9696 2631.936 238.0547 400.911 2942.927 248.856 578.6363 2920.375 54.0873 -171.5106 2511.227 65.78693 206.0237 2447.111 87.01321 575.6922 2456.385 55.08436 611.2486 2298.324 143.7912 -755.6401 2478.128 110.2705 -823.442 2344.045 142.6395 -850.0745 2377.487 220.6927 -818.8466 2465.139 93.18208 -846.3992 2384.514 66.41088 -815.7857 2503.265 
62.527 127.2801 -167.2622 2477.006 139.7618 -337.2943 2453.727 148.3391 -474.5009 2448.796 140.3633 -683.7431 2449.894 174.1303 -650.6863 2451.284 308.5098 -625.9212 2469.693 389.3138 -372.8597 2491.357 416.8546 -248.5743 2307.409 440.921 -167.252 2345.265 419.3181 -165.7789 2243.322 388.0096 -152.4645 2241.171 109.3039 -647.6451 2450.166 -10.22415 -605.4762 2455.018 -83.15587 -368.8783 2566.617 -116.5564 -145.8479 2545.187 -123.6413 -61.98262 2599.19 -115.1772 0.8273721 2679.671 -111.2533 -37.72163 2583.195 214.569 -162.144 2486.424 240.9442 217.8299 2549.78 219.3378 386.2017 2877.43 258.772 562.2767 2867.909 48.5679 -171.8776 2468.513 65.04334 211.6174 2430.708 87.44732 582.7727 2458.855 54.65509 612.2036 2298.558 137.6228 -761.4799 2437.371 151.6275 -838.8097 2303.789 169.8472 -863.1984 2348.372 213.3679 -825.6581 2456.293 120.8058 -859.1526 2337.349 54.51342 -820.374 2437.702 
62.559 121.0103 -170.2071 2437.472 129.8021 -338.1976 2413.256 135.3024 -473.8711 2408.44 127.0657 -680.4286 2402.04 160.491 -647.8958 2404.186 294.0614 -627.0778 2420.64 373.7376 -382.3047 2475.77 404.7173 -232.988 2315.884 430.8169 -160.8073 2366.118 421.8645 -165.6591 2263.687 373.3519 -129.0869 2287.452 96.45885 -644.7676 2404.007 -21.98277 -607.0613 2419.663 -88.83768 -366.9203 2518.714 -117.8005 -147.7028 2484.549 -132.982 -59.71301 2526.771 -109.0489 -37.92596 2622.634 -118.535 -37.24379 2509.445 207.3081 -167.0411 2446.841 239.469 212.8868 2454.853 201.3256 368.5566 2782.195 234.3251 543.9117 2778.837 43.19175 -173.062 2429.024 64.70354 207.0898 2416.669 86.86021 571.9496 2461.796 54.99379 618.4472 2307.578 124.0637 -756.6993 2386.897 159.9003 -839.9727 2263.552 166.0483 -863.1702 2311.167 187.8776 -824.2348 2423.381 121.555 -856.3 2289.862 39.51073 -808.884 2371.097 
62.591 119.6277 -171.9532 2399.968 126.097 -340.0666 2377.25 130.664 -475.5684 2371.093 121.7679 -681.9113 2366.31 155.2734 -649.4978 2367.769 289.609 -633.4722 2381.943 369.5392 -397.7229 2466.679 404.533 -231.4733 2325.802 417.5997 -163.119 2385.408 434.184 -161.4421 2283.947 381.3853 -125.612 2297.342 91.32529 -646.1874 2368.427 -26.4109 -606.8397 2384.243 -96.02762 -362.9165 2470.516 -133.1906 -146.3193 2429.831 -142.5167 -57.2285 2471.176 -139.3924 -33.50286 2569.368 -129.2332 -39.70869 2463.569 206.2282 -169.244 2404.58 231.1107 210.4039 2385.413 197.6965 390.3866 2700.109 250.3899 557.1015 2665.35 41.5363 -174.3962 2395.809 63.89598 205.3264 2406.654 86.48194 568.4958 2460.923 54.1906 613.8848 2306.658 118.3508 -758.1951 2351.78 135.1613 -833.9218 2220.01 150.79 -858.7631 2264.456 190.5926 -823.6346 2372.778 102.982 -853.392 2251.778 34.88033 -814.0657 2348.522 
62.622 118.7252 -172.5119 2370.66 122.9676 -340.3928 2346.948 125.8717 -475.7007 2338.749 120.4661 -681.9846 2334.947 153.3732 -649.0441 2336.738 286.8391 -629.3729 2353.104 365.1314 -389.9798 2427.765 414.1768 -192.5737 2342.672 415.2881 -142.446 2419.259 442.7473 -131.9082 2320.839 391.6656 -82.93486 2339.409 89.43852 -646.795 2336.408 -29.62179 -611.548 2350.976 -103.691 -364.6797 2423.216 -147.7159 -154.4428 2362.255 -146.2789 -66.79935 2407.325 -125.3714 -6.526392 2485.585 -123.1036 -43.16163 2378.639 205.2953 -170.9014 2374.746 221.4197 205.8516 2323.41 198.9203 420.3623 2616.268 232.9168 575.3297 2535.358 40.66104 -173.9642 2366.976 60.8968 204.706 2393.92 80.38763 564.5863 2465.972 58.64226 615.472 2311.744 118.5339 -758.3142 2320.791 133.4215 -839.0573 2191.974 147.7519 -862.8936 2237.336 188.0148 -825.5979 2344.629 100.3235 -856.1735 2224.077 33.11237 -811.0285 2318.726 
62.653 119.7723 -168.9812 2335.073 123.5093 -336.1151 2312.677 126.6621 -470.762 2306.13 124.3293 -675.9497 2301.347 156.5378 -642.7314 2303.907 288.2121 -619.0463 2323.054 362.3324 -385.26 2413.095 408.4585 -178.5068 2356.451 426.3101 -142.6497 2438.204 425.6119 -101.4798 2344.712 376.9744 -73.86751 2380.231 92.94662 -641.4078 2302.355 -27.36422 -611.2487 2310.986 -104.7789 -368.022 2386.564 -141.4009 -164.4748 2305.722 -169.1932 -77.79775 2342.095 -170.4287 -45.57965 2437.192 -145.4396 -52.12702 2324.72 205.9465 -166.9117 2334.008 205.9343 205.4173 2266.012 192.3176 455.5854 2526.913 221.1942 585.2442 2409.762 42.0652 -170.8474 2336.033 64.96155 203.1007 2386.853 86.34157 559.4268 2465.47 63.2919 615.4235 2314.185 123.7791 -751.8137 2286.903 117.1186 -830.4407 2157.084 137.3533 -855.1793 2199.26 193.8912 -820.7209 2299.165 88.93096 -847.1665 2193.392 38.14686 -802.1555 2297.021 
62.685 118.5638 -164.798 2303.281 121.2821 -331.1583 2279.111 123.6889 -465.3955 2272.717 120.8946 -669.9587 2270.076 153.0975 -636.8904 2271.844 285.0586 -615.5269 2288.54 358.5066 -389.3515 2394.704 407.489 -177.4261 2373.164 399.2454 -149.4915 2459.11 411.1522 -88.60515 2378.36 359.2018 -76.90815 2393.208 89.69728 -635.4531 2271.161 -30.16237 -605.383 2280.614 -106.9273 -360.9863 2349.814 -141.9288 -164.5885 2253.921 -166.5685 -78.61728 2293.274 -164.7661 -40.23648 2385.698 -138.5154 -51.44638 2270.617 204.4669 -163.1912 2301.883 205.1355 203.8396 2214.567 190.2435 500.4358 2419.045 212.6133 604.1952 2277.968 41.10112 -166.2469 2304.542 64.2793 202.9703 2376.455 85.74754 556.0137 2463.925 58.74333 620.7188 2317.404 119.9975 -745.7215 2256.462 121.2509 -813.553 2121.076 137.9688 -841.8734 2162.317 187.6801 -816.6972 2267.996 90.37933 -832.3773 2153.785 33.31001 -794.6199 2256.563 
62.716 120.8558 -160.8492 2272.077 119.6675 -327.8025 2248.652 119.0529 -462.3709 2241.095 119.9479 -667.532 2240.531 151.6456 -633.779 2241.733 283.7482 -609.9489 2256.906 355.1564 -387.4553 2373.495 403.2766 -173.8099 2382.419 386.758 -143.3682 2466.566 412.5992 -84.28985 2387.392 350.8658 -76.93724 2398.484 88.05152 -633.4918 2241.5 -32.61409 -604.3483 2247.437 -110.0579 -358.9568 2315.156 -146.1171 -167.4247 2208.955 -160.6633 -72.66496 2229.17 -148.7972 -44.11671 2324.658 -138.4054 -51.82973 2223.937 206.9825 -161.096 2269.467 190.2137 203.5858 2170.227 190.0969 537.6103 2308.603 203.7713 603.786 2144.972 43.19157 -160.6267 2274.431 63.92752 206.9428 2359.738 85.16971 555.5721 2466.937 48.15368 618.2343 2321.219 120.3268 -743.6428 2227.651 103.2854 -812.3058 2093.287 126.0305 -840.3123 2131.966 189.9817 -813.992 2229.788 77.47202 -831.3671 2130.175 34.86155 -793.6458 2240.137 
62.747 120.1754 -155.1297 2242.652 118.1333 -321.3126 2219.103 117.1061 -455.1978 2210.089 119.9015 -659.439 2208.497 151.1413 -625.5483 2209.988 281.5307 -596.8007 2226.177 354.6937 -384.9695 2357.991 403.793 -176.3463 2399.051 382.3288 -151.106 2483.373 401.5343 -79.49792 2413.81 341.4794 -86.48967 2417.044 87.82684 -625.8495 2209.508 -32.47511 -598.2063 2218.067 -112.059 -352.7838 2278.204 -147.7464 -167.5376 2163.123 -163.6484 -75.57023 2191.496 -157.6698 -39.49195 2284.493 -140.4105 -55.43163 2173.017 205.7999 -155.4289 2237.338 187.6501 204.4311 2127.59 186.7611 557.0529 2199.954 203.7321 594.2966 2028.511 42.96408 -154.8599 2247.444 64.14183 207.4767 2346.6 85.50803 551.1938 2463.741 50.46221 616.9907 2319.722 121.0344 -735.1437 2195.291 105.2242 -804.1213 2061.689 125.7799 -832.4395 2101.044 187.6946 -807.6331 2199.927 77.85794 -821.8016 2097.856 33.87349 -781.6849 2205.801 
62.779 117.4739 -147.7901 2206.208 116.7038 -314.1401 2186 116.7194 -447.9883 2180.339 121.8541 -651.8383 2182.388 152.6073 -617.6196 2184.102 281.1336 -580.7307 2196.336 349.6161 -371.9104 2334.461 395.4582 -166.5468 2390.9 370.4715 -98.24638 2444.672 339.2792 -49.61458 2361.227 330.0384 -66.10855 2354.238 89.44085 -618.6713 2181.972 -30.71945 -590.7565 2188.38 -117.455 -346.2728 2239.882 -144.2349 -167.5916 2113.288 -160.7075 -79.92479 2152.368 -131.0924 -50.30984 2242.913 -142.4533 -55.03103 2126.479 202.9665 -147.5634 2201.084 187.6825 215.1216 2102.976 175.6333 573.3332 2076.789 196.5526 581.9557 1902.284 40.38152 -147.9945 2210.829 62.87241 208.1912 2327.966 85.74303 544.6642 2462.653 45.8059 614.5014 2322.159 124.1866 -727.6133 2170.563 108.567 -793.8051 2035.82 127.5245 -823.329 2074.973 188.3703 -802.0926 2175.102 80.09671 -811.1682 2071.169 35.6054 -771.4941 2178.835 
62.81 116.3109 -138.6369 2174.767 116.0979 -304.737 2155.301 116.9943 -438.3391 2150.319 120.462 -641.8189 2151.669 151.4399 -607.9271 2153.341 282.2914 -582.2941 2166.671 348.4872 -371.4146 2301.767 399.4455 -175.8875 2382.032 374.3137 -99.6955 2423.395 338.6867 -49.95916 2342.669 336.1203 -74.35497 2338.31 88.3847 -608.4542 2151.521 -31.71101 -582.2825 2160.978 -113.189 -337.2724 2215.727 -143.5984 -169.5412 2076.386 -163.7357 -80.57763 2109.939 -127.8102 -49.4649 2197.425 -131.0287 -54.76197 2063.09 201.3556 -137.7491 2166.26 186.028 222.8311 2063.417 173.6909 576.3901 2004.508 189.316 566.6151 1829.867 39.62241 -139.4375 2182.437 62.43274 211.9948 2310.897 86.30138 542.9672 2456.617 54.06001 619.2584 2317.889 122.1124 -717.4179 2139.607 100.7811 -778.6105 2003.63 124.4777 -808.3413 2039.789 191.0466 -787.2967 2135.953 76.30226 -799.3345 2040.009 37.63554 -767.491 2152.148 
62.842 112.0131 -133.4724 2139.864 116.4733 -301.5045 2124.627 120.862 -436.3238 2121.297 124.8671 -641.455 2130.84 155.9961 -607.1016 2131.868 285.8535 -570.3433 2140.57 347.4938 -361.9254 2285.862 389.88 -160.8091 2362.688 368.588 -81.2734 2401.669 333.4874 -16.77073 2330.554 329.2787 -58.14798 2317.444 92.41718 -607.9275 2128.646 -28.54527 -579.2435 2133.594 -118.3957 -334.1558 2186.667 -139.1282 -163.6659 2045.683 -154.9551 -71.21021 2074.362 -147.8198 -42.46971 2170.379 -137.85 -52.35926 2060.014 197.8685 -130.4845 2132.045 182.0901 232.4974 2025.103 167.2742 588.2939 1960.289 184.6584 585.4187 1783.935 34.59356 -136.1668 2146.915 61.20405 213.5902 2288.671 88.78478 538.9609 2453.46 53.80774 619.1535 2315.855 127.0028 -718.1658 2121.727 97.72939 -776.9622 1984.628 122.9898 -807.9946 2019.31 195.2467 -789.5661 2113.242 74.58205 -798.2354 2022.143 41.74392 -767.745 2137.712 
62.889 111.4236 -125.3982 2110.07 116.3995 -293.0658 2093.431 121.2116 -427.6752 2089.287 129.5591 -632.4549 2097.87 159.8606 -597.4769 2099.625 285.5694 -551.4882 2117.664 348.7508 -347.1723 2267.449 389.9295 -143.7567 2337.804 390.4498 -71.99007 2393.723 351.5355 -1.032926 2331.482 342.5693 -34.02204 2298.65 96.46419 -599.679 2095.262 -24.56364 -572.0633 2100.669 -112.4691 -327.6857 2158.364 -138.505 -158.3744 2017.286 -156.1702 -66.25202 2045.532 -149.8991 -43.03875 2142.96 -139.3131 -47.28567 2031.808 197.1758 -122.0985 2102.463 178.8374 239.6763 1993.572 161.9581 592.1653 1915.194 181.4272 574.6409 1740.137 34.09707 -128.3737 2116.929 61.8797 217.4488 2266.601 91.16032 533.6182 2447.211 50.36448 618.3033 2314.224 133.5437 -708.9523 2088.427 100.172 -776.3192 1956.522 125.0123 -805.5579 1992.92 199.3002 -782.8399 2084.091 77.04739 -794.0837 1995.755 47.18235 -754.4378 2109.163 
62.92 117.0554 -116.2604 2075.442 117.6316 -283.9227 2058.617 119.5362 -418.6003 2056.25 128.7614 -623.2558 2065.17 159.0103 -588.2114 2065.508 288.0658 -549.3693 2073.648 351.5151 -348.3865 2227.612 394.4359 -146.9884 2302.353 408.1739 -75.34806 2356.674 359.148 -11.21039 2294.234 349.5462 -47.99243 2245.107 95.51356 -590.5803 2063.868 -26.31977 -567.7937 2072.002 -109.5546 -325.3507 2142.855 -140.4985 -158.5338 1999.932 -162.8568 -64.23817 1985.856 -171.4201 -35.38778 2081.552 -127.7019 -49.00271 1967.549 202.4548 -114.8587 2064.399 181.6883 248.021 1960.182 165.2661 604.2763 1901.895 150.5448 600.1101 1725.614 40.04697 -117.5244 2085.401 61.94714 227.7916 2236.872 94.19349 527.9618 2442.31 50.62716 618.4335 2314.171 132.5323 -699.7496 2055.832 119.886 -760.0266 1917.119 140.9925 -790.5041 1954.807 201.5073 -770.725 2056.216 92.62347 -781.0096 1951.823 46.34821 -749.5681 2062.205 
62.952 123.0951 -110.7829 2041.367 122.5928 -278.468 2024.531 123.7253 -413.1591 2021.467 133.4798 -617.8785 2028.891 163.6516 -582.7603 2029.322 293.0563 -544.799 2036.303 360.5565 -339.7903 2183.133 409.4506 -142.7507 2265.522 429.3913 -78.05577 2326.275 403.5081 -10.3389 2254.42 372.3596 -43.3636 2315.974 100.1441 -585.2698 2027.99 -21.18246 -560.9417 2038.993 -104.145 -317.1996 2105.728 -139.2038 -149.6097 1964.623 -158.5886 -54.12342 1974.571 -151.7527 -26.50253 2070.782 -129.7186 -36.76868 1952.142 208.3092 -109.7817 2028.852 184.4677 256.516 1937.903 163.4482 611.5396 1873.577 157.4531 612.0452 1696.712 46.25393 -111.6858 2052.652 57.68041 235.9819 2199.972 90.9195 509.6164 2439.562 58.44904 617.2356 2321.774 137.3834 -694.3059 2018.991 127.5556 -746.2299 1876.694 148.4651 -778.6964 1912.809 207.2124 -764.4056 2016.18 100.0278 -769.5811 1909.641 51.71332 -745.3901 2020.992 
62.984 123.7768 -99.45469 2003.162 127.741 -267.996 1993.014 131.8116 -402.9484 1994.483 138.9303 -608.3543 1994.463 169.6334 -573.5927 1995.894 303.2404 -558.6603 2011.4 358.9637 -336.5667 2137.922 406.951 -136.7535 2215.271 424.8306 -61.75345 2263.904 373.7605 25.3676 2247.606 389.8086 -26.92258 2275.166 105.9521 -575.2343 1995.027 -18.08997 -573.6878 2005.563 -90.1104 -326.3044 2073.88 -138.4869 -142.6732 1958.215 -157.3933 -46.36366 1957.276 -152.9656 -15.87111 2052.985 -123.8157 -31.71122 1933.249 209.6862 -96.95071 1995.134 185.9905 271.0861 1907.84 157.6722 631.4423 1884.863 157.7645 632.1313 1707.515 46.30846 -101.7126 2010.401 53.51194 243.0955 2166.539 96.69663 497.7925 2425.818 62.1293 614.4059 2317.046 141.7453 -684.5838 1981.763 138.3942 -749.5728 1844.264 154.8375 -779.5399 1884.752 207.3472 -758.4675 1990.59 107.2672 -768.1371 1877.209 52.99257 -730.6137 1982.237 
63.015 126.9995 -95.96366 1973.295 129.1857 -264.8387 1958.688 132.8218 -400.2938 1960.955 137.0336 -606.5419 1960.432 168.3666 -572.0947 1961.291 303.6984 -574.4775 1972.696 364.8401 -355.3281 2103.778 420.1824 -145.2414 2140.793 470.2587 -102.7791 2204.519 432.2949 -8.213237 2191.961 405.9801 -44.10863 2209.089 104.4277 -572.8342 1961.739 -19.84216 -576.0043 1974.468 -88.24039 -326.7163 2043.447 -140.6365 -138.0333 1936.395 -154.3094 -42.39806 1955.693 -135.2311 -16.06145 2051.23 -110.4952 -25.91921 1920.429 212.8398 -93.85287 1961.74 188.9916 276.9141 1880.108 168.2738 639.7004 1890.999 159.6363 646.0383 1713.313 49.59356 -97.86707 1983.716 44.14228 254.3648 2126.167 91.16074 481.6887 2410.895 67.12852 608.7708 2310.419 138.5076 -683.0607 1947.497 140.8022 -760.3908 1815.862 157.4333 -786.0743 1859.363 206.8006 -753.5363 1964.312 109.4911 -777.2018 1849.83 51.19363 -732.4435 1950.314 
63.046 133.5456 -99.72836 1943.313 133.9479 -268.7009 1924.515 136.0735 -404.6025 1924.058 143.4918 -611.3239 1928.156 174.3878 -576.2956 1927.643 310.3669 -576.3683 1935.898 373.2274 -352.9026 2060.248 427.4485 -139.0894 2074.307 470.2162 -87.32432 2136.854 424.0728 4.243366 2127.393 407.902 -39.71664 2146.447 110.3003 -577.993 1929.312 -14.09473 -582.1961 1943.965 -82.02205 -331.4441 2011.117 -139.3788 -137.5684 1915.092 -147.7005 -42.35055 1940.125 -124.403 -7.462267 2032.237 -103.608 -26.20918 1900.542 219.7794 -98.34401 1932.715 193.4321 274.8254 1857.892 170.0623 636.333 1899.146 159.3719 653.2294 1721.741 55.78472 -100.9767 1952.869 40.31651 257.199 2082.121 91.34023 465.6355 2381.617 63.3438 609.5398 2307.538 145.9199 -688.3136 1916.906 158.0427 -764.3062 1784.514 170.6342 -790.8541 1829.032 211.6878 -760.2949 1938.465 123.657 -781.0623 1815.623 57.6785 -736.4435 1911.778 
63.078 136.7157 -109.2514 1912.581 140.6191 -277.4753 1895.208 145.4826 -412.6257 1895.466 153.5104 -618.2888 1899.459 184.1162 -583.3188 1900.074 319.0009 -585.9857 1913.19 376.1137 -354.4191 2021.693 427.7251 -141.1602 2006.783 476.2077 -95.18759 2069.012 443.7478 -6.106555 2030.175 424.89 -41.89898 2075.972 120.3376 -585.2526 1899.516 -3.821202 -582.1194 1910.666 -77.04589 -335.8182 1983.153 -132.9605 -138.075 1897.311 -139.9475 -45.89169 1930.75 -122.3526 -4.211355 2020.724 -103.2153 -25.76751 1898.65 222.4886 -106.1847 1902.157 195.8129 268.0982 1844.762 168.9345 628.5598 1875.618 155.259 664.8033 1702.259 59.37058 -112.0168 1921.981 34.62676 254.0259 2017.813 89.75576 443.492 2326.77 63.27164 602.0952 2297.548 156.6087 -694.8632 1888.23 149.4437 -776.7601 1759.947 169.8521 -800.5865 1802.755 226.9064 -763.7289 1901.929 121.276 -792.6459 1796.837 70.7153 -745.0193 1899.838 
63.109 136.3823 -115.8849 1885.845 142.5551 -283.0334 1867.022 148.8299 -417.4379 1865.285 158.8349 -621.9361 1871.245 188.9615 -586.854 1870.937 323.2162 -579.5587 1881.531 386.8029 -349.86 1987.212 436.3608 -143.112 1935.42 474.8965 -114.2919 2012.477 447.5355 -49.12129 1939.014 431.4063 -53.25486 2014.995 125.5231 -589.3755 1871.562 1.996808 -584.9374 1882.333 -69.20458 -339.3981 1954.517 -123.8194 -136.6102 1883.825 -134.044 -43.50929 1912.04 -124.167 2.89743 2000.3 -97.68689 -24.36633 1883.579 221.9023 -111.7843 1877.477 196.2286 262.7769 1836.23 165.2491 622.0119 1853.12 153.157 674.7486 1684.859 59.26521 -119.5827 1893.391 29.74599 250.8463 1958.664 81.6613 425.353 2274.738 68.23023 587.3926 2277.332 162.4389 -698.2098 1860.813 153.3904 -777.3006 1731.792 175.6621 -801.2955 1773.227 234.5643 -765.0775 1870.817 126.9744 -794.5854 1769.022 78.73035 -750.6226 1873.997 
63.156 138.5807 -119.4652 1861.086 143.1471 -286.0029 1841.048 148.4138 -420.028 1838.721 161.829 -623.7159 1844.109 191.2764 -588.2596 1843.089 324.4598 -571.5477 1850.904 398.8032 -339.4846 1941.326 445.433 -139.3485 1868.11 478.7863 -98.39483 1941.684 450.0072 -46.43182 1859.218 419.9415 -29.10265 1899.039 128.1182 -591.7975 1845.317 5.174547 -589.8122 1858.769 -64.04911 -345.1367 1932.788 -119.0901 -139.8373 1872.584 -131.8929 -44.71856 1889.852 -135.2356 9.144109 1973.918 -105.4999 -27.88831 1871.963 223.7061 -115.9496 1851.267 196.6329 258.5767 1823.367 165.339 615.4456 1857.436 156.998 675.7417 1692.081 61.81937 -122.6353 1869.94 22.03472 249.3029 1909.379 80.13494 421.5102 2224.345 57.56686 581.4105 2238.638 166.384 -699.6761 1833.509 138.0766 -781.241 1709.459 167.0214 -804.0208 1747.073 240.0313 -765.1686 1832.965 118.3387 -798.058 1750.637 86.99524 -752.7437 1860.867 
63.188 138.6023 -124.1482 1839.787 145.063 -290.5289 1818.708 151.8824 -424.5197 1816.935 163.4758 -628.3584 1822.415 193.2339 -593.1819 1820.605 326.45 -575.3323 1825.118 404.9351 -339.4966 1901.312 443.9814 -150.7471 1799.049 476.5904 -88.50951 1856.226 455.4245 -35.57819 1772.063 433.4131 -28.17799 1794.633 130.105 -596.1084 1824.379 7.310875 -591.3043 1838.689 -59.15277 -346.0373 1913.468 -110.7043 -140.2047 1851.848 -126.5881 -46.58432 1874.13 -123.2209 8.47096 1957.443 -100.2536 -27.29963 1851.169 223.7856 -119.6929 1830.73 196.278 255.7291 1818.871 166.2002 613.1461 1848.812 156.3624 676.0673 1684.482 61.78871 -128.1657 1847.955 19.53638 245.5067 1858.796 77.22398 426.7632 2168.806 42.13583 584.0861 2186.433 167.0442 -704.3937 1811.863 147.2621 -782.1158 1683.723 174.6205 -805.6293 1722.08 242.0291 -768.3709 1813.135 125.6885 -800.7579 1723.169 87.44256 -759.9589 1833.011 
63.219 136.691 -124.4331 1820.808 145.0497 -291.4023 1800.142 153.6179 -425.7967 1799.614 169.0286 -630.1989 1801.496 198.2419 -594.3203 1800.426 331.6278 -574.4642 1806.12 402.5522 -330.4034 1865.151 435.0851 -159.5773 1732.039 483.0873 -100.1481 1781.338 454.0916 -47.40201 1698.96 428.8883 -39.42902 1718.21 134.9338 -598.496 1803.917 11.65688 -594.1393 1818.15 -53.50687 -349.0529 1897.946 -103.516 -142.7522 1833.761 -120.6682 -52.15348 1866.642 -119.6629 9.115067 1946.027 -91.9362 -28.86907 1840.059 222.0551 -118.9525 1811.055 195.8278 258.1266 1813.311 168.552 615.9673 1854.619 156.5132 674.2845 1688.057 59.71453 -129.3753 1829.603 16.24354 245.6296 1822.131 76.44247 437.5902 2126.741 35.85657 594.9108 2117.324 174.0629 -706.2312 1789.553 158.6845 -781.5135 1658.726 184.919 -805.8748 1697.601 249.4137 -770.3041 1791.956 135.7852 -801.1088 1697.171 93.66277 -762.6014 1806.93 
63.25 138.566 -123.7716 1806.215 146.2948 -291.0168 1784.645 154.6532 -425.7045 1783.328 171.6086 -630.4283 1783.063 200.6229 -594.2493 1782.674 334.7493 -578.2259 1789.677 406.2182 -329.731 1828.557 439.8467 -169.2947 1682.642 483.3439 -106.6497 1732.492 456.6145 -68.14198 1641.63 418.5591 -56.16316 1673.273 137.1837 -598.9403 1785.519 14.01618 -598.4127 1803.228 -47.81823 -350.6208 1879.098 -99.95078 -143.2478 1818.537 -116.1017 -55.77317 1859.906 -109.811 5.070422 1939.643 -87.31669 -28.44227 1826.756 223.9216 -118.3636 1794.868 196.9041 259.2351 1808.151 169.8978 616.6932 1858.626 156.7691 669.8372 1690.03 61.59698 -128.6482 1816.448 15.66167 246.2513 1793.672 65.79202 461.1631 2085.434 22.18753 612.6094 2043.475 177.3357 -706.4424 1770.291 168.2938 -790.7222 1644.066 191.9626 -812.6243 1686.078 251.631 -771.1324 1781.505 142.9048 -807.3611 1682.473 95.08053 -760.7021 1786.899 
63.298 139.7726 -126.5405 1785.526 148.3787 -293.823 1764.773 157.7165 -428.4343 1764.998 174.8149 -633.0933 1768.192 203.7846 -596.9215 1766.554 337.3239 -575.9719 1770.92 412.2298 -326.2208 1790 440.5106 -175.3364 1633.211 469.5339 -104.8602 1683.11 459.5398 -87.65678 1582.838 418.2709 -69.68018 1594.249 140.4268 -601.5826 1770.75 17.21121 -597.1412 1787.425 -45.83025 -349.7621 1863.521 -97.45385 -142.7369 1801.464 -117.7012 -52.69723 1834.696 -115.5197 1.824345 1919.073 -88.3002 -28.2058 1807.796 224.9745 -120.6504 1773.38 195.8741 256.0513 1799.781 167.9524 609.7075 1871.651 159.1172 670.5446 1705.418 62.94228 -131.8519 1796.478 16.43945 242.7473 1770.935 61.78551 481.1899 2044.572 9.798892 622.8777 1982.826 180.3427 -709.3187 1756.721 175.5876 -791.8409 1629.134 197.8037 -814.3307 1671.616 254.1883 -774.1989 1769.569 148.905 -808.9854 1666.416 97.5686 -763.7369 1769.77 
63.329 140.547 -127.9109 1769.849 150.9254 -294.8303 1747.917 162.0434 -429.217 1747.504 178.5932 -633.7483 1752.568 207.6494 -597.6824 1750.989 341.3395 -578.7106 1756.798 414.7872 -328.3931 1771.204 439.0595 -197.599 1596.879 465.833 -120.4679 1637.156 436.913 -99.71054 1541.399 397.2335 -90.20654 1584.346 144.2758 -602.1583 1754.449 21.11889 -596.2971 1770.499 -44.99099 -350.9278 1849.819 -97.45898 -144.2207 1787.931 -119.4556 -52.48834 1814.58 -122.667 -4.184421 1902.557 -87.10641 -29.85625 1791.489 225.3837 -120.8504 1756.259 194.4811 254.7417 1791.41 166.3449 607.0696 1868.347 157.8062 668.1848 1702.325 64.04604 -134.2776 1782.104 23.04831 240.2296 1750.241 55.00252 499.9054 2005.506 12.87004 630.5306 1917.656 184.071 -710.0275 1741.793 165.4064 -777.9327 1607.178 193.5263 -803.9955 1643.652 260.777 -772.5953 1737.764 144.2614 -800.2546 1645.221 105.3431 -769.094 1758.619 
63.36 140.3415 -128.3495 1763.917 150.922 -295.9675 1741.723 162.0429 -430.9381 1740.227 178.5368 -636.4107 1743.544 207.7397 -600.1953 1742.139 342.1134 -581.3842 1746.231 416.4094 -329.7725 1751.809 437.0406 -206.4603 1570.492 469.3414 -128.9173 1606.613 439.3596 -107.0817 1510.944 389.7136 -108.3381 1545.454 144.1002 -604.6755 1745.835 20.25281 -598.3043 1760.545 -45.9253 -351.1287 1838.097 -96.64597 -143.9964 1772.776 -120.2176 -51.84299 1798.178 -125.465 -4.789736 1887.23 -89.24921 -29.21815 1776.641 225.5605 -121.1778 1750.38 193.9539 255.9244 1786.589 165.2529 609.0462 1867.053 157.2442 667.8736 1699.358 63.49573 -134.8165 1776.124 24.75614 240.8368 1736.262 43.83857 514.6302 1980.102 8.866176 634.9764 1874.829 183.9392 -712.9351 1732.065 170.4821 -783.5486 1597.47 198.834 -808.2238 1635.05 263.2 -773.0698 1730.511 149.2301 -806.1927 1635.54 106.6468 -774.7811 1748.142 
63.392 141.1124 -128.9489 1744.088 154.1043 -296.083 1720.322 167.1752 -430.8091 1720.458 185.3899 -636.0266 1723.183 214.2628 -599.5872 1721.639 347.093 -572.464 1726.762 426.4491 -322.8938 1740.834 436.6989 -212.0788 1550.921 457.3051 -128.3959 1581.318 425.3878 -109.4234 1485.728 391.4256 -118.3156 1492.922 150.7293 -604.6022 1725.808 27.42045 -592.9102 1741.155 -45.56482 -350.7265 1827.341 -99.243 -145.5836 1758.629 -125.0632 -53.22508 1780.657 -132.7179 -11.9128 1872.281 -92.36513 -30.67148 1760.044 226.4812 -120.6782 1732.593 190.4318 254.883 1777.37 160.1453 603.9152 1872.771 154.6111 664.6846 1705.778 64.13148 -136.4069 1754.454 25.31201 239.5821 1720.315 30.2097 536.7545 1935.478 -6.378576 647.4556 1820.741 191.3362 -712.4342 1711.497 164.7712 -793.72 1585.23 196.7486 -815.3846 1621.697 270.1435 -772.9252 1707.051 147.4615 -813.0292 1626.925 116.2035 -772.2625 1740.161 
63.423 139.7809 -128.9572 1734.172 154.8935 -295.07 1709.656 169.6273 -429.0416 1709.117 187.6623 -633.4089 1708.901 216.4385 -597.1208 1708.187 348.5326 -569.7195 1715.197 425.6951 -320.6547 1729.573 429.876 -211.8896 1539.333 468.4141 -133.913 1566.066 417.1126 -108.9132 1481.393 389.9807 -118.5497 1475.088 153.1381 -602.1443 1711.662 30.41194 -592.6643 1728.776 -44.69846 -351.1975 1811.546 -98.38094 -144.8488 1749.895 -125.4517 -53.28088 1771.848 -126.5044 -5.466208 1860.088 -91.70389 -27.20051 1753.129 224.6937 -119.5735 1722.935 189.9551 253.8764 1772.412 161.4534 600.5303 1871.085 155.3721 667.8906 1707.481 63.21118 -137.4189 1744.306 25.60661 236.9681 1709.207 27.799 546.1177 1903.896 -13.43276 648.2449 1783.897 193.6655 -709.3077 1696.169 170.3385 -789.7888 1569.533 200.6659 -811.8103 1606.855 271.435 -770.5735 1694.278 151.4789 -808.8176 1610.43 117.1637 -767.9039 1722.136 
63.454 135.2764 -128.3693 1724.979 151.9488 -293.0037 1699.776 167.6235 -425.8922 1698.491 185.6824 -628.7815 1699.417 214.2343 -592.7321 1699.229 345.765 -568.2903 1708.761 417.3118 -319.423 1721.711 429.6973 -205.526 1536.704 459.3333 -126.237 1568.281 414.8237 -107.5718 1479.128 384.9415 -112.6574 1479.639 151.3283 -597.7597 1701.265 28.7609 -592.1363 1714.296 -46.81625 -353.674 1799.226 -98.74095 -149.0476 1736.045 -123.2449 -57.2925 1757.095 -119.0191 -2.894346 1840.479 -94.10886 -35.23223 1727.83 219.6642 -118.3206 1715.162 189.2507 252.0067 1770.039 162.8952 596.7682 1866.468 156.2804 669.7289 1706.697 59.18019 -137.4307 1733.832 25.87878 234.9917 1702.724 19.21972 550.2314 1882.052 -12.69392 649.7374 1758.636 191.9858 -704.1771 1687.188 189.5685 -787.668 1561.678 211.7244 -809.0385 1604.224 266.2825 -767.0181 1701.201 163.1781 -804.6813 1598.696 110.8018 -759.4548 1700.295 
63.486 134.3476 -128.3383 1717.102 150.8388 -292.7988 1691.548 166.5256 -425.5724 1689.874 184.0458 -628.3429 1688.847 212.6663 -592.3951 1688.744 344.2461 -568.4814 1697.365 417.114 -321.6093 1726.642 431.5059 -203.9946 1544.333 442.4228 -119.3913 1573.863 413.5574 -104.0914 1477.979 384.2188 -113.6275 1482.399 149.8172 -597.2766 1691.253 27.47746 -591.9988 1705.559 -47.81925 -352.4091 1786.82 -101.4355 -148.1843 1724.379 -123.3239 -57.34409 1751.141 -113.3191 -2.594706 1833.701 -89.89958 -33.54119 1715.905 218.5733 -118.2545 1706.56 188.0079 251.1682 1765.235 160.7494 594.8956 1863.994 154.7551 669.3081 1705.027 58.39763 -137.4314 1726.609 25.39303 234.973 1698.81 17.7971 556.9232 1865.111 -18.6496 649.4767 1737.775 190.0457 -703.5813 1675.906 193.3402 -788.7912 1551.725 212.6593 -809.8727 1595.721 262.2857 -767.3549 1694.985 164.6259 -804.8143 1587.379 107.3849 -757.2918 1685.112 
63.533 133.1947 -126.1035 1707.5 150.5076 -290.6988 1682.861 166.2543 -423.5005 1679.671 182.2312 -626.4937 1678.599 211.1333 -590.7546 1679.461 343.4937 -573.2438 1691.723 408.104 -325.2999 1730.773 434.1814 -197.3661 1556.778 436.8958 -114.3484 1592.236 423.6626 -95.51106 1493.54 384.6416 -100.3627 1511.085 148.1718 -595.1518 1680.058 25.56846 -593.7686 1693.486 -48.38454 -354.5713 1777.492 -104.6633 -150.7335 1715.77 -126.3263 -58.60089 1738.094 -117.202 -1.867853 1819.465 -90.26385 -33.41883 1711.723 217.623 -115.8765 1698.506 185.9695 252.6193 1763.243 157.8129 596.503 1861.816 154.5688 668.6652 1701.645 57.06192 -135.3256 1715.611 23.21548 237.9188 1700.72 15.3051 569.6066 1847.04 -11.49728 654.6566 1712.2 188.0381 -701.7782 1665.625 191.625 -789.6373 1543.226 209.203 -810.4097 1588.119 257.7642 -767.4043 1687.766 161.5481 -804.0208 1578.484 103.4735 -752.6977 1673.847 
63.565 131.5721 -125.8807 1699.985 147.4614 -290.1685 1676.013 162.2663 -422.6413 1672.751 178.976 -624.8954 1669.76 207.6434 -589.1723 1671.083 339.8351 -574.0736 1683.635 401.5706 -327.1392 1727.837 437.0914 -188.2609 1565.151 422.911 -106.8795 1600.926 418.2274 -68.1413 1507.75 378.8689 -91.35175 1528.449 144.9011 -593.8005 1671.388 22.60827 -592.9089 1684.005 -50.93838 -354.188 1767.036 -107.7896 -152.0463 1702.849 -129.263 -63.04725 1734.678 -116.6309 1.057312 1809.445 -92.94336 -33.13771 1698.765 215.6235 -116.2306 1689.561 188.0324 250.6352 1758.261 164.6079 591.9523 1862.606 156.1278 670.6794 1706.39 55.77935 -134.5827 1709.384 25.01233 237.7872 1696.57 18.36702 568.0414 1843.293 -12.39998 653.5847 1710.249 185.104 -699.7831 1656.116 186.8454 -788.9969 1535.266 205.3142 -809.0009 1579.951 255.3516 -764.5399 1677.754 157.6083 -803.0029 1571.161 101.251 -750.8437 1666.589 
63.581 130.0626 -123.6553 1691.699 145.7286 -288.4798 1669.616 160.5886 -421.1765 1668.062 176.482 -623.7912 1664.616 205.3458 -588.1327 1665.753 337.5931 -571.1209 1677.348 403.2322 -327 1732.451 432.9412 -185.0805 1570.799 424.528 -107.2781 1615.565 422.9402 -51.36261 1531.27 376.0858 -82.5333 1566.007 142.497 -592.5161 1666.581 20.18163 -592.809 1680.697 -55.21805 -353.0126 1760.127 -113.8737 -153.1833 1689.528 -133.6167 -63.97162 1722.306 -118.9313 -1.027763 1797.876 -95.99987 -33.10162 1692.719 214.0943 -114.1087 1680.058 186.802 252.4261 1753.507 163.7251 593.6144 1860.145 154.6761 671.1935 1703.097 54.28746 -132.2639 1702.196 21.0379 240.6053 1695.251 16.11458 570.9186 1843.225 -12.163 658.7811 1710.853 182.202 -698.7925 1650.786 182.6254 -784.9382 1527.445 201.6904 -806.1014 1571.432 252.9098 -764.0593 1669.904 153.8018 -799.9551 1563.363 98.43607 -750.3417 1660.938 
63.612 128.331 -125.328 1684.8 144.3651 -289.6508 1663.801 159.7996 -421.8065 1663.213 175.4685 -623.6769 1658.364 204.231 -588.2024 1660.624 336.1234 -575.9132 1676.053 386.3787 -329.9816 1734.803 425.8216 -158.8626 1608.394 425.2915 -82.43813 1655.602 414.6221 -20.31847 1576.935 374.7266 -52.54538 1598.804 141.6039 -592.4819 1659.667 19.37304 -593.1051 1670.195 -57.30303 -354.8828 1750 -115.835 -153.8575 1685.406 -135.0479 -62.18553 1709.539 -120.491 -4.303366 1788.628 -94.70161 -36.29403 1679.784 211.8194 -115.5194 1671.793 186.3409 248.8628 1749.612 164.6244 589.7886 1853.008 154.7994 671.2456 1698.697 53.04585 -134.1728 1696.528 19.06396 237.3392 1694.699 15.46657 568.2676 1838.089 -10.6623 662.6371 1710.548 181.454 -698.2879 1644.061 171.3351 -782.903 1520.734 195.9275 -803.6282 1561.87 256.0314 -760.6644 1654.218 147.4111 -799.3163 1559.306 101.6754 -752.994 1662.758 
63.643 127.5164 -122.9193 1679.411 140.5507 -287.2079 1658.383 153.5988 -419.3805 1657.074 167.9384 -620.9844 1651.881 196.8964 -585.7488 1653.718 329.1343 -577.2908 1666.518 380.5438 -335.8604 1739.283 415.0438 -154.7666 1626.734 410.2807 -75.60423 1668.59 408.5277 -4.265554 1597.644 370.2787 -43.7934 1630.969 134.3471 -589.6402 1653.714 12.51131 -593.67 1665.486 -60.02958 -354.8987 1745.996 -116.0466 -154.9633 1677.229 -136.3719 -64.56661 1704.391 -127.9922 -4.796877 1782.751 -97.57082 -39.01935 1671.805 210.9009 -114.552 1665.725 186.2603 248.7576 1745.655 164.9095 588.7007 1850.194 154.2775 674.3069 1698.554 52.32503 -130.4645 1691.753 19.68965 240.3435 1703.031 17.25341 572.8824 1841.026 -12.40488 664.8176 1712.836 173.2418 -695.4898 1637.471 170.5558 -780.5782 1514.404 191.8439 -801.3624 1557.203 245.8486 -758.771 1653.155 143.7826 -796.3682 1551.217 91.67791 -748.8127 1650.771 
63.691 124.4183 -123.0802 1675.828 137.4219 -287.5904 1655.548 150.1541 -419.8952 1654.438 164.2593 -621.6425 1648.371 193.2738 -586.4317 1650.599 325.6002 -579.0411 1664.156 379.6225 -338.0502 1737.164 419.6969 -145.36 1647.796 401.2954 -75.9329 1701.597 397.4306 5.685948 1642.74 368.9969 -34.42668 1644.251 130.6743 -590.2356 1650.104 8.625701 -592.8505 1660.988 -62.5615 -352.4974 1738.584 -119.1712 -149.4967 1679.437 -138.3601 -56.72927 1698.473 -130.6355 -4.460327 1782.173 -97.51755 -37.78502 1663.34 208.0717 -114.9249 1663.313 185.4517 248.3992 1745.051 165.6132 587.9172 1852.145 154.0338 675.3419 1701.464 48.98429 -130.4342 1687.114 18.01611 240.3116 1709.167 11.33106 576.2152 1839.352 -8.103212 668.8223 1709.548 169.5705 -696.1403 1633.629 164.1036 -779.419 1509.286 186.1559 -800.9445 1551.374 242.2561 -759.984 1646.941 137.9721 -795.6671 1546.408 87.99702 -749.3743 1647.744