76.625 225.9515 -459.0408 5434.997 225.7828 -638.8765 5417.591 225.3793 -782.8357 5405.801 238.5592 -1000.845 5431.103 202.3137 -967.1401 5427.331 61.17061 -935.8054 5434.788 18.12952 -663.0015 5480.027 -13.50931 -433.8808 5520.956 -34.92399 -432.0945 5616.077 -7.497406 -346.4888 5678.481 13.79143 -362.5686 5644.938 270.2632 -962.7617 5424.408 396.215 -919.4752 5425.074 509.5525 -658.08 5436.898 549.3061 -459.2336 5561.228 592.2738 -425.1583 5650.769 562.8364 -411.5602 5753.327 503.1299 -458.5035 5690.581 134.3322 -457.8446 5423.526 65.46989 -113.6614 5626.429 132.9653 162.9216 5363.605 133.8081 351.172 5340.026 308.5687 -460.1194 5445.34 294.5197 -79.15345 5582.042 291.9427 305.8084 5510.608 285.8881 454.0129 5602.632 243.9274 -1080.167 5453.971 245.3084 -990.5299 5589.786 224.333 -1043.045 5593.696 167.6208 -1124.865 5512.628 276.1814 -1032.861 5590.285 334.7182 -1111.607 5500.961 
76.656 225.284 -435.5211 5409.397 232.037 -612.9514 5391.391 237.5077 -754.5377 5374.649 253.259 -970.0441 5396.494 217.26 -936.7579 5397.023 91.02015 -884.436 5439.164 -26.05505 -634.0396 5435.33 13.24754 -457.8113 5581.041 -60.77298 -422.3156 5631.439 -7.072169 -339.5314 5675.565 15.37335 -343.1933 5650.862 283.6381 -932.3513 5386.698 403.524 -878.2347 5384.22 505.4968 -615.9808 5371.452 520.4235 -451.5456 5538.613 546.6219 -426.6481 5635.83 556.2311 -410.4684 5740.398 508.7345 -459.4522 5666.556 134.1781 -438.6699 5406.257 101.6116 -59.13019 5282.678 78.1751 293.5839 5135.952 66.93456 454.8555 5230.747 307.4383 -432.6816 5412.229 322.3548 -45.31014 5511.014 298.2672 339.1758 5476.76 309.3434 463.1893 5596.04 261.0579 -1048.55 5417.79 250.2845 -990.1312 5567.157 227.8083 -1040.551 5557.785 178.5939 -1099.939 5457.119 279.3494 -1032.62 5561.805 344.2267 -1093.114 5465.316 
76.688 0 0 0 0 0 0 0 0 0 0 0 0 0 0 0 0 0 0 0 0 0 0 0 0 0 0 0 0 0 0 0 0 0 0 0 0 0 0 0 0 0 0 0 0 0 0 0 0 0 0 0 0 0 0 0 0 0 0 0 0 0 0 0 0 0 0 0 0 0 0 0 0 0 0 0 0 0 0 0 0 0 0 0 0 0 0 0 0 0 0 0 0 0 0 0 0
76.719 0 0 0 0 0 0 0 0 0 0 0 0 0 0 0 0 0 0 0 0 0 0 0 0 0 0 0 0 0 0 0 0 0 0 0 0 0 0 0 0 0 0 0 0 0 0 0 0 0 0 0 0 0 0 0 0 0 0 0 0 0 0 0 0 0 0 0 0 0 0 0 0 0 0 0 0 0 0 0 0 0 0 0 0 0 0 0 0 0 0 0 0 0 0 0 0
76.751 0 0 0 0 0 0 0 0 0 0 0 0 0 0 0 0 0 0 0 0 0 0 0 0 0 0 0 0 0 0 0 0 0 0 0 0 0 0 0 0 0 0 0 0 0 0 0 0 0 0 0 0 0 0 0 0 0 0 0 0 0 0 0 0 0 0 0 0 0 0 0 0 0 0 0 0 0 0 0 0 0 0 0 0 0 0 0 0 0 0 0 0 0 0 0 0
76.782 0 0 0 0 0 0 0 0 0 0 0 0 0 0 0 0 0 0 0 0 0 0 0 0 0 0 0 0 0 0 0 0 0 0 0 0 0 0 0 0 0 0 0 0 0 0 0 0 0 0 0 0 0 0 0 0 0 0 0 0 0 0 0 0 0 0 0 0 0 0 0 0 0 0 0 0 0 0 0 0 0 0 0 0 0 0 0 0 0 0 0 0 0 0 0 0
76.814 0 0 0 0 0 0 0 0 0 0 0 0 0 0 0 0 0 0 0 0 0 0 0 0 0 0 0 0 0 0 0 0 0 0 0 0 0 0 0 0 0 0 0 0 0 0 0 0 0 0 0 0 0 0 0 0 0 0 0 0 0 0 0 0 0 0 0 0 0 0 0 0 0 0 0 0 0 0 0 0 0 0 0 0 0 0 0 0 0 0 0 0 0 0 0 0
76.861 0 0 0 0 0 0 0 0 0 0 0 0 0 0 0 0 0 0 0 0 0 0 0 0 0 0 0 0 0 0 0 0 0 0 0 0 0 0 0 0 0 0 0 0 0 0 0 0 0 0 0 0 0 0 0 0 0 0 0 0 0 0 0 0 0 0 0 0 0 0 0 0 0 0 0 0 0 0 0 0 0 0 0 0 0 0 0 0 0 0 0 0 0 0 0 0
76.892 179.829 -394.5366 5040.843 182.8725 -580.5598 5034.022 185.1926 -729.3211 5029.907 181.0004 -955.0598 5048.69 146.5362 -917.3033 5046.992 13.25198 -851.9919 5061.936 -46.36292 -575.7345 5119.27 27.6898 -488.9852 5332.745 -6.772855 -450.7364 5419.038 -16.26201 -431.7079 5529.774 68.18344 -476.8582 5463.184 216.5774 -918.3934 5042.011 346.6755 -875.4656 5050.101 494.4876 -623.4324 5081.189 514.6462 -507.379 5296.128 564.5085 -470.8282 5384.919 574.897 -466.8857 5495.195 521.7144 -478.9971 5416.014 85.02696 -395.7924 5032.791 79.7961 12.20143 5122.463 113.6855 352.4707 4916.375 111.567 515.1856 5024.716 265.3162 -393.4042 5048.105 273.5429 -7.416904 5206.529 264.7358 395.9157 5202.002 295.378 472.734 5361.726 180.451 -1037.704 5069.57 202.4145 -958.5765 5215.771 198.142 -1016.807 5217.388 140.1971 -1108.904 5142.146 242.9377 -990.7416 5200.337 289.6038 -1044.061 5083.404 
76.924 190.5638 -369.9569 5010.543 200.7431 -552.8256 4992.33 207.9798 -699.5264 4983.521 215.3264 -922.835 4999.219 179.3593 -887.3442 4997.268 39.11178 -841.7379 4996.381 -23.36606 -574.1989 5072.521 -1.241742 -378.496 5208.412 2.328319 -346.8692 5302.518 15.27279 -312.2271 5407.681 55.89867 -389.1771 5343.483 248.651 -884.6887 4993.831 378.2945 -844.8786 4989.908 491.0821 -583.8725 5049.383 504.7896 -453.4667 5253.148 528.875 -445.5751 5357.066 551.8501 -431.7188 5463.304 459.5539 -446.4352 5360.229 97.74991 -373.6427 4995.676 81.08483 16.32211 5130.689 110.6659 354.0412 4928.53 106.8529 531.1124 5005.894 274.2581 -366.6333 5023.949 252.2157 0.3686249 5211.127 230.3881 365.6511 5369.825 258.0035 407.6141 5540.401 218.6983 -1004.726 5018.829 208.3974 -953.5554 5176.174 196.7018 -1009.134 5165.748 151.7697 -1076.996 5063.371 246.8144 -989.1804 5165.977 316.6892 -1031.446 5058.264 
76.955 175.4736 -391.6483 4964.173 181.854 -579.9434 4946.393 186.2417 -730.8208 4936.147 197.5218 -958.7305 4967.187 159.9985 -923.3704 4960.494 17.11553 -873.8953 4949.112 -60.29128 -598.0148 5010.921 -34.62911 -413.0262 5171.07 -45.02784 -375.9854 5265.688 -22.07633 -335.2159 5370.321 21.46825 -382.283 5308.464 231.247 -919.0789 4961.415 362.2697 -871.2111 4962.506 475.6203 -595.7529 4984.378 464.8293 -449.2297 5185.583 488.2409 -426.9448 5290.703 509.6792 -398.5697 5397.604 428.9417 -422.1131 5290.923 80.31637 -393.2448 4946.933 97.24714 6.318956 5089.719 120.8587 378.5549 4929.774 114.635 543.439 5040.511 261.2811 -390.2086 4979.718 254.821 -22.61066 5191.302 247.6046 348.031 5366.676 278.3248 378.0092 5544.396 201.4114 -1041.415 4992.799 199.2325 -956.8143 5140.754 191.2023 -1015.595 5143.065 142.8401 -1108.771 5059.031 240.6976 -992.1746 5134.267 306.9766 -1053.138 5028.411 
76.986 175.0347 -372.9198 4924.646 180.5389 -555.2719 4904.103 184.777 -701.1891 4888.886 187.8979 -924.048 4904.282 152.7169 -888.1049 4900.479 14.30413 -838.2975 4901.463 -53.95662 -566.7123 4950.94 -32.2581 -361.0893 5070.161 -74.69099 -387.941 5155.585 -20.40569 -335.6281 5237.318 -11.87695 -373.2288 5218.457 221.9487 -886.4946 4900.841 351.9856 -849.9841 4909.312 471.4719 -592.6326 4968.032 476.2852 -425.1596 5142.234 498.5535 -397.1353 5242.743 513.4366 -363.2827 5345.592 436.7894 -374.0299 5248.385 82.07183 -374.3001 4911.989 97.18353 22.66172 5021.11 135.7089 399.2991 4913.092 131.4603 552.902 5029.507 258.8633 -371.6752 4936.058 256.593 11.54563 5086.011 253.9224 392.1726 5201.78 276.3929 452.358 5367.104 188.9618 -1005.813 4923.761 192.5999 -954.4238 5080.888 181.9174 -1010.283 5071.771 129.5521 -1079.98 4974.721 230.9431 -988.6439 5066.984 291.0192 -1028.844 4953.173 
77.018 168.7647 -370.4179 4876.695 176.2913 -559.5452 4873.712 182.3585 -710.7028 4869.555 191.0514 -940.8145 4875.899 153.8749 -904.4578 4874.929 8.467838 -861.4756 4879.026 -55.03363 -575.3179 4871.417 -39.18883 -350.3073 4969.826 -51.5787 -360.0187 5070.779 -42.005 -339.9885 5183.262 -18.53854 -367.1444 5117.979 225.167 -901.1961 4872.551 355.9489 -853.7419 4861.78 456.3585 -576.9327 4912.329 463.3542 -400.1054 5087.804 481.5208 -355.2857 5186.616 505.3786 -298.8972 5281.229 415.734 -401.2539 5219.807 72.1301 -374.2194 4873.886 91.27737 37.36773 4977.18 119.198 441.6162 5001.834 84.72063 546.3772 5167.211 255.9044 -366.99 4879.227 239.7689 53.55153 4933.417 224.9033 463.0831 4952.198 239.1759 549.434 5112.783 194.733 -1025.812 4892.468 188.7346 -953.2591 5046.647 178.5535 -1011.701 5043.812 130.8493 -1095.959 4950.436 229.2045 -989.5716 5039.079 298.114 -1044.409 4931.508 
77.049 183.1447 -380.0782 4844.389 180.7904 -556.7818 4822.887 178.7085 -697.7131 4803.161 175.6449 -914.3268 4804.412 142.5553 -878.3473 4806.059 14.09921 -820.6066 4828.703 -39.9313 -550.5164 4841.717 -31.3361 -323.8586 4887.718 -23.63675 -296.4135 4979.479 -27.49271 -271.5727 5084.33 -14.64908 -336.9181 5017.213 209.4568 -878.7313 4800.275 335.0774 -840.7806 4800.316 442.0375 -594.495 4883.048 443.9083 -415.0928 5033.845 454.3268 -355.461 5117.744 439.9284 -308.7062 5211.76 395.527 -357.7276 5114.114 92.44334 -379.7439 4851.573 99.29842 9.176641 4942.536 109.0413 385.6778 5005.019 95.9901 482.7064 5164.269 264.9341 -380.3796 4837.91 247.7469 12.18328 4907.453 228.8871 395.5513 4946.287 248.976 493.5703 5086.178 175.6603 -994.6626 4818.207 178.0762 -950.409 4972.303 167.0419 -1004.061 4961.39 116.4268 -1067.448 4864.321 214.9324 -983.6348 4958.057 273.9401 -1019.48 4847.034 
77.081 205.4535 -396.0922 4767.005 192.398 -570.3871 4770.135 181.1952 -709.674 4767.993 175.0464 -921.6432 4784.897 143.0413 -886.0319 4781.138 12.19231 -836.8608 4772.139 -1.772371 -566.4501 4770.748 6.459727 -339.7603 4784.627 -14.82175 -285.7013 4858.972 -52.49706 -232.4752 4942.384 30.49319 -333.5122 4917.852 208.9684 -887.3668 4781.019 333.0988 -852.8583 4783.455 427.9395 -603.331 4853.173 423.5944 -411.9164 4980.869 421.2818 -357.6909 5066.747 395.1027 -310.0586 5155.497 367.9797 -353.9915 5059.531 117.5705 -389.2478 4781.573 106.3384 -22.05941 4919.129 102.8437 346.5923 4987.137 81.14373 433.5448 5147.338 284.7015 -402.2641 4753.869 253.483 -12.55107 4780.2 222.5343 365.0121 4781.573 242.5576 471.9958 4910.712 172.8086 -999.2728 4804.268 175.3209 -950.2247 4953.864 165.0804 -1003.396 4945.154 115.7187 -1069.714 4852.442 211.8445 -982.9097 4940.914 269.7293 -1021.419 4832.987 
77.113 188.2317 -395.2201 4752.815 188.5425 -571.3939 4742.999 188.807 -712.1099 4733.144 179.339 -926.615 4735.006 147.6966 -890.0266 4731.835 16.7837 -836.6852 4729.449 -13.00809 -565.0625 4723.859 -17.69168 -337.0854 4748.85 -10.79792 -250.0381 4786.864 9.386888 -167.1582 4851.24 77.64059 -251.8701 4705.855 214.1144 -892.3355 4735.483 339.3633 -861.8323 4752.793 428.7085 -603.7936 4807.422 420.3676 -394.8837 4908.652 406.9106 -395.4097 5010.307 409.0034 -370.6913 5112.38 367.0732 -384.7677 4997.647 98.05377 -395.3385 4752.085 112.5018 -26.54701 4895.448 132.0483 339.2906 4990.131 106.7188 418.0592 5155.914 269.5491 -395.1134 4753.474 253.1672 -0.9945333 4724.603 233.8871 376.7747 4668.646 271.8637 487.0567 4792.967 175.1026 -1006.082 4748.938 170.5487 -948.6049 4897.036 160.1274 -1002.589 4890.585 114.396 -1074.058 4798.276 207.6902 -982.5176 4887.615 271.1208 -1027.577 4783.991 
77.144 188.9404 -356.8393 4715.206 185.1318 -532.732 4702.634 181.7263 -672.4814 4684.137 169.7583 -886.7904 4684.534 138.5574 -849.8277 4681.61 6.222054 -800.2509 4679.603 -8.445874 -528.0754 4698.266 -16.95143 -299.8802 4719.144 8.207319 -209.1112 4732.973 46.62691 -117.4198 4772.076 96.98458 -242.7079 4702.615 204.9187 -852.9359 4685.248 330.8816 -829.0962 4706.927 429.8501 -577.5532 4773.45 410.8564 -376.9616 4888.876 387.1443 -303.1993 4955.989 377.5645 -228.2725 5028.93 358.9755 -274.0483 4910.175 98.89739 -355.1768 4719.224 111.3371 -2.767682 4898.965 133.372 363.1739 4992.134 119.9253 460.2121 5149.32 270.136 -358.3384 4711.583 270.5074 30.92018 4642.341 267.5023 401.7182 4549.577 285.7055 539.1694 4648.645 164.5937 -966.2666 4697.918 165.8895 -939.1111 4854.441 153.5393 -990.4356 4837.843 103.0545 -1040.972 4734.857 201.6206 -971.4656 4837.328 260.7233 -996.8281 4724.886 
77.176 187.5533 -362.509 4686.951 181.1609 -541.4299 4669.997 175.7947 -684.0703 4652.826 154.353 -901.8477 4655.417 124.3361 -862.9158 4650.475 -3.219098 -797.0874 4637.798 -5.707177 -518.8861 4651.664 -1.475381 -286.1064 4673.024 14.24642 -206.9251 4726.919 25.20028 -115.8407 4785.634 112.7114 -229.3336 4702.036 191.5579 -868.8474 4657.388 319.4602 -845.8386 4683.561 430.7003 -587.395 4720.854 416.6681 -384.7073 4842.401 426.3485 -345.8076 4938.92 376.9489 -264.408 4987.869 349.4762 -281.2782 4856.517 95.92814 -359.8774 4693.725 119.3864 1.396596 4871.992 145.8016 360.8478 5009.229 130.1773 432.6901 5183.17 270.1758 -364.882 4680.842 263.5139 27.6432 4589.313 251.4394 396.5144 4464.129 273.0061 543.8296 4553.683 145.0379 -982.3826 4669.824 156.1891 -935.4198 4824.442 147.0228 -990.2519 4814.812 92.38747 -1058.1 4721.317 193.9496 -967.3108 4807.8 247.2536 -1002.123 4692.086 
77.208 193.0917 -339.2709 4629.965 187.1469 -511.4173 4612.788 182.7796 -649.2397 4601.08 169.6031 -859.4787 4600.394 139.3844 -822.9866 4596.28 14.0558 -763.6702 4592.668 -6.669028 -496.8013 4608.313 -24.63923 -272.8068 4620.477 18.47402 -213.5649 4678.451 19.64205 -109.0774 4669.905 97.69837 -225.8164 4590.8 204.2701 -826.4938 4602.698 324.4217 -800.2275 4636.697 427.059 -559.2406 4714.351 417.1179 -378.4642 4852.755 397.1429 -287.8903 4891.71 370.7479 -209.4732 4953.144 348.713 -260.1614 4812.354 106.2141 -337.9338 4646.632 133.0019 1.983196 4832.702 160.6175 339.5091 4984.762 148.1172 371.0489 5163.339 271.433 -340.4767 4614.937 264.4509 38.24994 4530.817 247.3782 383.6538 4385.463 278.7549 512.831 4486.94 163.434 -937.4713 4613.087 159.2498 -919.707 4767.928 145.6708 -968.4597 4748.224 98.41654 -1009.896 4642.488 193.5984 -952.0214 4750.724 255.1629 -973.2079 4641.535 
77.255 191.3347 -335.6508 4608.662 184.8795 -508.0523 4590.754 178.7231 -645.1894 4571.176 161.3177 -854.6793 4552.119 132.0849 -817.1494 4549.33 9.682901 -752.6094 4536.367 6.093342 -484.6518 4555.519 3.503896 -259.8205 4572.584 26.02914 -215.1618 4651.721 19.66168 -112.0424 4670.744 126.5812 -217.7776 4592.16 196.5177 -822.8141 4559.18 312.7372 -794.2444 4604.171 375.2084 -538.3769 4678.783 344.9348 -352.9544 4808.57 348.5251 -269.3562 4864.776 338.6863 -201.7561 4942.21 326.6704 -214.4494 4809.09 104.2816 -334.1233 4625.336 133.4406 5.273729 4813.608 163.1365 341.5878 4969.72 151.5193 372.2323 5148.882 269.8343 -337.0282 4593.626 266.6432 39.84636 4498.147 253.6474 380.3502 4339.482 279.7858 520.985 4426.771 152.8077 -933.4291 4557.881 148.5533 -911.5466 4712.507 137.567 -961.6097 4694.225 91.97172 -1008.642 4589.824 184.6144 -942.4393 4695.913 246.7361 -963.2762 4586.677 
77.287 194.5536 -351.5702 4538.118 192.9978 -526.6468 4523.027 191.4043 -666.4517 4509.264 171.4749 -879.0787 4520.463 141.6806 -841.1886 4517.696 13.31429 -783.6069 4511.861 -4.115008 -512.301 4498.326 3.176849 -287.7988 4540.042 34.64626 -213.7384 4590.254 44.43991 -140.4076 4666.773 127.1971 -244.0041 4600.081 207.7306 -846.8004 4517.464 334.8686 -822.048 4515.495 421.0203 -577.5773 4614.166 433.8947 -402.649 4765.025 415.4374 -302.2786 4768.905 400.0429 -204.2613 4802.083 409.6504 -283.96 4743.705 106.5721 -352.3436 4556.16 133.7497 -19.88617 4766.481 161.6567 309.8369 4946.844 147.5241 360.7092 5123.662 273.8904 -350.8729 4521.849 271.948 35.12943 4443.328 261.8365 402.3386 4342.9 301.1317 536.5811 4439.128 164.1824 -957.3105 4537.81 148.0915 -907.1133 4687.056 137.3876 -960.2787 4677.127 98.62503 -1025.999 4578.277 185.1694 -941.1719 4679.156 256.1208 -982.3751 4579.537 
77.319 194.4351 -336.7172 4483.77 185.4083 -509.7484 4464.342 180.5565 -648.7889 4455.816 173.5319 -860.805 4459.944 141.7491 -824.9702 4459.438 12.15702 -773.8238 4469.796 -1.011894 -506.7079 4432.245 27.52079 -290.1935 4492.951 33.19995 -198.38 4512.796 21.61667 -102.8246 4556.227 120.3233 -249.7969 4571.18 207.4525 -826.61 4457.04 328.6292 -783.8005 4458.311 402.97 -548.6681 4580.402 411.6958 -389.4786 4745.537 399.2398 -291.4203 4767.811 369.8558 -202.3375 4812.248 365.825 -267.4531 4714.139 110.0494 -335.5267 4512.375 141.7701 -12.29119 4730.506 172.446 310.146 4917.314 164.2664 340.1845 5097.73 270.5293 -337.7908 4457.975 276.0951 49.11575 4403.1 270.563 418.9615 4325.999 317.2782 535.2985 4438.504 171.4082 -939.2562 4474.568 150.0903 -898.283 4624.661 138.6907 -950.0292 4611.077 103.0896 -1008.039 4507.556 186.3905 -932.4705 4616.292 260.1059 -968.9905 4518.172 
77.351 204.0768 -320.6867 4433.335 199.0961 -502.2633 4417.738 196.495 -647.8262 4410.815 188.3089 -868.8179 4428.64 155.252 -831.4664 4424.062 16.97569 -784.3728 4425.559 11.83725 -502.4192 4410.634 22.82823 -267.401 4439.313 59.45044 -177.198 4424.989 78.0793 -68.38624 4427.397 107.7873 -222.849 4527.054 223.9887 -833.3094 4425.188 353.7787 -802.8871 4442.217 439.45 -539.6714 4520.772 469.1104 -334.9346 4642.474 488.3851 -246.0233 4696.778 514.2432 -175.2898 4774.934 400.7791 -223.2783 4699.084 113.6683 -320.1435 4455.882 141.3541 18.70731 4683.433 168.094 355.3656 4880.433 157.7708 386.8062 5068.993 285.6021 -321.1765 4413.004 281.5667 85.65906 4374.606 266.9719 475.3108 4310.932 315.9083 597.6111 4427.86 185.0761 -949.7307 4448.912 153.2318 -893.541 4599.886 140.4136 -948.2469 4589.182 108.8241 -1016.408 4483.64 190.4053 -931.0123 4596.827 273.1666 -979.7679 4503.552 
77.382 210.8336 -339.5594 4403.259 212.3428 -516.3557 4375.329 213.8964 -657.9841 4354.931 207.6223 -873.3175 4387.165 242.4191 -838.7313 4383.794 382.7003 -810.9068 4394.643 423.6119 -553.6577 4489.615 450.3899 -326.0445 4529.938 462.4489 -247.8954 4585.444 389.2657 -191.2222 4529.005 422.2533 -229.5271 4441.31 174.9639 -836.4335 4381.968 48.87043 -799.9803 4368.51 7.015627 -521.0417 4384.268 -10.58962 -287.8984 4354.864 14.68537 -198.3972 4401.464 72.66454 -128.4775 4345.742 80.58165 -233.3793 4319.714 300.9027 -336.3116 4387.568 226.126 56.5727 4350.421 174.6691 436.6247 4366.617 153.8409 505.8474 4193.116 129.6144 -342.488 4417.409 196.4829 49.61502 4364.814 263.9212 430.9097 4341.739 218.4262 494.1264 4187.34 205.586 -955.2382 4385.829 217.4932 -931.7491 4226.774 247.7722 -973.5967 4248.81 298.8621 -997.8845 4362.729 195.9556 -976.7036 4241.256 135.2648 -1024.645 4347.55 
77.414 209.0956 -349.5981 4368.276 211.4732 -525.5731 4340.182 214.1805 -667.0684 4323.701 218.6708 -882.4257 4348.946 251.611 -846.4368 4344.801 389.0335 -808.7018 4335.644 438.2075 -555.507 4434.031 461.2276 -326.979 4464.481 487.2599 -239.9078 4496.007 416.2686 -202.4426 4423.841 432.7185 -226.262 4373.479 184.4176 -846.9998 4346.827 59.19334 -811.5483 4328.912 22.08394 -534.2938 4358.393 4.774461 -301.2801 4337.065 82.26205 -233.4219 4326.196 75.57634 -150.9957 4259.726 74.21842 -230.4838 4281.009 299.367 -346.5012 4356.517 216.9837 44.55462 4341.624 191.2832 399.9155 4479.946 183.297 496.6576 4319.946 127.694 -352.3907 4378.879 196.363 40.69391 4359.944 263.3473 421.0556 4358.477 236.6658 442.2912 4189.706 219.95 -963.9227 4345.019 212.9922 -961.1639 4184.672 260.5956 -979.1835 4207.814 320.766 -958.6884 4317.345 217.0998 -1008.043 4206.042 192.1181 -1063.08 4322.134 
77.446 209.9501 -333.3779 4286.81 211.1066 -514.9765 4293.84 210.8161 -659.5395 4279.316 206.3516 -880.2053 4293.415 172.7527 -843.4112 4290.195 36.40662 -792.2882 4291.669 -5.974636 -514.0013 4293.914 -27.56432 -280.0973 4319.327 -25.0253 -237.6334 4407.715 -4.74385 -164.9825 4487.881 35.19829 -204.3586 4430.15 241.3009 -844.2112 4289.843 372.6946 -826.864 4309.386 473.7644 -560.0541 4338.863 502.4217 -340.6248 4429.83 464.5803 -266.4973 4494.854 467.7626 -246.9087 4388.496 439.9467 -244.9845 4489.762 117.2335 -333.7523 4292.391 102.2721 72.14507 4328.932 120.8709 395.2198 4111.729 144.3445 579.4201 4155.76 293.5568 -333.0403 4281.777 290.5913 66.82468 4359.58 264.586 453.4611 4289.231 300.4915 596.9186 4383.886 204.7745 -961.2364 4312.279 210.5793 -956.4361 4475.796 183.9585 -1000.903 4452.026 121.6514 -1021.799 4340.858 236.9857 -996.0723 4453.227 290.5209 -1022.524 4333.861 
77.493 218.1491 -338.2325 4266.065 217.9538 -520.5301 4250.194 217.9124 -666.3876 4238.961 216.5098 -888.9783 4245.135 182.157 -852.28 4244.389 48.76693 -791.4809 4247.393 16.99768 -514.1237 4296.397 -10.03018 -281.2728 4336.931 1.942575 -240.4334 4426.057 13.29342 -188.9331 4523.535 50.36898 -196.2315 4440.591 251.1291 -852.1769 4241.694 380.6999 -817.4443 4255.829 461.192 -543.6847 4300.359 517.6464 -315.7524 4354.161 511.2407 -273.5882 4451.578 465.456 -223.7129 4366.234 465.8571 -244.0602 4459.576 124.9134 -338.7691 4273.377 125.3629 71.78259 4280.631 166.9645 387.9239 4051.897 215.1249 555.461 4132.728 302.2239 -337.7486 4259.473 282.2262 68.81869 4309.93 256.1102 464.1165 4327.527 317.7273 563.1793 4460.357 216.525 -971.2156 4261.164 213.9184 -942.7477 4423.481 186.1931 -989.3524 4404.635 128.4658 -1023.774 4293.325 239.6239 -986.6228 4408.308 298.3781 -1032.698 4296.574 
77.509 215.8753 -327.6308 4232.196 212.4543 -513.7897 4209.766 210.8373 -663.397 4200.124 207.1656 -891.0456 4215.795 172.3858 -853.0363 4215.214 31.93876 -801.9054 4230.738 14.91061 -512.4915 4248.948 -0.2128016 -269.5783 4263.315 24.49155 -215.5345 4345.258 33.53311 -170.5589 4449.166 70.59607 -212.7803 4379.544 242.8484 -853.9706 4209.015 376.5011 -821.2906 4222.417 459.8899 -537.4422 4231.435 530.4051 -300.906 4237.317 498.9515 -271.2779 4337.372 500.9866 -221.029 4237.694 455.7885 -288.449 4345.245 120.8891 -327.4308 4245.024 129.9265 43.68633 4443.225 152.3226 442.3871 4395.437 159.1035 594.5647 4520.243 301.5286 -327.8111 4220.629 284.8923 83.69777 4304.868 256.1743 489.0909 4305.121 294.493 606.4662 4437.718 207.0476 -974.5934 4235.62 211.8753 -936.6997 4400.157 184.1682 -986.2981 4384.857 120.5031 -1029.453 4276.033 238.9198 -981.5746 4385.576 294.7937 -1032.9 4270.63 
77.557 217.0602 -321.9667 4188.017 215.3475 -505.3845 4162.055 214.7238 -653.1056 4151.466 217.4333 -877.8048 4169.513 181.9793 -841.4147 4166.477 41.85165 -792.9407 4173.467 13.16597 -512.3404 4226.201 1.113122 -278.5358 4282.715 21.59624 -237.5655 4371.595 48.39072 -171.4957 4458.233 75.21449 -206.2473 4390.612 251.8167 -840.1163 4164.417 381.2882 -804.8311 4189.722 459.5343 -524.5586 4161.259 525.7327 -291.1661 4136.215 534.3404 -268.2214 4241.049 497.7845 -217.7594 4150.052 474.8243 -247.1234 4263.095 122.6311 -322.0636 4194.931 117.1622 37.75692 4403.036 140.8943 409.8484 4265.855 163.4023 592.3698 4329.27 302.2111 -321.8793 4181.781 283.9067 76.71523 4296.777 258.4391 473.6758 4351.051 296.4402 582.9737 4487.59 218.8272 -960.0834 4190.083 215.3155 -928.0309 4353.795 187.1582 -975.4592 4335.472 129.2503 -1012.266 4223.131 241.2387 -972.8524 4339.469 301.2031 -1021.962 4227.655 
77.573 209.7626 -331.4434 4146.043 214.8365 -506.8678 4124.43 218.7489 -647.7588 4113.585 223.1407 -862.0546 4132.57 189.0882 -827.8221 4127.222 55.27034 -781.3654 4130.242 5.599294 -520.1143 4195.795 -12.02497 -303.9867 4272.104 19.89685 -244.3734 4339.452 43.31485 -192.6915 4430.283 62.35249 -229.071 4361.561 255.7115 -825.6547 4129.569 376.1256 -789.2449 4163.692 462.0687 -537.2966 4079.92 535.9191 -328.7822 4007.402 521.2947 -278.3077 4095.71 509.4661 -260.3612 3992.659 470.7673 -266.2363 4104.561 119.4476 -333.7776 4143.786 109.1695 37.29278 4283.927 150.426 384.0281 4136.048 166.8949 567.0028 4162.979 291.2036 -329.3386 4148.078 276.9891 52.00935 4255.183 260.2907 427.6795 4328.871 280.4819 540.1755 4455.84 224.2666 -940.4292 4152.846 209.4185 -1065.999 4249.68 179.3638 -1066.326 4203.052 131.0121 -978.4153 4127.414 230.3232 -1075.696 4203.871 291.8348 -1008.672 4111.202 
77.604 208.7723 -317.7538 4107.521 212.016 -496.2258 4083.593 214.3956 -640.0683 4077.781 215.9584 -859.0002 4087.758 181.6648 -823.3684 4086.148 47.43397 -771.128 4094.976 12.97889 -503.3951 4165.351 -3.64911 -281.4093 4237.917 7.194413 -247.9753 4328.545 29.42186 -191.2131 4419.001 60.69753 -231.035 4358.247 249.5573 -822.3805 4083.957 375.2817 -786.5638 4107.091 459.8166 -522.2515 4045.561 531.3967 -302.5485 3992.425 531.2462 -261.9188 4088.881 519.2258 -246.6047 3983.445 487.4565 -267.8918 4107.488 116.7509 -319.2113 4105.918 115.6582 60.18615 4245.128 167.254 413.0492 4096.817 203.5111 539.9556 4232.262 291.7519 -316.4394 4108.966 270.5948 59.74072 4253.923 250.2395 443.4041 4322.579 298.8711 499.4837 4479.947 216.9653 -939.6382 4104.975 213.0107 -1034.796 4236.286 180.4346 -1049.787 4192.62 123.1651 -987.7816 4096.428 232.7623 -1056.658 4193.161 287.5152 -1015.565 4079.992 
77.668 193.6537 -339.2131 4071.093 204.5535 -499.9308 4052.94 213.5992 -627.9817 4035.154 220.2864 -824.9634 4026.844 249.8087 -791.6647 4028.62 368.234 -738.3087 4029.374 461.6004 -505.9844 4010.477 449.4822 -352.0561 3867.043 518.3422 -301.3568 3848.513 473.467 -251.5147 3776.807 434.6378 -250.6543 3834.59 188.6906 -793.2426 4029.718 77.86865 -748.5914 4027.726 31.23675 -499.6714 4064.078 21.31226 -293.7144 4009.043 -1.930816 -221.2782 3953.473 32.1416 -277.4405 4024.173 84.61769 -221.537 3928.133 275.8942 -334.6459 4080.038 265.6327 24.91808 4134.167 253.8216 294.8896 4352.87 241.6811 429.057 4248.813 119.4938 -343.3316 4063.027 112.5972 -1.109183 3941.072 117.2272 348.9792 3969.848 108.4504 408.0659 3825.072 222.5371 -897.5679 4011.589 198.6039 -963.4333 3883.497 196.9729 -992.5186 3925.186 244.9348 -988.2926 4029.831 162.0712 -962.6509 3913.073 126.7157 -897.7238 4006.388 
77.699 153.2269 -305.7871 3819.274 176.4621 -464.2848 3863.757 193.3858 -591.783 3897.271 219.7001 -786.4551 3945.668 188.8077 -753.9863 3954.485 86.28227 -712.2502 4028.599 -15.53383 -487.9483 4103.686 26.06657 -297.5176 4197.072 0.3493261 -211.6558 4192.77 80.35632 -179.8979 4140.524 94.20662 -217.5038 4132.161 240.7485 -755.1195 3919.361 344.7294 -724.3235 3862.276 453.5543 -500.7876 3778.385 504.7823 -318.7694 3888.616 508.2837 -314.9482 3985.095 480.2152 -306.6048 3890.55 403.3959 -372.6316 3964.488 86.30105 -300.9671 3871.406 165.8297 45.74472 3983.851 73.54069 328.2712 3786.927 114.7672 494.3596 3821.46 213.5768 -310.1335 3772.264 244.7473 37.54166 3902.758 130.5559 316.4098 3705.277 166.5142 468.7672 3741.239 236.2547 -855.322 3973.56 237.8341 -978.5605 4058.607 215.9563 -982.5101 4011.422 162.3345 -907.7977 3937.267 264.1619 -980.7441 4018.276 316.7806 -901.8529 3941.367 
77.731 193.3165 -299.585 3953.208 204.0307 -466.1124 3947.39 212.7877 -599.3115 3947.113 215.484 -802.4543 3950.716 183.5448 -769.5521 3952.038 58.35253 -723.372 3961.76 -6.667227 -487.5264 4045.669 -4.011265 -306.4893 4165.417 -26.44566 -221.3941 4145.987 42.46075 -197.9086 4075.791 68.48925 -250.1171 4081.315 246.2498 -768.2635 3946.257 364.9246 -736.5662 3954.067 470.2253 -508.87 3873.367 499.5541 -328.0909 3994.941 526.5319 -361.859 4081.82 481.5558 -311.6348 4008.773 375.8322 -347.1064 4024.544 108.2394 -305.1859 3956.845 143.2101 63.40951 4014.293 93.70621 332.485 3783.277 109.0377 486.7681 3865.153 270.0342 -294.5345 3949.929 233.5417 60.57575 4062.396 160.6571 300.0294 3801.087 170.1782 460.3011 3816.75 217.6315 -877.6143 3964.548 194.4323 -1025.916 3973.822 177.1712 -1001.695 3930.699 141.4251 -891.65 3904.436 224.434 -1011.595 3938.615 294.7497 -914.0475 3914.594 
77.763 192.499 -289.2075 3938.131 202.858 -459.4331 3928.012 211.1418 -595.6489 3922.501 216.7507 -803.4722 3922.62 183.6358 -770.2864 3924.888 54.7697 -724.6443 3931.912 -20.65933 -482.1185 4006.193 -15.05106 -299.8261 4132.949 -34.30849 -216.1461 4099.342 30.40639 -212.0695 4018.708 84.26373 -249.9923 4059.72 247.7024 -767.9894 3918.324 369.0523 -734.6196 3913.853 476.0739 -494.4311 3854.217 510.8938 -348.6711 4021.929 520.4632 -372.9183 4117.73 489.108 -332.1927 4029.966 381.8763 -375.2516 4027.744 105.3444 -294.5002 3937.944 127.8111 85.4294 3983.911 121.9098 344.4215 3724.841 165.7917 514.2736 3762.354 271.0901 -284.4348 3938.299 237.7507 63.9503 4093.748 169.4744 339.13 3855.667 165.043 502.1927 3880.833 220.1394 -880.5635 3935.438 204.4714 -1033.62 3937.815 174.6531 -1006.552 3902.446 128.7564 -894.3322 3896.346 223.6588 -1014.71 3896.236 283.0807 -909.7003 3861.835 
77.795 183.0108 -259.7429 3946.419 205.0155 -429.3688 3911.74 211.9224 -563.7015 3874.665 213.8503 -774.1639 3846.213 243.0849 -737.4492 3836.389 364.724 -690.012 3786.287 495.0677 -453.9898 3766.664 448.5615 -247.1287 3685.876 451.702 -167.8123 3635.155 410.8101 -70.7134 3643.716 385.1522 -122.3603 3664.333 185.0429 -741.5548 3867.184 64.67783 -699.9744 3885.475 -27.71746 -475.6908 4015.983 -84.28794 -253.1331 4023.766 -47.53504 -188.1566 3955.102 -17.19986 -145.6623 3865.272 -84.48215 -252.1134 3892.592 241.5386 -239.0546 3882.364 119.1921 112.3472 3760.2 162.5207 476.7104 3834.006 129.2419 522.9999 3659.832 130.2337 -278.3984 4004.18 115.8358 57.72525 3804.532 169.6189 423.5479 3724.976 78.82212 486.3364 3597.521 208.376 -850.7838 3824.185 168.6366 -944.5869 3704.467 188.5453 -968.6143 3749.461 264.9522 -934.589 3841.027 141.0191 -949.939 3746.542 112.5096 -879.5545 3849.796 
77.827 164.8089 -297.1527 3818.499 182.4565 -452.8336 3809.816 196.2636 -577.2648 3801.84 201.6751 -766.3681 3775.854 171.5643 -736.8813 3784.936 51.49142 -706.7234 3806.898 -103.5692 -520.0565 3820.667 -67.74957 -444.5195 4006.753 -77.97971 -419.6011 4087.051 -29.74143 -365.0747 4148.146 -7.80379 -395.4328 4107.781 229.536 -733.1324 3773.584 334.5151 -690.0485 3751.156 442.0465 -483.0177 3668.032 465.9727 -363.1197 3834.552 458.28 -368.2148 3925.278 401.1306 -333.1437 3990.323 357.7926 -416.0409 3822.016 88.32721 -307.0503 3840.513 149.8801 36.13097 3791.264 156.7553 361.0743 3704.04 220.1149 475.9093 3803.787 233.7759 -288.2276 3798.648 201.0495 61.59156 3815.272 113.3824 364.3024 3687.526 121.8798 500.4096 3753.752 206.0248 -838.0619 3777.669 149.9782 -950.1662 3712.346 179.4094 -921.0568 3685.698 208.3244 -813.4151 3688.89 195.2371 -950.7452 3717.048 273.7021 -901.22 3785.393 
77.858 150.6964 -268.6649 3797.703 171.692 -436.8348 3768.015 188.3458 -572.8591 3756.174 187.7183 -781.5564 3773.038 220.3356 -747.4172 3770.775 353.2907 -711.158 3774.635 450.9638 -463.5813 3788.484 425.7228 -408.8813 3573.067 445.6201 -332.0711 3524.814 392.7347 -354.7001 3437.921 380.5115 -365.4476 3458.27 155.4469 -746.5663 3771.744 35.44482 -705.5164 3772.238 -28.04863 -471.8336 3895.12 -27.17525 -254.4053 3831.618 -20.05588 -203.8478 3745.645 13.22581 -135.1476 3677.348 17.31089 -222.5102 3715.893 237.9745 -258.1843 3800.059 216.0412 84.74976 3976.065 232.7881 339.0727 4242.871 260.122 486.5267 4142.112 71.99384 -278.1157 3795.579 82.94862 92.53413 3689.554 109.3076 464.3174 3699.953 84.86204 504.0802 3540.414 187.2796 -860.0554 3766.409 157.3184 -886.7574 3616.726 187.1802 -923.4183 3642.766 262.6513 -921.509 3738.933 137.2985 -919.2651 3648.852 105.9358 -921.1602 3771.241 
77.89 143.3058 -269.0103 3777.431 163.799 -438.9083 3745.947 180.1158 -575.4468 3724.936 181.7754 -787.1415 3720.581 214.3839 -752.2077 3721.86 344.7502 -702.9274 3725.736 367.379 -449.1793 3813.721 326.4811 -342.1188 3618.69 251.0596 -291.1877 3641.881 282.3461 -348.4308 3559.112 295.7576 -302.2406 3499.571 148.7551 -752.159 3722.787 26.87942 -712.3382 3719.276 -51.26189 -481.8105 3846.426 -51.25206 -260.2358 3788.289 -34.45723 -205.7864 3704.751 26.26841 -130.2505 3668.182 -24.54126 -230.4268 3677.239 231.6092 -258.9406 3780.569 202.5889 86.62373 3960.003 208.4211 341.0408 4232.915 240.8291 494.4364 4139.084 63.67879 -278.0905 3774.602 87.97296 97.87428 3673.677 124.8689 472.1455 3701.015 99.18097 520.3104 3542.018 182.2073 -865.4449 3705.891 143.325 -902.3064 3558.612 172.6673 -938.9224 3586.512 253.5129 -933.8988 3679.926 122.8758 -931.3245 3594.473 97.01157 -921.7754 3719.25 
77.922 144.0944 -265.355 3706.05 160.2814 -438.0544 3680.205 172.8515 -576.8773 3665.156 165.8923 -789.576 3681.147 200.1588 -755.8228 3678.326 338.836 -733.154 3679.279 435.5044 -486.5805 3739.662 428.3256 -344.7834 3561.274 487.6224 -278.0509 3592.742 407.7162 -330.2339 3546.117 402.21 -254.0813 3471.288 134.1158 -752.892 3680.737 12.486 -709.2681 3684.588 -58.83773 -465.9861 3795.649 -73.16163 -237.2255 3767.939 -57.12721 -171.4138 3691.79 -25.18511 -91.25641 3633.014 -32.98155 -169.4876 3672.699 233.1615 -258.0346 3712.918 213.8953 107.8321 3856.56 206.4344 324.9192 4163.579 241.5603 485.2658 4080.108 63.7786 -271.9562 3699.857 91.76079 118.6531 3665.641 121.0937 497.093 3684.547 98.31383 523.1633 3518.692 162.7872 -869.4898 3673.948 154.8442 -893.3975 3518.014 179.1928 -932.4492 3548.169 240.1905 -935.2493 3656.799 128.2337 -925.9562 3546.62 77.46455 -927.9444 3664.967 
77.953 143.173 -262.9035 3660.75 158.9458 -433.5108 3633.801 170.9043 -571.2249 3622.947 172.8214 -782.1557 3630.194 205.273 -747.2639 3629.923 342.1173 -724.8401 3639.129 415.2641 -487.3394 3741.194 423.3752 -338.355 3572.137 475.3682 -270.9644 3611.107 416.271 -326.9978 3544.754 400.183 -226.7279 3533.858 139.8493 -747.2715 3630.11 19.38008 -706.2488 3617.855 -62.09023 -474.5223 3738.671 -75.21172 -252.4897 3687.027 -34.68633 -184.4173 3624.709 36.0731 -157.4398 3554.517 -17.76164 -195.9333 3590.223 231.3064 -255.7432 3667.003 227.4892 116.5724 3780.314 237.4707 344.9938 4073.693 299.2999 496.4268 3993.598 63.69922 -269.3602 3655.11 89.66036 118.4831 3662.225 120.1232 491.3867 3698.115 88.29917 525.0304 3537.075 173.496 -860.8909 3619.857 62.43856 -919.2157 3526.752 111.2221 -943.2758 3525.257 227.165 -907.5308 3546.906 78.29661 -949.759 3563.433 135.9277 -937.9133 3676.406 
77.985 146.0171 -263.8048 3620.873 152.1937 -433.7988 3592.693 157.0317 -570.8073 3578.322 158.444 -780.6188 3580.424 190.7875 -746.0295 3579.178 326.4205 -719.7282 3579.466 406.6161 -485.1632 3678.857 412.594 -304.4409 3546.374 436.6889 -238.9801 3607.98 413.24 -291.5348 3520.836 383.6213 -189.9629 3572.715 125.8593 -745.8514 3582.994 3.259391 -712.3948 3580.821 -81.30208 -479.0984 3692.522 -115.6929 -265.237 3624.634 -48.84657 -193.5289 3603.886 34.9315 -175.4549 3547.393 -28.12212 -197.9546 3560.925 234.0801 -260.8504 3622.353 238.0328 124.7109 3654.433 241.7014 316.9485 3970.282 296.0737 483.7393 3925.487 66.60678 -266.469 3619.539 88.80901 118.7205 3642.261 114.9307 488.1341 3691.99 95.19955 542.9955 3535.943 158.2077 -858.6254 3568.268 78.66813 -940.1245 3462.674 124.1037 -962.3413 3481.867 228.8644 -919.4857 3528.773 81.0825 -960.432 3508.304 101.8681 -920.5377 3626.673 
78.017 151.1299 -270.7177 3584.992 149.7701 -440.2022 3553.468 148.4252 -577.1453 3537.978 147.9091 -786.7428 3547.02 180.5753 -752.4907 3545.267 317.374 -733.5366 3548.244 392.7983 -493.0317 3636.427 419.3223 -282.138 3565.348 410.2028 -226.0806 3639.055 430.617 -265.8234 3544.682 376.2195 -177.4688 3553.635 115.6003 -751.6439 3547.805 -7.629804 -720.5967 3547.678 -75.60897 -464.2819 3608.611 -94.63056 -254.2937 3524.618 -87.6804 -161.4905 3561.726 2.595872 -157.7197 3513.048 -47.98677 -171.0833 3574.122 239.207 -271.8283 3587.164 216.4667 112.3547 3547.917 222.711 329.1252 3847.345 282.2621 470.9819 3751.941 71.70697 -269.7162 3583.034 88.56047 113.8036 3627.313 108.3207 480.146 3697.879 82.28032 546.8788 3547.514 147.2054 -865.0919 3537.44 63.26246 -925.5735 3421.654 111.134 -948.5219 3432.002 217.2025 -910.627 3480.17 70.40277 -955.4868 3461.071 98.92432 -942.1862 3583.705 
78.064 147.9159 -268.7073 3536.285 150.98 -437.0071 3509.564 153.5459 -572.4886 3495.297 156.0578 -779.8422 3499.238 187.8091 -745.4434 3500.322 321.0549 -718.888 3514.129 381.8775 -477.7516 3602.719 415.034 -261.599 3567.024 389.4777 -190.9385 3620.093 410.7456 -252.7774 3540.222 362.2725 -168.6885 3499.738 123.536 -745.6793 3498.859 2.234191 -713.8812 3491.181 -76.1334 -467.0782 3564.003 -85.20435 -260.8068 3476.162 -90.2886 -168.7996 3512.487 3.203347 -148.8528 3478.478 -45.3175 -174.066 3526.607 234.998 -266.9322 3535.09 224.0322 109.8214 3470.247 213.4946 365.1863 3731.534 245.8153 483.015 3600.76 69.39021 -270.3079 3537.362 84.68671 106.0524 3601.177 101.6278 463.6988 3691.846 77.32533 522.7228 3540.06 157.2827 -857.0416 3487.897 71.88879 -922.9553 3378.679 119.9286 -944.3729 3388.306 225.509 -903.1516 3430.977 80.71487 -950.7633 3418.575 112.4384 -932.1201 3538.212 
78.096 145.547 -267.1415 3503.715 147.7181 -434.9929 3476.55 149.6519 -569.6805 3458.198 154.081 -776.067 3472.603 185.4406 -741.4437 3471.918 317.9291 -709.6304 3471.16 378.9111 -471.3656 3565.445 414.9162 -253.4615 3575.167 389.4891 -191.8356 3638.252 405.8322 -243.1144 3550.44 353.3634 -164.3039 3513.199 121.3176 -742.3464 3470.526 0.3707781 -713.7834 3454.132 -87.91582 -467.4312 3513.67 -100.6164 -276.0202 3398.263 -99.49795 -178.7787 3415.843 -8.234315 -135.8777 3424.734 -71.0339 -189.8149 3448.624 232.303 -265.2384 3498.889 227.2499 103.3989 3400.467 211.227 415.3552 3588.656 225.5746 503.9622 3434.292 67.31532 -268.8577 3508.066 84.99511 102.1428 3593.733 103.8932 454.0897 3701.331 89.3875 508.276 3546.916 156.0141 -853.5511 3465.203 69.91463 -912.8027 3353.244 119.9124 -930.8907 3357.64 223.987 -886.1573 3399.69 83.34769 -944.3004 3388.731 120.62 -937.6431 3507.738 
78.128 144.132 -261.5754 3463.468 143.6555 -429.7417 3434.353 143.4811 -564.9787 3416.265 146.523 -772.6442 3417.236 178.2474 -738.1382 3418.464 311.5577 -707.6649 3419.51 371.1106 -472.991 3525.656 410.987 -259.2263 3569.751 397.2303 -209.1244 3645.817 397.7322 -244.8408 3548.817 337.1263 -164.0221 3537.105 113.8749 -738.5137 3417.698 -6.472595 -701.9523 3415.016 -76.98604 -443.2157 3440.269 -84.83349 -245.0379 3334.684 -78.56316 -148.3327 3355.81 -13.17334 -138.5547 3432.959 -61.16136 -183.3639 3424.105 231.292 -261.2311 3460.053 228.1573 99.6095 3331.783 211.7095 438.9287 3467.987 224.1169 509.9616 3303.919 65.53593 -261.8859 3466.548 84.06077 105.2532 3572.468 102.359 450.6868 3703.362 82.5254 511.4534 3551.37 147.8053 -849.7772 3404.771 83.15579 -913.6252 3280.779 126.6889 -937.6105 3300.695 223.4865 -901.4992 3364.205 81.60056 -940.8179 3322.105 88.60155 -920.7225 3445.624 
78.159 142.9785 -256.8363 3422.731 140.7132 -422.8401 3392.367 139.4211 -556.4405 3373.544 139.0092 -761.8078 3371.021 170.8817 -728.2505 3373.865 303.3096 -703.0704 3384.686 355.282 -470.9654 3493.164 396.3121 -269.3104 3569.283 392.846 -218.8652 3645.055 400.1861 -250.8022 3548.23 345.2288 -167.2434 3563.838 107.2873 -727.5231 3371 -11.33095 -690.0088 3370.531 -80.91479 -433.2474 3384.075 -79.95039 -235.3638 3283.03 -90.32806 -153.6733 3336.314 -53.53588 -141.9058 3429.068 -37.46558 -169.0562 3386.632 228.8534 -256.5224 3414.608 216.1275 104.3707 3300.49 211.8418 465.1847 3328.689 251.7594 516.0462 3163.68 65.54128 -257.1194 3430.056 94.59045 101.8748 3545.813 124.472 438.8577 3684.811 101.9116 518.3262 3544.23 139.4293 -837.8757 3357.415 71.72312 -915.3316 3245.502 118.2553 -933.701 3262.853 215.1157 -885.2476 3314.358 76.04746 -939.1062 3288.065 91.14265 -909.585 3407.495 
78.191 147.6637 -247.102 3381.807 142.628 -412.5244 3349.059 138.9838 -545.8361 3328.917 144.217 -751.0504 3331.991 175.0745 -716.5681 3334.669 305.8923 -683.7471 3343.813 358.7372 -460.1876 3468.382 399.2975 -261.2216 3551.283 390.5082 -206.5002 3623.533 397.0982 -242.0397 3527.959 346.1651 -157.9026 3525.527 111.597 -717.6879 3330.285 -9.10265 -688.4167 3323.906 -87.42854 -434.1873 3335.285 -92.57951 -265.9441 3190.376 -103.791 -169.1335 3179.662 -68.64785 -144.3751 3270.435 -68.57487 -164.8646 3262.623 233.6877 -248.5923 3376.107 222.8466 104.3982 3239.731 213.7701 465.1935 3214.362 240.6423 475.6799 3039.571 70.0921 -245.7581 3386.948 92.80164 104.4424 3527.851 115.9066 432.4124 3687.756 90.33387 509.9309 3546.676 147.0362 -827.3832 3320.484 91.26263 -898.8481 3198.532 132.5146 -921.3339 3222.909 223.9101 -881.7684 3289.639 86.52151 -922.6723 3241.001 84.99098 -894.0143 3361.531 
78.223 148.7657 -236.6682 3340.436 140.9851 -402.8344 3306.792 135.3886 -536.9949 3287.331 144.4351 -743.3143 3289.71 174.8106 -708.0707 3292.77 303.2844 -664.5767 3302.569 360.0213 -446.5138 3437.984 402.5911 -250.5744 3530.058 405.2133 -188.0083 3596.914 394.5005 -234.1797 3505.702 351.2211 -138.3666 3507.235 111.0208 -710.356 3287.864 -11.29401 -685.1146 3280.563 -100.9592 -432.8777 3289.719 -108.4226 -267.4832 3139.682 -107.9679 -171.3959 3117.431 -94.48246 -142.0241 3213.16 -67.97384 -201.1176 3243.603 235.1296 -239.1559 3332.75 220.4888 118.9603 3204.006 206.5793 476.4487 3137.093 224.4094 487.6569 2960.127 70.88753 -234.4249 3347.367 89.04859 109.412 3509.142 108.1281 431.066 3686.47 80.91428 519.9275 3551.384 148.7748 -819.9935 3277.876 149.6025 -875.2636 3135.357 172.6903 -904.9596 3173.043 226.234 -882.7291 3278.791 123.3591 -901.0798 3168.025 68.41917 -880.2986 3277.956 
78.255 149.6268 -231.8806 3307.076 142.1764 -399.389 3272.669 136.6976 -534.3114 3250.506 145.8602 -742.3934 3248.12 176.5408 -706.915 3251.505 306.4955 -663.4094 3256.977 367.1087 -445.5648 3395.413 416.2257 -258.2966 3505.123 433.0663 -223.977 3589.229 400.5672 -235.0217 3491.406 361.1302 -146.0013 3509.576 112.1344 -709.1323 3247.541 -10.50305 -681.1052 3237.81 -95.67001 -424.8881 3246.689 -99.0077 -252.3608 3101.765 -74.21085 -159.5077 3127.427 -70.82812 -152.1726 3229.008 -75.28094 -173.1372 3197.683 236.6974 -234.0703 3298.883 221.2208 123.7483 3160.123 206.3047 482.3268 3083.033 231.4357 497.563 2905.713 71.11147 -229.906 3314.465 86.59668 116.3008 3479.121 103.3754 436.4872 3665.649 75.31951 530.9926 3532.877 150.0452 -819.4416 3234.395 128.1311 -871.7318 3091.029 158.0554 -901.9632 3123.808 228.5671 -880.6888 3220.602 108.082 -899.2119 3127.179 71.46856 -882.3104 3246.241 
78.286 155.68 -218.227 3247.672 146.798 -386.0796 3212.496 140.9828 -522.0748 3194.616 150.6547 -730.8029 3198.037 181.3901 -695.062 3200.019 314.6121 -660.9109 3204.492 374.5698 -440.298 3340.474 425.0173 -255.5625 3455.24 453.7782 -237.0452 3541.386 407.3808 -209.18 3452.567 381.8922 -145.1869 3489.276 116.7321 -697.5332 3196.948 -6.339863 -667.9351 3198.336 -92.16003 -410.8499 3199.173 -111.279 -255.1407 3036.378 -105.8187 -156.6169 3021.433 -69.04209 -154.02 3116.79 -92.22731 -149.2855 3000.391 242.6884 -220.46 3236.358 218.0295 141.3125 3105.939 193.5165 506.8177 3068.077 229.444 531.2175 2893.056 77.22068 -216.2134 3257.875 84.22054 124.9432 3436.032 98.79191 426.4075 3653.757 72.25419 542.5731 3538.312 154.8641 -808.4551 3186.417 130.0451 -873.16 3048.135 161.456 -900.1479 3082.599 234.334 -869.618 3175.591 111.3838 -897.892 3087.125 77.5045 -871.5244 3205.711 
78.318 152.4506 -213.7255 3195.79 146.6522 -383.4197 3162.059 143.3881 -520.7743 3145.447 151.398 -731.1509 3152.94 182.6148 -695.3254 3154.948 316.0139 -657.3419 3156.505 384.4592 -435.034 3289.901 441.9008 -248.4324 3401.835 468.623 -220.9856 3487.057 418.0457 -163.9453 3415.075 394.3072 -138.2758 3430.862 117.4999 -697.3834 3150.494 -6.218553 -666.163 3148.828 -86.01854 -406.1129 3174.362 -97.08039 -249.235 3009.418 -94.45911 -150.0743 3026.193 -49.38668 -193.1502 3108.253 -83.74848 -135.854 3008.223 240.1437 -214.3914 3184.065 217.401 156.1658 3069.753 192.8901 526.4088 3057.9 231.4584 547.629 2881.531 73.37391 -213.1251 3206.363 75.12242 136.4222 3374.844 99.829 407.0101 3633.51 83.30702 548.4699 3545.831 155.2721 -809.6603 3142.749 150.5833 -855.6921 2993.852 175.9818 -888.3197 3029.067 234.8246 -872.6132 3135.941 125.461 -884.6129 3026.298 73.94096 -871.998 3141.837 
78.35 156.8975 -214.3096 3150.9 151.9575 -385.2022 3117.591 149.5572 -523.4697 3101.277 159.2146 -735.1798 3104.897 190.355 -698.9414 3107.548 325.396 -663.916 3111.499 392.7217 -435.7265 3238.723 447.6599 -239.1238 3336.726 484.6714 -218.8468 3420.733 420.571 -142.5558 3386.094 400.2747 -139.2338 3397.935 124.8503 -701.4221 3103.103 -0.5928949 -674.2523 3099.796 -89.16903 -417.6216 3142.973 -95.81577 -246.3869 2990.604 -91.72092 -148.6543 3016.639 -67.23441 -149.2133 3117.398 -81.6808 -134.4516 3006.059 244.9325 -214.2786 3137.684 216.2132 162.7088 3038.593 193.6313 535.3828 3049.996 226.0459 565.7833 2872.577 77.51249 -214.3375 3162.816 69.38814 149.9433 3303.06 102.5058 390.756 3591.832 81.26979 550.3549 3542.897 163.6922 -813.9388 3093.182 129.2234 -872.3245 2951.708 162.8285 -901.675 2983.259 242.73 -876.0704 3074.246 112.4478 -899.1647 2991.073 85.81335 -878.0961 3114.399 
78.382 160.9002 -216.1529 3097.034 157.23 -388.4753 3064.976 155.3646 -527.645 3048.467 163.5469 -740.39 3062.238 195.1272 -704.0407 3063.432 332.6796 -676.4713 3070.733 398.6791 -434.1749 3174.081 452.8573 -226.1088 3249.722 480.3263 -226.236 3340.273 455.7573 -141.6911 3280.914 415.7144 -154.8037 3339.062 129.2144 -706.3033 3058.555 3.785789 -675.3793 3054.973 -82.56301 -415.4861 3094.474 -95.68652 -230.5651 2956.983 -105.7566 -131.2151 2977.204 -126.9595 -98.77377 3074.113 -101.3664 -119.0685 2971.555 249.8956 -216.1096 3086.613 217.0581 169.4338 3015.579 190.4812 544.3368 3025.47 215.3282 574.4221 2845.556 80.64912 -216.192 3106.432 62.52342 157.3475 3227.157 94.20565 380.8365 3532.763 80.68626 549.2679 3521.055 167.5823 -820.1611 3054.236 137.7323 -879.2891 2910.892 170.442 -908.7607 2943.859 247.7113 -882.7782 3038.061 119.4946 -906.1945 2949.986 88.48236 -884.6525 3073.078 
78.414 164.3323 -221.1621 3050.829 160.7825 -394.3033 3020.36 159.4579 -534.1894 3006.537 169.822 -747.6251 3017.728 201.1366 -710.8719 3019.275 337.94 -678.2414 3027.723 402.3529 -431.5503 3123.52 452.209 -212.2215 3164.339 485.7142 -205.1404 3252.852 455.1737 -131.2462 3182.503 417.9086 -132.7286 3246.704 135.0392 -713.7393 3014.552 8.918703 -684.6509 3007.612 -72.53875 -424.2045 3058.091 -100.2027 -229.8652 2935.391 -108.9159 -137.2078 2977.594 -98.45818 -90.06706 3070.474 -79.38134 -113.956 2954.105 253.2958 -220.7474 3038.108 221.1177 171.4486 3009.224 191.3711 547.1151 3022.872 215.8601 572.9202 2841.689 84.11003 -221.5361 3062.301 66.08086 158.7032 3164.504 84.49393 380.2026 3474.024 60.28371 548.3354 3471.866 174.6374 -827.4854 3008.718 185.1194 -867.643 2855.877 206.7922 -902.6277 2892.615 255.1615 -892.1396 3007.341 156.0761 -898.0652 2884.708 92.01183 -889.606 2996.512 
78.462 166.6432 -224.489 3003.484 163.7223 -396.866 2972.014 162.6927 -536.3697 2959.095 172.0018 -749.3568 2964.763 203.4467 -712.9423 2966.617 337.5735 -673.4658 2979.679 409.1624 -430.9537 3078.425 457.0539 -208.6344 3064.67 487.0396 -170.5334 3145.888 531.4614 -105.2765 3216.843 449.6612 -121.1278 3139.143 137.4771 -715.3321 2963.1 11.78454 -685.6223 2965.819 -65.36136 -427.4057 3028.07 -102.7381 -222.2483 2929.355 -103.0554 -134.4368 2980.948 -82.13743 -84.41029 3070.083 -78.61339 -109.4317 2960.3 255.7104 -224.2695 2994.015 222.3572 167.5687 2993.84 191.4766 540.2274 3031.529 214.9378 573.5867 2852.079 86.32751 -224.6869 3012.023 63.06037 164.3664 3061.146 78.61167 367.1494 3381.884 34.04713 529.6075 3364.901 176.1697 -828.726 2953.718 158.049 -897.3344 2812.72 182.9551 -926.7799 2851.908 250.2785 -900.1595 2953.232 132.2547 -918.6332 2850.982 88.76221 -883.0603 2966.773 
78.494 158.9916 -222.9689 2964.256 156.5437 -393.859 2930.953 155.375 -532.0787 2914.485 164.414 -743.6938 2920.47 195.7762 -707.5741 2920.982 329.521 -669.0617 2930.728 410.493 -426.606 3016.756 459.1713 -212.4455 2961.91 481.937 -161.4506 3037.499 502.3271 -103.0266 3122.896 446.0038 -120.223 3031.604 130.1407 -709.8212 2920.03 5.261228 -682.9619 2932.607 -68.71272 -428.6036 3005.752 -102.0805 -216.7066 2924.918 -103.6393 -139.3452 2990.129 -80.15746 -81.6877 3073.012 -75.72816 -96.65765 2926.295 247.7182 -222.9 2957.381 220.5645 166.2518 2979.474 196.1023 535.4534 3029.747 215.5397 569.0494 2851.073 78.98286 -223.031 2970.455 62.16473 166.8745 2965.267 94.96462 359.8388 3287.872 55.24146 516.7557 3242.065 167.9712 -822.5964 2909.612 161.5972 -898.7325 2772.65 186.1632 -924.2758 2814.223 245.9704 -888.3907 2916.419 135.4839 -919.6451 2810.472 84.25368 -881.5858 2921.283 
78.526 157.8523 -225.198 2920.689 157.7939 -395.6756 2890.883 158.2742 -533.2841 2876.53 166.539 -743.6855 2880.659 197.8117 -707.8907 2881.883 329.6954 -665.6246 2888.964 412.034 -418.8529 2953.649 463.2747 -212.7486 2879.376 486.4297 -138.4708 2931.068 490.8734 -64.54667 3005.246 454.0064 -100.4998 2895.317 132.5855 -709.9083 2880.109 9.02319 -679.3523 2888.679 -67.67113 -428.0996 2963.479 -100.0666 -213.0571 2895.522 -108.3338 -134.7059 2958.039 -99.16002 -90.35561 3050.581 -82.39969 -104.4752 2937.025 246.1698 -224.3891 2915.888 219.6924 160.1035 2963.618 196.2629 522.5029 3040.188 215.7831 569.3796 2865.697 78.21256 -225.9275 2925.017 60.41266 159.0073 2880.322 107.2327 377.423 3181.587 49.22892 520.0549 3116.413 169.9678 -822.0173 2869.192 146.9276 -894.0486 2732.89 176.0869 -920.5279 2770.262 247.5219 -887.5781 2864.784 125.651 -915.8213 2772.792 88.58268 -880.9244 2889.247 
78.557 149.8607 -225.3956 2875.566 152.8401 -395.0927 2847.951 155.6357 -532.0405 2836.314 165.6891 -741.0294 2839.542 196.4959 -705.2133 2839.698 326.0068 -658.3193 2843.197 413.4471 -410.4139 2886.09 460.9177 -215.9945 2786.479 493.1238 -137.9977 2825.121 509.1625 -56.28339 2887.669 461.2307 -102.2275 2793.113 131.6851 -707.7451 2840.341 9.140015 -677.0206 2850.62 -63.49429 -429.8447 2935.947 -101.433 -210.3577 2895.522 -94.9756 -128.8198 2952.935 -67.34063 -69.87952 3031.941 -68.40224 -96.25622 2906.75 237.6623 -223.3292 2872.342 216.1165 154.3376 2948.445 198.0252 509.0656 3047.577 210.9709 567.9235 2877.365 70.68616 -227.2589 2878.474 55.21956 151.4002 2808.147 103.2468 412.08 3070.067 60.69875 543.6498 2977.99 169.3006 -818.8012 2827.818 138.6999 -887.2239 2692.284 168.5659 -914.9445 2727.64 244.3802 -885.7649 2818.913 118.7476 -909.058 2732.432 87.88812 -875.6433 2850.24 
78.59 142.259 -223.7145 2840.317 148.9147 -390.6874 2811.974 154.2248 -525.5889 2800.405 160.7595 -731.7222 2803.374 191.7032 -696.9244 2803.331 322.558 -661.59 2811.871 418.7713 -417.8007 2827.193 461.3225 -251.5845 2688.936 481.1035 -178.7488 2740.633 482.6978 -107.4657 2814.487 447.4685 -142.4445 2706.283 127.7946 -698.3674 2804.427 5.817473 -673.2816 2814.54 -68.86259 -431.0101 2899.892 -112.3176 -214.434 2868.318 -94.27242 -141.5631 2932.087 -67.36895 -88.96297 3013.886 -71.52782 -116.0148 2910.437 228.8185 -220.3513 2840.831 212.807 149.8769 2926.436 199.7542 496.2539 3035.85 211.7285 567.8734 2873.357 64.20461 -226.7471 2839.854 67.46597 141.6239 2746.932 104.897 452.4369 2939.044 60.28977 555.638 2819.99 162.9711 -808.4191 2791.74 130.6781 -872.6174 2657.052 160.5622 -900.8187 2690.805 236.6794 -874.3483 2780.308 111.5466 -895.0295 2696.392 82.9259 -864.7905 2813.697 
78.621 134.73 -220.9945 2799.562 147.3767 -386.7122 2770.949 157.1977 -520.7532 2760.279 165.6563 -725.7372 2765.57 196.1165 -690.8397 2764.522 325.4228 -652.231 2771.569 417.1162 -407.7419 2764.177 451.4663 -261.4706 2604.509 469.893 -187.3064 2653.962 471.4324 -115.3762 2726.465 432.8424 -153.4971 2621.165 132.5759 -692.8367 2766.848 10.97788 -668.775 2776.293 -69.54559 -432.0178 2867.428 -122.4568 -216.5635 2858.852 -95.60029 -138.9919 2912.396 -56.8104 -83.14696 2986.265 -68.58082 -115.9202 2876.312 220.6628 -214.9221 2802.374 205.327 147.7072 2909.496 191.3261 485.4765 3038.012 210.5825 563.9598 2880.437 57.24054 -226.4702 2797.025 98.41995 139.756 2712.854 105.6391 490.4499 2815.463 54.6469 560.3629 2677.41 168.3433 -802.1628 2754.872 123.6463 -848.9792 2617.456 154.7489 -881.6346 2645.127 238.0144 -868.1234 2730.244 106.803 -875.1247 2655.199 88.4893 -858.0417 2776.494 
78.653 123.8281 -214.4777 2764.634 141.8708 -380.991 2739.173 155.7359 -515.1935 2727.316 161.1999 -721.1774 2733.873 192.31 -686.5889 2732.411 322.0876 -646.7863 2731.689 418.6035 -403.9145 2708.07 429.404 -279.5707 2526.605 456.0897 -198.5712 2559.59 465.9283 -113.1266 2615.542 422.1236 -168.7147 2519.731 128.4732 -687.6277 2735.154 7.309347 -658.8226 2744.365 -71.97482 -421.7816 2839.315 -121.9472 -204.8764 2825.232 -96.74978 -128.6151 2882.175 -80.65446 -47.43962 2939.824 -83.35278 -100.7944 2854.206 209.7545 -206.1931 2771.345 184.6684 152.1132 2895.861 158.6457 486.2191 3036.182 212.5152 569.5206 2888.515 46.34441 -221.9482 2758.583 92.01629 142.7505 2663.11 94.12463 507.369 2705.942 52.22788 551.2123 2553.918 162.6887 -798.0478 2723.592 116.815 -845.0408 2585.859 148.268 -877.8451 2613.419 232.5188 -864.277 2698.327 100.1755 -871.3246 2623.885 82.64677 -854.2148 2745.866 
78.685 123.6919 -203.7405 2724.613 142.0074 -369.0797 2697.002 154.8267 -502.9689 2687.907 159.5117 -708.0632 2692.735 190.603 -673.74 2691.491 321.0806 -638.8323 2695.168 411.9019 -395.1967 2670.353 422.5829 -296.1566 2475.069 435.0924 -212.1202 2442.434 441.9559 -110.7836 2431.728 407.6557 -187.4044 2433.829 127.0653 -674.5594 2694.361 6.307446 -645.7634 2700.627 -72.71204 -412.7756 2802.121 -123.7222 -196.7181 2801.621 -111.1126 -123.1119 2865.077 -103.9821 -48.94798 2932.358 -97.58929 -82.74193 2822.084 208.5982 -196.486 2737.493 184.9668 153.7872 2878.667 160.8493 480.1735 3032.494 211.3346 565.6236 2885.854 47.12807 -210.2822 2712.997 64.38849 156.88 2624.875 78.94653 518.996 2577.988 46.39769 528.0864 2418.618 160.6831 -784.4952 2681.87 154.2034 -838.4644 2540.05 179.171 -868.1423 2576.031 237.7688 -846.5785 2678.3 129.951 -864.4159 2573.661 81.13545 -844.6751 2685.748 
78.717 128.7635 -190.1585 2686.252 142.2096 -355.2835 2657.641 151.4673 -489.1461 2649.874 152.5278 -693.7366 2649.649 184.0945 -660.0468 2648.21 314.698 -627.4842 2653.712 409.3152 -385.4892 2636.312 419.4991 -314.873 2429.715 420.7815 -238.5595 2380.634 410.1846 -149.5797 2332.27 398.8614 -220.8099 2360.873 120.8676 -659.8174 2653.127 1.689158 -627.9836 2665.048 -74.78447 -395.1061 2766.669 -128.1846 -180.4531 2774.569 -115.3434 -90.92786 2811.537 -72.40334 -45.15543 2889.504 -86.8055 -72.4108 2769.46 214.0404 -184.7877 2695.332 195.2346 158.7707 2850.063 176.1433 474.7428 3022.666 209.8601 568.103 2876.672 51.8655 -195.0015 2678.065 48.99687 166.952 2573.169 47.07926 521.3378 2488.607 25.64152 511.099 2327.925 151.9418 -769.6619 2636.968 146.0862 -828.2365 2497.45 169.3296 -857.3455 2534.795 226.6853 -834.1937 2637.003 120.4601 -852.0712 2531.396 70.56995 -826.7892 2641.472 
78.748 123.3564 -180.6777 2636.144 137.7108 -345.4382 2611.578 147.9007 -478.6328 2606.843 146.0292 -682.092 2606.959 177.9277 -649.0447 2606.263 308.4351 -620.0474 2614.965 409.4454 -381.6979 2607.279 418.3712 -310.6205 2402.055 409.8751 -261.4092 2326.888 392.1709 -183.2758 2264.947 371.9695 -250.679 2318.279 114.9557 -647.9042 2609.576 -2.522349 -612.6371 2621.643 -77.88741 -384.3695 2730.494 -125.1351 -169.3834 2731.503 -122.7174 -94.44295 2793.307 -112.877 -35.47351 2872.891 -107.4081 -69.9957 2778.885 208.2146 -174.4678 2644.079 195.7416 160.4601 2812.702 184.4688 461.0912 3007.797 211.4551 575.2805 2877.191 46.83606 -186.2774 2628.988 42.99089 175.3361 2530.58 41.59249 530.9141 2460.94 14.10295 527.9779 2301.789 144.6748 -757.6072 2594.453 92.62576 -824.6762 2470.068 129.54 -850.1248 2497.296 218.0028 -818.1235 2569.862 82.8102 -847.3715 2511.777 74.89347 -817.7332 2630.674 
78.78 120.0327 -169.2407 2590.652 131.899 -334.9253 2567.455 139.9113 -468.677 2562.457 137.0031 -672.6554 2568.956 169.1355 -639.7336 2566.316 300.8021 -612.8439 2567.65 405.5573 -377.0522 2597.989 398.2094 -334.1214 2384.338 401.4517 -269.006 2321.534 401.4745 -179.478 2273.536 362.3311 -266.4406 2294.358 106.0953 -638.1111 2571.406 -12.08124 -604.0244 2583.968 -84.32353 -373.7464 2692.701 -135.448 -158.9466 2691.111 -119.1235 -71.76598 2731.529 -127.8489 -45.25953 2827.399 -107.9547 -60.66395 2728.941 205.0707 -164.5093 2600.358 198.2559 170.1061 2772.498 188.098 454.8471 2992.022 222.4502 584.1247 2877.457 43.3501 -173.5073 2581.899 42.5892 188.7352 2481.296 46.24569 549.163 2434.54 33.87669 562.9215 2273.561 134.9002 -748.7478 2558.81 100.3418 -814.1142 2427.077 130.6648 -841.5107 2460.225 207.7423 -813.9807 2546.856 82.27296 -835.8102 2466.682 56.29064 -804.4006 2582.915 
78.828 115.676 -160.2339 2551.967 128.9052 -326.6299 2526.559 137.3735 -461.2006 2520.297 132.193 -666.3955 2529.557 164.9422 -633.5869 2527.848 297.6087 -607.9885 2534.766 398.9097 -372.8148 2587.964 396.2963 -327.9052 2373.117 392.6431 -255.6296 2317.729 369.8256 -175.6895 2258.175 355.775 -262.2075 2258.13 101.3361 -631.3099 2530.186 -17.44848 -596.1703 2542.277 -86.19167 -361.5508 2648.292 -126.5226 -143.0152 2653.37 -116.7678 -56.48807 2698.604 -70.22633 -18.73953 2779.306 -59.82337 -51.05299 2612.16 200.8092 -155.4952 2565.26 199.5307 180.231 2740.859 195.4297 450.9513 2981.282 222.6304 578.6861 2861.371 38.90778 -164.507 2539.98 40.6844 199.7894 2437.389 44.01124 564.053 2402.986 17.65246 580.8315 2242.883 129.7849 -743.1133 2520.326 85.2739 -804.3931 2388.452 119.1074 -832.5205 2417.951 203.2167 -806.4023 2499.425 71.00803 -828.2612 2428.755 54.21384 -802.0186 2548.775 
78.86 106.0365 -152.8236 2501.261 120.1797 -319.5374 2476.572 129.7942 -454.3759 2473.927 123.3615 -659.8202 2484.38 156.3638 -627.1631 2482.546 289.5032 -603.4792 2491.345 388.2403 -362.6441 2520.935 412.2232 -304.0731 2310.371 364.8146 -248.3457 2255.786 334.5926 -171.0456 2195.754 346.4005 -226.8558 2235.094 92.66203 -624.4901 2484.742 -26.62982 -588.9474 2491.705 -94.63422 -357.1031 2605.156 -134.3439 -138.2297 2595.554 -131.3183 -53.00355 2644.417 -85.28333 14.61251 2703.123 -65.07011 -46.38309 2524.551 191.7962 -146.8858 2510.293 204.2912 194.5089 2675.581 209.0446 431.219 2950.339 215.4901 583.5765 2859.317 28.70315 -158.178 2493.116 31.206 207.8583 2394.486 42.67492 573.7968 2411.385 15.05101 601.575 2252.756 120.5106 -736.7022 2475.573 79.99694 -800.3304 2343.231 112.9211 -828.0076 2374.301 194.6151 -800.4844 2458.033 64.43257 -823.5315 2383.542 43.90234 -795.1678 2502.709 
78.891 99.77923 -155.7771 2459.104 112.5129 -325.2354 2437.484 120.7885 -461.8936 2434.08 112.9551 -669.9276 2444.956 146.5881 -637.0821 2442.71 281.0907 -610.9125 2450.803 366.1163 -368.1757 2516.052 392.3718 -224.7037 2347.753 367.0793 -205.3445 2260.951 353.2407 -159.8375 2168.742 353.0844 -206.4797 2224.85 82.11196 -633.9281 2445.614 -35.32277 -588.5007 2455.169 -99.13911 -347.6199 2560.055 -141.0733 -126.3692 2547.749 -147.1685 -51.09706 2612.618 -128.147 16.66565 2686.422 -108.3823 -9.028651 2498.696 186.3244 -150.8424 2471.399 201.0684 211.6168 2598.568 191.0483 416.2233 2903.522 228.61 587.2717 2862.416 21.73763 -160.227 2448.018 27.14699 216.7367 2375.098 41.94935 587.6038 2382.471 16.78515 616.2152 2221.415 109.4379 -747.7883 2436.149 110.4802 -796.0588 2289.604 129.6544 -829.9074 2326.686 181.6141 -817.8889 2436.108 80.61877 -821.2517 2320.289 23.29991 -800.9978 2430.433 
78.923 91.17612 -155.3214 2417.472 106.9255 -325.3817 2394.105 118.1353 -462.6778 2390.188 106.6202 -672.032 2396.684 141.036 -639.5246 2395.377 276.6711 -614.9653 2404.21 356.1433 -377.4906 2496.854 389.7817 -212.666 2348.791 368.5581 -182.6418 2263.323 350.7943 -123.5435 2179.109 351.5144 -183.2394 2227.379 76.19759 -635.3032 2397.865 -41.7081 -589.0601 2408.166 -107.3734 -350.2921 2520.833 -145.3844 -129.6919 2483.528 -149.7194 -50.88611 2545.224 -137.4459 12.42079 2625.055 -107.1168 -13.54448 2476.34 178.5664 -148.4374 2426.273 204.1499 224.9709 2523.92 198.549 402.8287 2847.946 217.8839 580.5181 2819.353 12.37244 -161.529 2409.535 24.96171 220.0501 2350.036 47.11778 589.9595 2397.196 15.80603 621.4794 2236.693 101.8257 -750.1071 2386.155 108.9377 -808.2474 2242.367 127.7809 -839.2648 2282.462 176.0677 -818.5934 2393.118 78.48711 -832.2775 2273.899 16.68214 -806.1373 2381.245 
78.971 85.71843 -164.2831 2378.212 96.71911 -331.6769 2354.503 104.1223 -466.8632 2350.615 95.11721 -672.8354 2349.363 128.5825 -640.4847 2349.686 262.2189 -619.7681 2361.572 343.504 -394.662 2469.219 383.8887 -216.6526 2345.952 366.3143 -168.9996 2269.91 348.6258 -93.76277 2202.412 351.6471 -160.0043 2236.287 64.78654 -637.139 2351.445 -52.32649 -597.8806 2369.894 -118.9673 -358.486 2468.624 -156.6403 -142.9005 2425.579 -175.4035 -68.00504 2486.677 -173.1646 -15.40603 2572.708 -143.3591 -27.64101 2447.209 171.7888 -159.8099 2386.565 200.6968 217.329 2424.832 189.6368 380.6808 2749.183 205.8183 557.674 2757.057 8.104987 -168.3168 2370.679 25.73824 210.0347 2343.073 45.99532 574.6887 2380.735 15.43791 622.3175 2227.146 91.42915 -749.1899 2336.17 124.7703 -830.3018 2211.29 134.344 -853.1691 2258.308 159.8568 -813.509 2369.076 88.70944 -848.3765 2239.341 8.973774 -805.0751 2324.479 
79.002 79.60471 -164.6577 2339.609 90.53819 -331.9026 2318.244 98.60221 -466.5859 2311.895 94.81882 -672.1561 2310.699 127.3552 -639.0642 2311.733 259.6812 -614.6436 2326.627 336.3808 -394.5039 2445.569 379.3386 -198.7256 2355.716 358.4957 -139.8704 2289.249 338.8058 -55.04499 2235.5 345.9672 -141.6705 2241.075 63.64671 -637.3282 2312.048 -54.48823 -601.1309 2327.722 -124.2754 -364.5072 2428.947 -160.2968 -153.0676 2370.015 -190.2212 -84.60738 2433.725 -216.8087 -30.45286 2514.211 -146.4857 -43.70424 2407.924 165.6204 -159.7843 2345.479 194.1879 218.2656 2347.886 173.3383 380.6259 2671.139 195.673 554.9369 2646.763 2.040595 -169.0522 2334.317 22.156 209.0985 2328.684 41.02244 570.3054 2385.587 15.18348 624.1284 2233.663 93.35408 -748.3788 2297.557 116.8236 -822.528 2166.753 130.5305 -847.4766 2211.469 164.7864 -813.0558 2321.269 83.54 -842.437 2196.697 11.02124 -804.667 2290.029 
79.018 78.18521 -165.6335 2305.992 87.21239 -332.4475 2285.386 93.64809 -466.8101 2281.712 94.00712 -671.6292 2279.048 125.747 -638.0247 2280.438 257.2003 -611.8307 2295.436 328.6106 -396.1389 2423.325 371.9768 -187.2497 2374.631 360.6405 -126.4269 2308.102 340.435 -41.76712 2255.019 345.0505 -127.09 2266.262 62.25498 -637.5739 2280.518 -56.53178 -602.8798 2289.551 -133.2685 -363.6531 2375.903 -168.6419 -153.0985 2316.556 -182.6286 -78.08723 2377.767 -197.2199 -9.267904 2449.13 -146.8933 -45.78444 2359.15 163.9444 -161.6774 2311.536 190.0386 212.8346 2269.986 160.4885 400.6996 2576.805 191.9713 567.7238 2528.294 0.8523688 -169.2009 2300.993 21.34489 207.113 2319.089 41.13251 565.3723 2384.804 17.1221 621.15 2233.946 94.12582 -747.4835 2265.409 101.6757 -821.3193 2133.21 119.7021 -846.5638 2175.949 166.2817 -813.2549 2280.958 71.65053 -840.6601 2166.485 10.77457 -802.0645 2266.912 
79.05 80.69623 -167.2182 2274.632 88.05479 -334.0929 2252.814 93.3315 -468.5786 2248.087 93.07031 -673.5597 2250.618 124.8926 -639.9887 2252.132 256.3089 -614.7313 2269.777 319.1407 -379.8124 2364.38 370.3368 -169.0522 2394.72 350.7667 -108.8113 2329.49 317.6575 -27.2626 2277.883 332.3122 -99.04807 2299.446 61.38007 -639.3674 2250.251 -57.61677 -603.9975 2253.146 -140.3137 -363.8838 2331.833 -173.5474 -156.3827 2260.966 -182.0618 -73.76293 2312.788 -174.0948 -13.35727 2392.444 -140.4534 -43.63137 2268.351 166.6216 -164.0004 2279.001 178.4261 206.5807 2205.378 156.4162 426.2781 2491.309 174.2177 577.4276 2401.157 3.21351 -170.1199 2270.693 21.78345 205.1168 2308.575 39.18652 562.4769 2381.095 15.54704 625.4109 2232.88 93.34676 -749.7954 2238.903 104.9791 -813.6514 2101.76 121.1701 -842.2891 2143.123 164.2432 -817.5506 2252.032 73.52599 -835.0508 2132.408 9.36186 -803.2687 2233.293 
79.082 82.96757 -166.1991 2245.537 88.7414 -332.793 2222.648 92.57147 -467.0155 2214.667 93.88059 -671.7097 2219.536 125.3704 -637.9078 2221.198 257.1098 -617.1655 2240.978 313.7605 -376.1763 2322.463 361.395 -175.5803 2395.546 344.8365 -107.7527 2337.47 309.682 -23.18907 2292.767 321.5952 -89.75848 2321.883 61.97022 -637.8205 2218.248 -57.47496 -604.5126 2220.879 -140.0066 -362.7543 2293.41 -173.4158 -161.5988 2206.875 -184.9184 -82.05592 2262.572 -185.2064 -19.35291 2340.688 -157.2027 -50.55696 2233.749 168.6746 -164.1538 2252.271 174.5545 197.2708 2143.218 160.3114 461.3042 2388.749 179.3033 596.0203 2276.019 5.681753 -168.0435 2239.465 24.23674 204.3845 2296.043 41.73722 558.8567 2379.701 16.73174 624.9741 2233.317 94.95396 -747.9789 2208.714 99.70526 -801.0378 2066.836 114.839 -833.8497 2105.32 161.5352 -820.7711 2214.605 67.60618 -822.8277 2096.43 7.722367 -795.4338 2200.989 
79.114 85.57073 -169.4731 2207.864 88.33224 -337.1134 2189.199 90.76218 -471.8917 2184.976 89.52972 -676.8868 2195.956 121.5258 -643.36 2196.546 254.1415 -624.4432 2214.638 311.5828 -386.9993 2307.385 359.8949 -188.4621 2387.065 331.7095 -115.1749 2340.964 298.3378 -37.72547 2283.278 316.6541 -83.47572 2343.357 57.95848 -642.564 2193.722 -62.36625 -611.292 2190.86 -146.3168 -367.1352 2255.89 -175.4819 -167.6369 2162.75 -189.6812 -82.24441 2208.774 -170.9017 -30.79965 2292.959 -158.4451 -51.99453 2165.983 171.7601 -167.8667 2206.187 174.4391 197.7701 2108.182 158.0477 509.8676 2290.421 182.1443 604.678 2142.736 7.849939 -170.9218 2209.376 24.69311 199.8445 2281.783 41.30621 551.0613 2381.901 20.23669 619.2632 2235.38 89.62588 -753.6519 2187.383 81.56387 -809.4585 2046.286 102.1034 -840.9384 2083.547 159.6474 -823.7565 2187.293 53.64664 -831.9828 2079.553 3.920021 -804.8571 2189.738 
79.146 85.9926 -166.0678 2188.942 87.76032 -333.041 2166.337 89.03188 -467.4238 2157.008 87.29102 -672.4442 2160.518 119.3165 -639.0751 2162.544 251.3307 -621.6901 2184.913 310.3962 -386.5349 2281.548 360.0195 -189.8143 2364.182 327.7396 -109.1889 2337.175 303.4965 -61.34481 2250.347 310.4057 -81.52872 2344.85 55.84483 -638.0275 2159.317 -64.69854 -608.059 2159.248 -146.2185 -361.2717 2215.618 -173.773 -166.336 2113.376 -181.7865 -81.02526 2160.785 -177.8078 -29.39151 2246.701 -156.8789 -58.78313 2153.849 172.0992 -165.3549 2190.41 166.8634 190.4096 2062.43 155.6517 524.6911 2199.234 175.2682 597.0948 2038.979 8.346468 -166.7106 2187.618 25.08798 201.8145 2268.712 39.9516 550.2224 2377.055 19.6767 623.7765 2233.244 87.28441 -748.7597 2149.174 91.95905 -807.262 2009.208 106.2338 -838.9345 2049.057 152.5226 -822.6273 2158.274 59.20952 -827.3504 2039.405 -0.912779 -794.8905 2142.584 
79.177 84.9333 -163.7498 2163.367 84.54601 -330.1622 2138.399 83.96194 -464.3573 2128.958 83.22575 -669.0598 2134.452 115.0479 -635.5634 2136.101 247.1931 -616.5607 2154.998 305.9521 -381.8423 2251.918 355.3306 -185.2709 2334.261 315.4577 -104.0655 2326.195 281.69 -37.31485 2256.974 311.0178 -71.50967 2346.226 51.65375 -634.8562 2132.97 -68.89011 -605.6124 2132.164 -150.5177 -357.7205 2181.361 -178.3008 -164.9643 2075.761 -192.0695 -79.95548 2122.102 -186.7569 -34.52319 2211.229 -163.155 -53.9275 2098.97 170.9083 -164.2777 2165.552 167.4532 190.2269 2035.557 159.7127 546.6311 2091.636 174.1419 592.7444 1921.669 7.405862 -163.2737 2161.397 26.04057 202.4643 2251.762 42.6741 546.0439 2372.838 19.64622 626.1991 2233.284 83.57256 -745.3765 2123.864 102.6519 -806.6766 1986.568 113.1209 -837.3121 2028.27 148.0904 -818.258 2141.017 67.26488 -826.4354 2013.748 -3.026687 -792.4807 2109.553 
79.224 86.58105 -155.3174 2123.226 85.91382 -321.409 2102.251 85.26217 -455.1405 2096.961 86.95731 -658.7582 2103.409 118.1327 -625.0239 2105.772 249.0061 -603.7192 2126.087 302.7161 -375.0867 2236.023 346.7358 -173.7097 2305.87 321.0401 -90.2406 2329.052 288.4447 -30.33155 2254.021 285.649 -64.05567 2281.975 55.17247 -625.1423 2100.886 -65.81957 -600.8538 2101.292 -153.3803 -357.8442 2156.892 -176.3909 -168.715 2046.093 -196.6781 -81.73235 2084.669 -195.5666 -30.06307 2169.887 -158.6504 -54.77775 2053.172 172.1388 -155.7677 2124.07 163.6186 205.0663 2019.902 158.8664 563.1704 1994.714 174.6308 585.6073 1821.07 9.429873 -154.9114 2122.465 26.02177 203.3057 2233.037 44.13284 537.8745 2372.169 16.74066 624.696 2238.484 88.56055 -734.7201 2093.263 97.03627 -783.8408 1950.953 109.8513 -817.887 1988.839 152.6636 -809.0219 2099.473 63.5052 -805.4363 1978.636 0.9154249 -779.3778 2081.201 
79.256 85.98826 -143.821 2088.435 86.18645 -310.2297 2070.623 86.29795 -443.9648 2066.595 89.25726 -647.4562 2074.411 120.226 -613.5288 2076.421 250.0092 -584.4412 2093.551 301.8891 -365.7374 2222.696 341.4644 -158.6163 2276.304 329.5362 -85.29945 2327.705 303.7368 -33.74356 2244.332 286.9528 -51.03608 2245.144 57.26869 -614.062 2071.788 -63.59092 -589.6597 2075.924 -156.2693 -351.3175 2142.044 -180.4454 -178.4189 2007.631 -184.2964 -86.33927 2038.715 -180.4886 -5.849168 2097.314 -150.638 -67.72771 2004.689 171.5236 -143.7616 2088.833 165.4058 218.8258 1991.216 158.663 571.1366 1923.051 173.9441 573.1801 1747.988 8.857317 -143.8745 2088.077 25.95671 209.2738 2213.483 46.66798 531.7454 2378.172 17.23226 622.1825 2247.411 91.2825 -723.4503 2064.776 99.90126 -772.3555 1922.451 114.8073 -805.7073 1960.166 158.7746 -794.7156 2070.114 67.81107 -795.4054 1950.637 5.627436 -772.0668 2054.054 
79.288 83.97719 -132.2278 2057.453 86.39807 -297.638 2040.201 88.49541 -430.4937 2035.136 93.11571 -632.8172 2038.495 123.5794 -598.8926 2041.529 250.4049 -561.1308 2057.368 304.3975 -354.0355 2200.789 342.5571 -149.5974 2259.99 356.4224 -89.28851 2325.026 315.7232 -37.77113 2248.622 300.6279 -42.66661 2225.632 61.06446 -599.8502 2036.309 -58.96129 -575.1 2039.959 -154.3226 -344.5225 2121.497 -175.9251 -171.3799 1989.202 -181.8675 -76.06525 2004.133 -171.8388 11.50822 2049.243 -147.8746 -65.12475 1953.259 168.9604 -130.8298 2055.975 167.0591 229.5198 1958.802 163.6655 579.6045 1890.563 176.3813 586.0723 1716.493 7.344075 -133.4884 2058.786 24.81746 215.6362 2188.421 45.44135 520.4333 2379.71 21.17752 622.6247 2258.098 95.87348 -708.0928 2027.286 102.0781 -763.8491 1888.379 115.9552 -795.597 1927.397 160.5472 -780.8073 2035.846 69.57401 -784.257 1917.594 9.113614 -753.957 2019.313 
79.32 83.05563 -120.8663 2026.918 85.26492 -286.6847 2010.302 87.56155 -419.8493 2006.476 95.27627 -622.4457 2011.908 125.3977 -587.9905 2013.377 252.3209 -547.3309 2021.816 310.2422 -343.0212 2168.602 347.0724 -139.4847 2233.121 355.8045 -60.02819 2274.381 313.3986 0.2994351 2205.448 305.2362 -45.87998 2164.627 62.62037 -589.8971 2010.607 -58.11563 -567.6913 2015.406 -153.2662 -334.1941 2090.336 -189.9487 -155.6444 1968.201 -157.6048 -64.53413 1962.372 -164.6666 17.34611 2017.963 -149.5307 -55.58431 1959.642 168.0932 -119.2656 2022.251 167.656 243.7851 1932.476 165.8217 596.6061 1875.383 174.9356 611.3986 1701.238 6.373547 -122.3096 2031.126 23.80483 224.9651 2167.732 51.48785 518.9997 2375.637 25.59407 624.5005 2256.786 98.70135 -697.9536 2001.415 110.2713 -763.2164 1866.727 121.9625 -792.4585 1908.468 161.9918 -770.8097 2017.803 76.13935 -781.2523 1895.808 11.54335 -743.3394 1992.613 
79.351 88.17124 -112.3408 1992.119 87.66689 -277.181 1973.278 88.37288 -409.8109 1971.768 95.84408 -611.5714 1970.289 125.919 -577.3636 1972.062 254.0986 -543.4 1981.569 316.6205 -345.9349 2133.701 354.5285 -139.4637 2183.277 360.8566 -62.32343 2228.318 345.8041 -11.27992 2143.077 311.9216 -39.09233 2139.249 63.36864 -579.1163 1970.958 -56.08715 -555.774 1982.93 -148.99 -324.3141 2062.703 -187.3971 -145.1696 1943.78 -153.7195 -55.43986 1933.225 -161.3672 27.25183 1986.702 -157.9444 -49.54001 1923.105 172.6872 -111.8125 1985.234 169.1774 252.4512 1908.355 165.8155 603.8342 1852.513 164.1181 617.6368 1678.847 11.95946 -112.8172 1998.327 25.55498 231.1942 2138.982 52.68995 511.8531 2362.077 20.48257 622.3916 2250.552 98.83473 -686.3556 1957.272 107.4343 -753.4857 1824.038 121.1468 -781.5489 1865.679 164.0725 -757.0779 1972.72 74.88038 -771.6969 1854.429 12.93456 -733.7089 1952.237 
79.383 93.59599 -104.6357 1961.545 94.09225 -269.7534 1943.3 95.23572 -402.4977 1939.363 101.6608 -604.3539 1948.356 131.9256 -570.1945 1948.835 261.069 -538.3593 1954.031 324.5715 -335.5673 2099.135 366.0699 -128.1119 2142.525 375.2656 -54.49464 2192.879 362.5515 -0.5320683 2108.915 319.6135 -31.17973 2104.936 69.31174 -571.7189 1946.859 -50.38265 -546.7531 1953.611 -145.8277 -316.7249 2035.578 -185.0097 -130.299 1928.149 -149.7131 -41.51365 1914.301 -165.7468 29.90451 1980.808 -156.0241 -31.98374 1908.992 178.292 -103.7318 1955.669 170.6994 261.3927 1880.923 162.9252 614.2627 1832.536 158.3888 641.5502 1660.302 17.22185 -105.4508 1966.844 22.21809 238.2985 2109.928 47.86314 501.0663 2354.67 21.16479 623.194 2254.018 104.4523 -679.8157 1939.226 126.8072 -748.6389 1808.262 135.5468 -776.408 1851.492 166.8231 -751.1553 1962.481 90.85715 -766.1674 1835.118 18.94567 -726.3408 1925.267 
79.415 99.04001 -105.2632 1931.36 99.37236 -270.4669 1911.134 100.7647 -403.4825 1908.042 106.3561 -605.8876 1912.924 136.8202 -571.8073 1914.113 267.2016 -545.7441 1924.458 337.197 -337.9526 2060.054 385.6 -128.3947 2083.756 383.8268 -53.58161 2133.454 373.1374 7.1324 2053.696 351.1835 -33.37193 2143.367 74.08286 -573.0322 1912.083 -45.404 -546.9907 1921.94 -137.0102 -311.2041 1992.754 -178.3294 -116.2978 1901.56 -146.103 -25.59589 1911.069 -156.0116 25.75897 1995.226 -136.818 -17.43531 1906.47 183.7912 -104.2081 1924.135 172.2343 263.1569 1857.831 161.3663 618.8214 1829.825 155.2975 660.9079 1660.305 22.61615 -106.2146 1937.875 18.27197 244.0517 2066.255 40.29451 482.6255 2335.869 20.83816 620.551 2255.53 108.8418 -681.3007 1902.237 123.9706 -760.5419 1775.885 134.3006 -785.1236 1820.782 171.2066 -751.9812 1928.145 88.97658 -775.2819 1805.682 21.88102 -727.1709 1895.816 
79.446 106.7762 -101.1748 1899.009 106.2798 -268.1325 1884.649 105.9949 -402.0998 1884.364 110.8387 -605.9672 1884.464 141.638 -571.8104 1886.545 274.7167 -567.1889 1903.813 331.5807 -339.0633 2013.811 384.4225 -128.477 2031.763 414.3708 -95.76508 2110.59 373.0464 -9.969674 2075.482 359.3688 -17.30741 2084.815 78.47295 -572.7514 1884.324 -44.82337 -572.0635 1891.832 -120.4476 -328.362 1961.39 -170.9549 -127.0074 1886.719 -145.8364 -33.58125 1897.885 -148.9545 33.403 1971.749 -127.2104 -26.40601 1891.523 192.4179 -101.3551 1898.144 181.7242 268.499 1831.114 158.4111 627.1099 1832.199 151.0071 667.3118 1661.047 29.54924 -101.0123 1899.788 18.66267 247.606 2039.223 36.02719 472.7719 2323.611 25.21372 614.2796 2245.704 113.0792 -681.6285 1871.915 113.3441 -764.2255 1745.587 131.3475 -787.2274 1789.3 182.2374 -749.2739 1890.041 83.57703 -779.7148 1780.739 27.75892 -731.6867 1879.344 
79.478 109.3063 -105.576 1872.374 109.6908 -272.6896 1854.856 110.6808 -407.0083 1853.267 115.6548 -611.4051 1856.223 146.5518 -577.1198 1857.238 280.428 -580.4584 1871.15 337.0105 -352.657 1983.603 389.919 -141.9798 1960.472 427.7312 -105.7296 2034.508 386.1916 -26.31005 1986.298 361.5121 -25.63677 1970.81 83.18529 -578.1143 1856.209 -40.04425 -586.9128 1865.089 -106.7848 -337.9052 1927.291 -160.1197 -130.944 1870.217 -156.2533 -42.13865 1910.643 -152.1975 27.64592 1982.2 -114.6925 -26.76467 1887.689 195.055 -104.8886 1867.699 183.6774 268.2006 1814.377 161.3528 627.005 1839.071 155.3745 670.5321 1668.185 31.98291 -106.1958 1876.59 13.85797 252.6764 1989.482 33.1336 453.9362 2292.332 25.32223 606.11 2236.335 117.7089 -687.4448 1844.694 121.1745 -761.7402 1712.888 140.5766 -786.7101 1755.067 190.3341 -752.8906 1858.201 92.31934 -780.9526 1747.133 34.70701 -742.0832 1849.102 
79.51 112.3407 -113.7354 1847.964 113.4253 -281.4075 1829.031 114.9465 -416.265 1825.992 121.3534 -621.4324 1831.612 152.1245 -586.7698 1832.544 286.4263 -589.3961 1847.953 355.3384 -354.6085 1939.83 419.6512 -149.4011 1896.495 419.1872 -99.32499 1972.568 421.5579 -22.72444 1904.953 378.417 -42.21732 1889.001 88.51398 -588.2387 1830.81 -35.56355 -592.0897 1838.677 -99.31748 -342.1422 1904.908 -150.9179 -134.4455 1845.329 -145.9278 -49.66856 1894.365 -138.6875 26.42895 1959.543 -106.4008 -27.73313 1859.601 198.4545 -112.6607 1843.38 186.4374 263.6955 1803.554 163.9697 623.4688 1835.317 155.172 673.7751 1665.646 34.68819 -114.7045 1852.098 7.257752 251.5003 1942.694 37.06032 449.3167 2248.8 29.68155 609.0268 2216.937 124.0848 -697.9166 1821.025 106.3892 -771.8514 1689.42 132.0254 -797.2834 1728.132 197.735 -764.2119 1822.819 82.95995 -791.1252 1727.815 42.01456 -752.2319 1838.123 
79.541 115.6791 -115.8187 1824.479 118.6745 -282.9183 1803.708 121.766 -417.4695 1800.011 127.5432 -622.2577 1805.532 158.3486 -587.7518 1806.637 292.2433 -594.2823 1822.119 357.792 -355.3347 1903.709 418.0645 -156.168 1835.617 415.7284 -97.75649 1905.225 410.8002 -30.63455 1828.578 378.5851 -49.48509 1808.62 94.8677 -589.0341 1804.586 -28.9737 -594.2154 1811.526 -91.92968 -345.9753 1882.675 -142.5332 -136.2369 1831.615 -142.6595 -47.90571 1873.766 -134.4814 9.403374 1955.625 -103.8694 -28.65599 1847.391 201.6111 -113.7211 1819.997 185.8636 263.0838 1795.784 160.8189 621.5328 1832.221 154.363 677.6749 1664.648 38.19054 -117.7102 1828.521 9.216994 253.1219 1892.965 47.59789 435.8657 2206.543 25.35306 596.8376 2198.373 130.1031 -698.5944 1794.935 122.1992 -775.3984 1664.367 143.6589 -800.3279 1705.716 201.5005 -766.3382 1804.812 95.07364 -793.0847 1700.928 45.6886 -750.4668 1806.009 
79.573 115.2363 -121.7425 1805.338 119.6476 -286.3617 1781.198 124.1032 -419.2579 1776.349 131.0601 -621.6794 1776.963 161.3432 -587.4283 1777.83 293.9366 -580.425 1790.308 368.5044 -343.923 1860.806 427.004 -153.3847 1776.589 430.4774 -88.68466 1838.814 423.2757 -23.03087 1762.659 384.2189 -51.63807 1746.583 98.58125 -589.0281 1777.851 -23.57895 -590.6375 1789.113 -84.44318 -346.06 1863.137 -135.1651 -137.8632 1817.379 -137.7855 -47.86387 1852.722 -129.3864 11.96121 1931.261 -102.9401 -29.17797 1826.096 200.0894 -118.7085 1800.154 184.7309 254.2828 1788.778 161.2865 608.4783 1826.148 155.0132 677.6048 1665.75 38.72058 -124.4783 1810.012 4.542485 245.9197 1838.732 52.32463 428.0258 2146.383 12.87097 582.3713 2168.233 133.6393 -696.8464 1764.682 124.0231 -782.7751 1642.22 144.4684 -804.5641 1685.044 202.3279 -764.6595 1780.161 96.67544 -796.5207 1679.541 48.82527 -744.7759 1779.409 
79.637 116.7808 -122.0535 1788.502 121.331 -287.5346 1764.141 125.9608 -421.1689 1760.306 133.1861 -624.659 1758.958 163.6044 -590.1962 1759.571 296.8819 -579.9189 1769.944 371.1851 -336.1211 1817.024 417.9715 -151.9154 1711.195 432.4723 -84.79176 1769.851 413.1981 -38.71132 1681.671 369.9274 -46.91453 1720.457 100.5207 -591.8838 1760.756 -22.05275 -593.4771 1774.426 -80.54688 -347.08 1849.309 -129.7041 -138.2759 1799.203 -138.222 -49.47278 1837.9 -128.8027 6.24191 1919.938 -99.20604 -27.00194 1804.113 202.0889 -118.9503 1783.357 184.4944 256.1087 1781.973 160.0503 611.2318 1827.297 154.8967 675.4979 1663.848 39.85469 -124.8518 1793.142 2.577789 248.227 1803.148 53.06335 430.7891 2112.356 11.64451 586.9794 2117.084 135.6298 -700.1099 1745.884 126.5441 -784.7924 1621.546 146.0751 -807.5554 1664.63 203.3567 -769.5594 1761.646 98.2522 -798.6403 1658.457 49.3974 -747.1185 1758.753 
79.668 114.5429 -124.2072 1775.127 120.4478 -289.4059 1748.572 126.7243 -423.0315 1744.118 135.6459 -626.5634 1741.782 165.7955 -591.8307 1742.431 298.9069 -578.6104 1752.606 371.2071 -331.8729 1786.46 405.0185 -164.3571 1651.661 430.8538 -99.11205 1708.595 406.0908 -51.55777 1622.526 369.5358 -52.49778 1657.355 102.6971 -594.0524 1743.872 -19.89743 -595.5664 1757.999 -79.88577 -350.4564 1836.383 -129.3373 -141.79 1785.438 -134.2245 -48.37701 1812.216 -127.3717 1.472726 1898.254 -98.72076 -31.93226 1788.032 199.6765 -119.9584 1767.626 182.8614 255.2841 1775.001 161.087 609.6054 1828.812 153.9329 677.0425 1666.611 37.77416 -128.0385 1781.891 7.831233 245.7298 1766.362 45.46435 443.9147 2067.935 8.072552 600.9341 2057.43 138.6655 -701.973 1728.335 131.9134 -779.7096 1599.295 151.1943 -804.6633 1641.303 206.9749 -771.5605 1741.033 103.3269 -795.8864 1635.051 52.74168 -750.5069 1737.521 
79.7 117.5016 -121.6546 1763.495 123.1529 -287.5207 1735.24 129.0835 -421.8109 1728.542 140.2382 -626.2621 1721.725 170.1811 -591.0335 1723.011 303.686 -574.7396 1733.387 372.216 -325.6175 1768.618 411.1608 -182.9334 1607.292 425.6054 -106.9501 1654.984 409.1342 -79.6278 1558.139 370.6975 -72.34621 1618.296 106.7677 -593.9843 1724.669 -16.3871 -594.638 1739.928 -75.6311 -350.8441 1827.4 -127.4885 -143.0635 1770.305 -136.1947 -48.65882 1794.471 -121.2121 -0.67541 1881.177 -96.04618 -31.82572 1760.287 203.1447 -117.5147 1756.321 183.143 259.6066 1765.836 159.6964 612.847 1836.66 155.2172 673.3265 1670.607 40.27346 -125.3878 1769.963 8.117568 249.8682 1746.448 49.00964 466.67 2037.01 4.666798 615.265 1987.945 144.0293 -701.742 1706.554 123.11 -793.252 1587.471 148.8426 -813.2957 1629.014 216.3941 -768.3254 1716.906 100.0031 -806.3314 1628.441 61.51258 -751.3527 1732.277 
79.731 118.0038 -124.9866 1752.155 124.1652 -290.5623 1722.245 131.0488 -424.8636 1716.457 140.2488 -629.4596 1710.468 170.5284 -594.4961 1711.118 304.8612 -584.6732 1718.786 374.1743 -334.5075 1743.818 409.3599 -204.7562 1571.08 416.039 -121.6069 1607.134 393.1883 -102.3728 1509.631 365.4523 -90.60109 1564.234 107.1176 -596.861 1713.771 -15.81825 -599.2676 1730.641 -73.94972 -352.5134 1810.295 -126.6784 -143.7942 1757.491 -135.4418 -49.08518 1780.458 -124.5139 0.2092607 1867.047 -93.43763 -33.02487 1748.17 203.4795 -120.2293 1743.427 182.1395 256.5645 1761.097 158.6097 607.6169 1842.219 155.6892 673.576 1678.21 40.9266 -129.2765 1760.025 8.020956 244.9537 1723.925 32.7263 490.8143 1992.387 -5.054321 634.2013 1925.511 143.1221 -705.0502 1695.607 129.3307 -785.9428 1568.079 153.035 -809.4114 1609.038 215.4666 -771.9497 1703.972 104.2251 -802.6517 1606.479 59.82444 -757.1046 1712.513 
79.763 116.9367 -123.4918 1740.058 122.8354 -288.9529 1710.335 129.2762 -423.0958 1703.365 139.4702 -627.4892 1698.656 169.5481 -592.4031 1698.932 304.0492 -586.3433 1705.242 376.4941 -337.7838 1734.541 407.351 -227.3845 1548.306 414.7464 -141.9334 1578.081 400.5195 -110.0871 1482.356 366.8874 -121.4318 1503.934 106.2221 -595.0663 1701.909 -16.51778 -597.3828 1719.368 -71.33202 -351.3976 1802.845 -122.7588 -144.5066 1742.902 -137.1205 -49.25166 1759.535 -126.2265 -6.943241 1849.645 -91.01418 -33.79313 1725.233 202.3898 -118.9587 1731.782 181.995 257.1475 1756.413 160.2985 606.3464 1844.286 155.9144 671.1506 1680.025 39.87989 -127.5794 1747.521 11.92018 246.8925 1713.446 30.12648 514.7927 1959.987 -4.269304 639.1407 1861.167 142.6496 -703.0895 1684.284 138.8289 -783.285 1555.796 160.2578 -806.5433 1598.045 215.553 -768.5522 1696.971 111.6378 -800.7307 1592.347 59.56283 -756.8337 1695.411 
79.795 116.1553 -122.4426 1728.853 122.6827 -287.3168 1698.928 129.987 -421.0398 1692.765 140.3777 -624.7194 1685.572 170.3278 -589.7375 1686.954 304.1127 -581.724 1696.586 370.712 -330.9094 1707.884 401.3606 -226.5402 1518.948 407.9814 -141.0457 1547.917 386.9797 -130.9668 1449.058 344.3583 -142.9727 1464.486 107.1495 -592.4543 1688.536 -15.29785 -592.635 1705.487 -71.29537 -350.6232 1796.825 -121.166 -146.9201 1727.846 -136.7043 -58.07526 1764.762 -123.0014 0.4888438 1844.444 -92.43188 -33.65167 1713.925 201.1901 -117.3628 1719.414 180.5393 256.6033 1755.818 160.4998 604.7979 1843.517 155.8484 670.7387 1680.303 39.47561 -127.0232 1737.365 14.16444 246.1797 1700.261 23.0222 532.9247 1923.345 -12.51797 644.9559 1811.835 143.9008 -699.8877 1670.311 141.5562 -783.4958 1544.541 162.6648 -805.3607 1587.487 216.7691 -764.4054 1685.44 114.2187 -799.9667 1581.235 61.226 -753.5276 1682.241 
79.827 115.1092 -122.4273 1720.172 121.0459 -286.7319 1691.033 127.8643 -419.804 1683.016 136.8914 -622.6566 1675.461 166.939 -588.0151 1676.709 300.1791 -580.0316 1685.861 373.2535 -332.1418 1696.007 405.3275 -232.7706 1505.697 398.8159 -146.4883 1530.897 378.7241 -136.0347 1432.336 337.7039 -164.6753 1446.021 104.0275 -590.3282 1678.669 -18.06632 -593.3187 1693.957 -72.04856 -352.0575 1785.205 -119.2273 -146.9711 1721.677 -137.1987 -55.28653 1747.891 -129.1944 -3.726594 1832.501 -97.5094 -33.98453 1713.172 199.6025 -117.4413 1709.272 180.0165 254.6254 1748.894 161.9486 599.5129 1843.49 155.1607 668.2019 1682.313 38.91785 -126.9234 1730.001 11.93048 244.72 1694.814 17.73314 546.684 1894.108 -15.38864 649.8264 1774.576 139.8351 -697.4968 1660.121 136.7037 -779.8532 1534.322 157.6646 -802.0585 1576.887 211.9983 -762.313 1674.589 109.4506 -796.3295 1570.798 57.1921 -750.449 1671.798 
79.858 111.7863 -122.3863 1708.065 120.6596 -287.0087 1681.311 129.649 -420.0243 1673.935 137.4612 -622.9895 1666.612 167.7238 -588.5239 1667.971 300.8893 -579.6168 1677.846 374.0732 -332.3522 1698.626 406.5203 -236.2649 1506.635 382.026 -151.6882 1525.954 372.8962 -135.028 1426.596 334.6756 -169.9308 1445.33 104.774 -590.4473 1669.633 -17.43402 -590.4338 1684.559 -74.79952 -348.9537 1773.33 -124.0512 -144.9228 1707.808 -138.7069 -53.81487 1737.903 -133.6146 3.702581 1818.849 -96.6588 -32.68764 1703.085 196.2284 -116.0814 1697.276 176.8115 254.7193 1748.181 159.0544 599.9397 1841.975 153.3442 671.9888 1682.178 35.64106 -128.0718 1717.794 10.71958 244.596 1692.165 12.99674 561.5298 1866.954 -20.93081 651.2004 1737.165 140.0164 -697.881 1651.353 129.6456 -782.6762 1527.53 152.5529 -804.2686 1569.42 212.2193 -763.1813 1663.423 104.1346 -798.1466 1565.685 57.55393 -749.7261 1668.304 
79.89 110.5331 -122.5328 1704.21 118.9885 -287.549 1676.643 127.594 -420.9303 1668.259 135.5122 -624.4161 1658.916 165.8512 -589.8407 1660.409 299.3062 -578.4821 1669.221 364.5299 -328.3109 1691.307 394.4653 -220.6144 1504.402 376.4602 -136.0176 1530.749 369.6297 -128.3894 1429.808 326.9384 -155.7689 1440.698 102.7272 -591.8305 1662.475 -19.85768 -591.6892 1677.345 -77.42464 -349.6928 1766.916 -126.6348 -144.4208 1703.055 -139.3501 -54.97456 1739.32 -136.2857 5.309645 1818.705 -100.1201 -31.99737 1707.207 195.2439 -116.389 1693.416 177.6293 255.3948 1746.023 162.2607 601.5629 1840.829 152.8442 671.1972 1679.568 34.14568 -128.073 1713.944 11.32482 246.2082 1694.201 10.90947 574.0223 1850.162 -15.26489 653.059 1711.378 138.0222 -699.3797 1642.878 129.1511 -778.9784 1515.009 151.4095 -802.5204 1556.391 209.9943 -765.6622 1653.233 102.9327 -796.0045 1552.194 54.8655 -751.6837 1656.406 
79.922 104.662 -121.8104 1692.861 114.6159 -286.3753 1668.154 124.5887 -419.1167 1661.656 132.6922 -621.6768 1653.947 162.8441 -587.2434 1655.656 295.805 -580.1942 1666.374 358.6415 -330.3157 1683.417 383.7575 -210.8074 1504.371 369.6905 -128.3311 1537.475 370.9246 -127.4521 1436.518 322.6245 -138.2774 1444.454 100.0016 -589.2403 1656.744 -22.13951 -591.9182 1669.992 -81.07468 -349.556 1753.731 -129.9356 -143.4367 1696.33 -145.5865 -51.63835 1723.054 -138.237 8.179438 1801.905 -112.5598 -30.55687 1690.615 188.7083 -114.9006 1680.698 175.4604 253.1281 1746.407 163.9133 598.5321 1837.92 152.6744 672.4646 1679.643 28.87367 -128.0413 1703.83 7.619897 245.0148 1700.011 13.03827 583.1835 1827.006 -15.55191 664.5136 1690.962 135.4686 -696.39 1638.568 136.1688 -780.3963 1514.116 153.2189 -802.8773 1558.155 203.1061 -764.3397 1658.448 105.913 -794.8856 1548.928 49.8277 -744.9182 1645.606 
79.954 101.1531 -120.2329 1683.479 111.2438 -285.0738 1661.168 121.6565 -417.8402 1657.363 128.6677 -620.3315 1648.664 158.9964 -586.0691 1650.257 292.1562 -582.1215 1659.416 350.4449 -331.8451 1683.844 370.0237 -202.3731 1511.24 366.0176 -121.6476 1550.711 360.2222 -106.9425 1451.022 318.0906 -113.7325 1459.077 96.17847 -587.7564 1651.902 -25.79144 -588.6821 1666.507 -85.09211 -345.325 1746.747 -132.4665 -139.3792 1687.786 -146.6138 -51.97374 1727.026 -142.4613 11.48269 1803.177 -112.3671 -26.25945 1691.754 184.9579 -113.2726 1669.958 173.8849 253.5975 1741.556 164.9126 598.0735 1836.321 152.3129 670.0637 1677.319 25.58263 -126.5092 1695.673 3.123715 246.3182 1701.762 7.840516 585.1329 1826.695 -18.63766 672.6055 1694.144 130.9285 -694.9608 1632.926 131.3732 -773.4991 1505.013 149.2012 -797.6055 1547.846 199.6583 -762.739 1649.144 101.7101 -789.8809 1539.471 46.05444 -744.9067 1638.761 
79.985 101.3082 -118.3606 1675.779 110.3218 -283.4264 1654.149 119.435 -416.3627 1651.017 124.478 -619.0067 1642.497 155.1471 -585.043 1644.481 288.1966 -580.9236 1655.752 344.1992 -330.6803 1686.271 374.9194 -184.8575 1528.884 353.4303 -106.6349 1567.832 341.04 -72.33292 1473.671 310.9851 -94.11053 1483.232 92.27187 -586.0831 1645.287 -29.93212 -586.5112 1658.313 -89.85004 -343.507 1739.525 -136.5943 -136.1255 1684.904 -154.5202 -45.21278 1713.209 -147.1706 7.610474 1796.917 -125.3622 -23.00882 1684.848 185.597 -112.3245 1664.84 172.6142 254.0419 1739.465 160.3066 598.2119 1835.533 156.1347 675.5107 1678.508 25.30116 -123.8036 1685.643 4.659328 248.2792 1713.731 7.360449 591.6309 1826.157 -18.31211 677.2808 1692.181 126.1809 -693.6962 1626.817 128.5524 -779.498 1503.602 146.1074 -800.967 1547.951 195.2547 -759.9142 1647.621 98.63275 -794.108 1538.659 41.57863 -743.9102 1634.661 
80.034 96.77225 -118.0804 1668.787 105.4478 -283.7043 1648.1 114.38 -417.009 1646.189 119.7295 -620.1971 1638.848 150.4211 -586.1012 1640.854 283.6558 -580.579 1653.233 340.6559 -329.8419 1683.3 376.5602 -160.1389 1552.438 340.285 -88.18373 1592.99 330.749 -40.13584 1504.402 305.8818 -66.74957 1515.619 87.38647 -587.2147 1641.232 -35.15869 -585.1697 1653.783 -94.26524 -341.4426 1735.549 -139.1443 -133.5221 1679.239 -158.6407 -43.13163 1708.969 -149.8973 3.914501 1796.209 -135.4909 -20.75864 1685.107 181.2599 -112.2591 1657.612 172.4771 254.4824 1735.609 164.5785 598.6046 1835.553 153.5863 680.0552 1680.482 20.58597 -123.3298 1678.864 4.1387 248.795 1718.989 7.744289 596.3814 1820.768 -19.43187 680.1299 1685.411 121.6321 -695.1592 1623.57 116.7744 -770.9887 1493.615 137.806 -795.5863 1534.873 193.2697 -761.4323 1634.182 89.56862 -789.0527 1529.432 38.43252 -747.843 1633.129 
80.065 93.36855 -118.8777 1659.721 101.0239 -285.1498 1641.425 109.4894 -418.7486 1640.704 116.1208 -622.3666 1636.284 146.6629 -587.9814 1637.43 280.0621 -578.571 1648.334 338.7701 -328.5647 1684.733 375.6732 -142.3998 1578.094 333.6789 -76.17422 1623.03 338.647 -23.08756 1536.757 298.9113 -55.49184 1550.017 83.52718 -589.5017 1638.567 -39.18003 -588.9063 1651.939 -97.54671 -343.8629 1731.884 -143.401 -136.6893 1672.095 -162.9157 -44.61481 1696.823 -157.8843 8.235849 1781.199 -135.2467 -23.25374 1670.719 177.633 -113.4631 1645.771 169.0614 252.881 1728.888 161.7387 596.3698 1833.374 155.9223 678.3105 1677.906 17.38354 -123.7603 1672.3 4.208298 247.6766 1724.715 7.035092 597.8864 1819.73 -23.82282 680.3634 1684.019 118.3494 -697.6743 1622.063 113.0991 -772.2647 1491.082 134.1923 -797.3841 1532.119 190.0045 -764.3253 1631.869 85.86807 -790.6835 1526.822 34.9024 -750.386 1631.233 
80.097 91.28454 -118.8746 1655.005 98.66434 -285.2898 1636.366 106.447 -419.0631 1635.456 113.031 -622.9318 1634.395 143.6137 -588.5057 1634.894 277.074 -577.4496 1645.138 335.1593 -327.7507 1686.197 371.1745 -133.7735 1593.669 326.2737 -76.4666 1647.379 346.4279 -11.4971 1572.018 290.3674 -48.37259 1590.875 80.41759 -589.9925 1636.217 -42.61424 -588.1467 1647.463 -102.8858 -343.0911 1726.83 -148.21 -134.8586 1669.554 -164.5892 -44.60719 1702.347 -152.3025 11.17825 1784.168 -134.4834 -20.64945 1668.131 176.0766 -113.8657 1643.855 168.5877 252.906 1726.892 161.9795 597.2834 1829.721 151.6985 677.6675 1673.476 14.82382 -123.3913 1665.058 5.265313 246.5779 1729.864 5.75981 598.2126 1820.962 -24.55552 677.6338 1683.13 115.21 -698.541 1621.406 112.9863 -767.7258 1487.237 134.0985 -794.1635 1527.496 188.1107 -764.2285 1629.344 85.67035 -788.1656 1521.863 32.62803 -753.2314 1627.311