93.027 233.033 -458.062 5547.238 230.8819 -640.6602 5520.721 230.5182 -787.8355 5510.654 238.0082 -1012.212 5505.833 202.1979 -976.5067 5502.245 59.8046 -937.1962 5495.888 17.84195 -662.4283 5562.493 -17.4667 -431.7943 5618.261 6.723856 -395.9199 5707.968 30.96545 -345.8957 5804.924 13.00025 -389.0021 5748.299 271.4336 -973.7195 5508.843 394.0999 -938.356 5555.794 464.4704 -656.0004 5544.041 525.2857 -421.1319 5531.658 508.7675 -372.2176 5625.649 493.2566 -351.2962 5732.371 451.5365 -387.2037 5629.539 139.4093 -458.6065 5558.582 112.6768 -77.92822 5719.276 146.2316 315.8641 5699.333 135.651 447.16 5841.441 317.4576 -457.571 5537.009 300.1261 -52.81639 5620.421 278.1867 343.7924 5666.554 320.5179 446.0516 5806.314 239.4859 -1095.83 5517.846 227.2764 -1083.07 5683.107 197.8744 -1125.987 5657.706 145.5683 -1145.58 5539.076 251.435 -1127.274 5665.052 315.3946 -1166.472 5552.193 
93.058 224.9837 -457.0336 5488.22 227.0031 -643.1625 5460.92 229.5673 -793.4695 5456.241 236.1571 -1021.202 5478.781 199.6453 -985.1773 5472.407 55.66605 -940.5432 5473.781 16.05359 -655.7228 5520.961 -18.07408 -416.626 5559.528 -6.409842 -384.9238 5655.287 23.00715 -355.7939 5761.445 8.060951 -401.9927 5705.004 270.4801 -982.1887 5475.5 397.4022 -939.0662 5511.043 469.0795 -653.2051 5474.889 529.7686 -415.1277 5443.593 522.1829 -384.8649 5548.379 522.7588 -359.3252 5657.427 464.1307 -390.0741 5565.61 128.9865 -458.8318 5493.379 80.41411 -86.43627 5686.201 94.14649 307.6808 5601.008 80.67915 458.4884 5727.904 311.5486 -455.412 5483.567 295.7076 -54.55282 5613.55 266.125 351.1961 5640.193 299.8109 457.1564 5783.977 237.9308 -1104.354 5501.203 227.5667 -1076.11 5667.959 196.9374 -1121.746 5646.443 142.0341 -1152.05 5528.382 251.6162 -1122.873 5653.421 315.1465 -1173.628 5541.721 
93.105 218.4256 -444.9302 5441.356 234.0643 -624.9128 5432.5 246.467 -768.8331 5425.93 263.3722 -987.5159 5444.423 226.6789 -954.5671 5438.3 84.7924 -925.9422 5430.919 16.56328 -660.7629 5490.256 -41.76014 -438.116 5538.446 -26.655 -398.4361 5626.358 15.80906 -361.712 5720.431 0.7165093 -413.6212 5674.064 294.5081 -948.3755 5442.311 420.2043 -907.642 5460.167 498.5945 -635.9213 5421.218 564.9366 -409.7531 5387.29 551.8136 -376.8973 5486.274 549.9718 -359.6809 5592.555 486.726 -387.2297 5496.797 128.0292 -451.896 5423.298 86.08633 -48.22573 5417.682 56.65611 337.0269 5383.341 7.448647 470.4479 5509.249 299.94 -438.6487 5457.64 285.4272 -56.22414 5591.531 266.9443 335.2386 5583.617 267.6764 462.245 5703.644 268.7487 -1067.606 5464.809 241.3113 -1062.535 5625.317 212.38 -1101.059 5595.331 171.966 -1110.509 5473.688 263.6762 -1106.521 5607.526 334.5074 -1143.733 5501.49 
93.137 212.2364 -437.6714 5419.036 226.2168 -615.8857 5405.685 237.8187 -758.1501 5392.885 245.0724 -976.1196 5388.015 210.0814 -941.5727 5390.783 76.89342 -893.9979 5415.865 -7.53919 -640.1996 5490.4 -76.28783 -427.1821 5555.269 -37.98129 -396.072 5638.493 15.09809 -361.0203 5726.48 -3.909651 -418.3738 5678.509 277.3663 -938.599 5384.766 402.7998 -897.2209 5380.857 488.0956 -630.0389 5343.695 559.7667 -407.513 5311.446 559.5285 -378.7859 5411.583 568.8214 -360.9581 5516.391 504.2228 -384.7565 5430.678 122.6757 -443.3139 5400.57 99.37833 -42.21073 5381.082 88.29998 338.9443 5332.264 54.74697 454.9984 5476.619 292.9973 -432.5833 5435.686 283.8791 -61.30695 5589.078 271.0651 320.9478 5657.105 283.7231 401.1465 5810.082 248.9755 -1057.279 5399.624 244.7476 -1035.87 5559.6 216.14 -1079.605 5538.82 160.2171 -1106.528 5427.585 268.4763 -1079.177 5543.353 326.1152 -1122.042 5433.028 
93.168 212.362 -419.3778 5361.972 226.0426 -593.6072 5344.716 236.9229 -732.951 5331.45 251.0342 -944.9678 5354.29 215.7168 -912.1047 5353.511 89.40742 -862.6926 5391.002 -30.85781 -621.3937 5427.144 -30.37526 -438.1608 5563.344 -13.37681 -405.8396 5650.814 23.63894 -352.408 5735.006 5.476184 -424.1756 5685.04 281.3461 -908.0082 5345.493 401.2313 -859.1678 5344.832 502.2293 -601.2314 5335.365 544.5801 -390.7861 5421.227 562.7439 -398.6811 5521.346 583.1718 -301.9671 5555.399 442.1494 -399.6686 5494.598 123.3839 -425.358 5351.812 99.07225 -34.9912 5303.676 84.44726 334.8336 5234.011 52.55217 464.7661 5360.924 292.5975 -413.9852 5371.135 280.9149 -65.23204 5553.331 258.1301 314.1288 5573.417 262.5413 410.2436 5713.164 257.7692 -1022.155 5375.794 248.0864 -1025.58 5533.636 220.4457 -1064.361 5505.929 169.4489 -1072.798 5392.348 271.5231 -1065.369 5512.16 331.5302 -1090.976 5400.907 
93.199 0 0 0 0 0 0 0 0 0 0 0 0 0 0 0 0 0 0 0 0 0 0 0 0 0 0 0 0 0 0 0 0 0 0 0 0 0 0 0 0 0 0 0 0 0 0 0 0 0 0 0 0 0 0 0 0 0 0 0 0 0 0 0 0 0 0 0 0 0 0 0 0 0 0 0 0 0 0 0 0 0 0 0 0 0 0 0 0 0 0 0 0 0 0 0 0
93.231 0 0 0 0 0 0 0 0 0 0 0 0 0 0 0 0 0 0 0 0 0 0 0 0 0 0 0 0 0 0 0 0 0 0 0 0 0 0 0 0 0 0 0 0 0 0 0 0 0 0 0 0 0 0 0 0 0 0 0 0 0 0 0 0 0 0 0 0 0 0 0 0 0 0 0 0 0 0 0 0 0 0 0 0 0 0 0 0 0 0 0 0 0 0 0 0
93.262 0 0 0 0 0 0 0 0 0 0 0 0 0 0 0 0 0 0 0 0 0 0 0 0 0 0 0 0 0 0 0 0 0 0 0 0 0 0 0 0 0 0 0 0 0 0 0 0 0 0 0 0 0 0 0 0 0 0 0 0 0 0 0 0 0 0 0 0 0 0 0 0 0 0 0 0 0 0 0 0 0 0 0 0 0 0 0 0 0 0 0 0 0 0 0 0
93.294 0 0 0 0 0 0 0 0 0 0 0 0 0 0 0 0 0 0 0 0 0 0 0 0 0 0 0 0 0 0 0 0 0 0 0 0 0 0 0 0 0 0 0 0 0 0 0 0 0 0 0 0 0 0 0 0 0 0 0 0 0 0 0 0 0 0 0 0 0 0 0 0 0 0 0 0 0 0 0 0 0 0 0 0 0 0 0 0 0 0 0 0 0 0 0 0
93.325 0 0 0 0 0 0 0 0 0 0 0 0 0 0 0 0 0 0 0 0 0 0 0 0 0 0 0 0 0 0 0 0 0 0 0 0 0 0 0 0 0 0 0 0 0 0 0 0 0 0 0 0 0 0 0 0 0 0 0 0 0 0 0 0 0 0 0 0 0 0 0 0 0 0 0 0 0 0 0 0 0 0 0 0 0 0 0 0 0 0 0 0 0 0 0 0
93.357 0 0 0 0 0 0 0 0 0 0 0 0 0 0 0 0 0 0 0 0 0 0 0 0 0 0 0 0 0 0 0 0 0 0 0 0 0 0 0 0 0 0 0 0 0 0 0 0 0 0 0 0 0 0 0 0 0 0 0 0 0 0 0 0 0 0 0 0 0 0 0 0 0 0 0 0 0 0 0 0 0 0 0 0 0 0 0 0 0 0 0 0 0 0 0 0
93.388 0 0 0 0 0 0 0 0 0 0 0 0 0 0 0 0 0 0 0 0 0 0 0 0 0 0 0 0 0 0 0 0 0 0 0 0 0 0 0 0 0 0 0 0 0 0 0 0 0 0 0 0 0 0 0 0 0 0 0 0 0 0 0 0 0 0 0 0 0 0 0 0 0 0 0 0 0 0 0 0 0 0 0 0 0 0 0 0 0 0 0 0 0 0 0 0
93.419 149.7654 -356.6859 5013.689 154.9289 -563.8113 4994.001 159.0468 -729.4272 4978.568 186.1713 -980.1109 5002.381 143.4341 -942.3849 5006.827 3.286302 -908.1348 5090.468 -83.89931 -643.3909 5252.437 -42.57467 -445.4734 5432.241 -19.91408 -365.4515 5507.75 31.75026 -296.2475 5599.571 -0.245627 -397.73 5591.082 219.2516 -935.2917 4987.732 361.0136 -883.377 4960.438 478.0108 -588.5295 5045.705 496.8496 -459.0728 5286.452 535.7734 -490.9466 5396.443 544.0478 -462.1826 5516.676 429.8853 -449.5822 5444.499 43.48344 -358.9865 5010.019 108.1047 103.4771 5002.337 175.4993 543.3428 4967.933 167.828 691.2112 5128.674 245.6045 -354.6114 5017 264.7558 29.92311 5280.447 281.5049 421.1994 5504.15 307.1028 468.1832 5697.973 199.8714 -1071.325 5026.324 190.09 -982.9309 5191.34 159.521 -1040.427 5186.512 98.63612 -1118.108 5076.377 220.0891 -1035.303 5191.549 291.656 -1123.828 5089.553 
93.451 161.5694 -363.2494 4963.369 165.9391 -555.5057 4947.568 169.7724 -708.384 4927.348 184.2058 -942.0322 4945.667 145.7233 -905.6108 4947.354 6.252632 -864.8229 5000.159 -83.92536 -624.1911 5152.775 -33.62107 -472.6003 5346.205 -12.39795 -418.2106 5432.446 12.54069 -347.4152 5522.021 -19.52226 -433.238 5495.575 217.4496 -901.4441 4935.711 352.6452 -857.9094 4928.123 467.4897 -584.1484 4995.982 447.3861 -450.2099 5210.89 474.4383 -431.5747 5318.106 470.7401 -394.0467 5426.611 409.8705 -415.8005 5347.88 63.07751 -365.1089 4958.756 94.29679 65.34517 4993.5 129.7019 477.6237 4993.107 125.2589 597.7239 5156.231 250.3839 -361.5726 4967.528 245.3717 14.77283 5180.62 240.2177 393.3629 5358.079 261.9443 437.8643 5537.798 191.8059 -1027.494 4966.739 188.5802 -980.3743 5133.991 161.47 -1032.52 5119.482 101.691 -1083.205 5006.981 217.6449 -1026.791 5122.506 281.1143 -1084.337 5009.633 
93.498 172.0233 -382.5441 4914.856 177.552 -571.5025 4890.912 181.8102 -722.8578 4874.195 190.9063 -954.4557 4881.245 153.4847 -917.9771 4878.145 8.965463 -869.0573 4872.385 -53.55285 -588.1018 4937.735 -24.50753 -431.1503 5127.182 36.62027 -399.7234 5203.689 -22.24994 -412.6691 5302.107 31.21467 -430.0277 5257.013 225.2582 -914.4705 4879.771 354.9012 -863.5968 4898.053 450.9352 -584.1358 4953.925 460.2747 -410.478 5134.719 477.8526 -391.8055 5242.447 451.6978 -342.0356 5340.974 439.6973 -371.4526 5265.367 74.88712 -384.5349 4908.138 92.33936 37.47788 4974.699 112.7566 444.7509 5001.129 87.95965 538.2929 5176.262 259.6153 -380.749 4920.915 246.6245 17.33685 5075.171 232.5573 412.7929 5193.218 254.0994 466.5802 5367.957 193.9371 -1039.991 4898.172 190.197 -978.0393 5058.184 163.3234 -1030.586 5048.669 104.6041 -1090.76 4942.534 218.8027 -1024.823 5051.357 281.7746 -1092.11 4946.048 
93.529 168.5641 -373.8324 4871.14 173.5037 -564.358 4848.665 177.1364 -717.1275 4834.994 171.7462 -949.6257 4856.35 136.5509 -911.0323 4849.154 -7.281065 -857.2615 4840.952 -52.20538 -563.5097 4848.39 -3.037807 -378.0189 5007.834 1.344892 -395.2969 5109.871 5.308012 -420.9811 5223.162 6.39062 -398.4792 5148.824 208.7607 -911.5947 4854.238 340.1626 -866.2083 4880.43 445.851 -583.7027 4907.986 429.0866 -383.7414 5061.502 429.8956 -352.999 5168.707 413.0639 -314.7625 5275.044 400.5527 -349.545 5188.45 70.77178 -375.4981 4863.768 101.5286 43.73256 4957.306 132.9483 450.1708 5013.88 102.2112 531.4214 5195.714 256.7478 -372.3304 4877.788 196.2551 36.71569 4996.417 141.5701 440.6414 5078.974 148.1407 503.7983 5253.17 168.7472 -1034.579 4878.603 183.3823 -976.7729 5040.844 158.2435 -1030.942 5033.168 88.62717 -1092.128 4933.138 213.5627 -1021.896 5028.58 265.6975 -1082.961 4912.75 
93.561 183.9675 -385.1012 4829.74 187.0227 -563.9017 4804.229 189.4399 -707.0821 4785.576 191.2076 -926.8474 4790.174 156.998 -891.1908 4785.566 22.43632 -838.0694 4780.98 -61.09413 -571.8684 4802.119 -60.26347 -367.7068 4918.162 -47.55206 -345.4071 5012.219 -22.07888 -355.0727 5118.178 -23.58188 -473.2827 4985.59 224.8964 -889.9236 4791.136 350.007 -849.0244 4811.257 444.9546 -589.7777 4882.346 413.6363 -411.7076 5036.825 414.855 -367.8297 5132.184 404.7077 -317.6071 5226.732 380.9362 -355.3657 5143.724 91.66777 -386.4611 4828.217 100.7664 3.751665 4937.548 121.3091 389.52 4966.279 100.6999 493.2141 5123.767 267.1982 -383.875 4831.113 228.1369 16.61992 4876.131 191.3655 406.0737 4890.697 199.0497 502.662 5035.846 190.7486 -1008.14 4805.408 188.2949 -968.7586 4963.25 162.3749 -1016.862 4948.218 105.8399 -1060.486 4841.558 215.0211 -1012.161 4951.164 273.7895 -1063.456 4843.862 
93.593 186.4316 -383.4068 4766.495 170.6519 -559.0237 4753.454 158.0945 -699.6158 4746.013 138.6416 -913.8397 4750.803 108.556 -875.7321 4749.307 -17.22051 -811.0981 4757.867 -37.94567 -538.0795 4752.116 -53.65479 -308.7777 4749.271 -18.09087 -263.4393 4825.339 24.63966 -209.8393 4907.609 -32.31851 -367.4656 4878.833 175.0222 -881.1885 4748.638 297.8609 -839.1367 4759.976 417.7675 -601.8851 4844.833 402.0128 -445.6401 5016.645 373.0406 -391.8204 5099.239 338.3411 -323.343 5171.253 317.1265 -364.3702 5084.448 96.4432 -375.4886 4768.752 106.9784 -10.84661 4924.74 132.1889 359.3614 5002.699 90.99537 433.0411 5168.059 267.5782 -390.5469 4764.46 246.8342 5.190224 4758.965 228.656 386.3727 4724.655 234.2826 485.0986 4863.938 131.5782 -993.0664 4765.865 166.0107 -961.5363 4918.116 145.0715 -1011.635 4906.777 70.2942 -1059.014 4817.626 194.0657 -998.4639 4896.247 227.3656 -1034.041 4775.891 
93.624 187.1608 -376.5097 4723.44 180.5918 -551.0736 4705.641 175.6536 -690.8632 4693.798 160.9215 -903.8381 4702.975 130.2745 -866.7338 4699.612 3.914982 -804.9633 4703.291 -51.71677 -540.9999 4668.597 -47.61741 -315.0351 4700.755 -4.731104 -271.0783 4772.94 45.56473 -216.8647 4849.37 -30.00183 -349.0526 4841.13 196.374 -870.6467 4701.239 319.5895 -834.6412 4717.831 428.1727 -596.4346 4808.759 425.3297 -402.9077 4935.163 420.6201 -346.0937 5019.799 379.2027 -295.6014 5101.424 360.7488 -339.063 5011.633 98.23309 -374.3752 4735.325 116.7147 -19.12939 4904.77 142.5366 344.2713 5000.02 129.1756 428.0118 5163.747 267.3507 -378.4345 4712.723 259.4708 13.3996 4676.358 246.3361 388.6395 4614.545 272.9485 507.5281 4732.597 155.1638 -982.2961 4719.562 166.482 -952.4012 4874.452 142.3003 -999.6484 4859.694 79.2755 -1039.483 4759.649 193.2092 -992.3991 4857.754 241.855 -1033.404 4745.587 
93.656 182.0393 -367.7392 4696.953 172.6743 -539.2454 4677.219 164.7737 -675.8163 4657.463 142.4284 -884.6579 4645.136 113.8736 -846.7525 4643.122 -12.19486 -789.7813 4635.862 -53.11532 -525.1254 4635.352 -83.35424 -302.579 4644.259 -11.91275 -253.1627 4678.35 70.25475 -196.9569 4710.824 -13.87294 -282.0007 4753.711 178.4619 -853.4389 4649.192 302.3295 -832.2181 4670.38 411.4114 -595.5518 4751.293 402.243 -420.9438 4897.019 416.1324 -380.8236 4988.084 382.9262 -339.5605 5076.338 353.8677 -355.7414 4977.847 94.27853 -364.0544 4706.577 115.7866 -14.3899 4873.27 141.4682 334.2326 4996.859 125.9704 405.8996 5162.942 261.177 -371.0619 4688.275 248.3372 8.774101 4612.445 231.6907 370.0449 4514.54 253.6946 503.3845 4612.708 132.8559 -962.7953 4653.477 151.1057 -937.5926 4806.059 127.8581 -984.3325 4791.323 61.86255 -1022.396 4694.944 177.6021 -975.6893 4787.074 220.7804 -1011.358 4673.121 
93.688 184.3995 -337.9691 4647.034 182.1899 -512.4965 4636.345 179.0891 -651.0623 4618.08 153.7096 -862.1925 4626.085 125.3125 -823.8463 4620.489 -1.547009 -764.8477 4612.814 -31.95973 -496.2915 4594.938 -30.98727 -273.9223 4642.198 -9.883437 -222.0589 4718.179 31.83997 -168.1336 4799.225 28.04578 -237.5729 4765.19 190.5794 -830.8562 4626.979 315.4794 -812.5884 4653.1 431.8857 -575.7385 4733.852 403.4954 -390.6067 4867.715 402.2126 -337.7166 4954.482 373.0996 -318.649 5052.598 357.8379 -372.1585 4980.029 95.86183 -337.5949 4659.227 128.5252 2.367258 4852.448 161.4342 339.07 5014.255 154.5777 397.1109 5188.331 264.2379 -338.3065 4636.04 260.4704 45.05399 4554.399 235.7545 391.4647 4402.753 259.9398 539.6247 4480.251 143.0592 -939.9103 4642.125 152.8747 -934.1874 4799.218 127.3755 -977.5454 4777.315 64.86602 -999.3464 4672.161 178.3242 -972.0301 4777.039 227.0948 -997.3464 4660.965 
93.72 178.3437 -325.1689 4602.81 178.5118 -498.297 4584.17 178.5383 -636.6306 4568.598 164.4384 -847.8654 4559.497 134.0897 -810.9297 4557.662 5.68445 -756.4456 4560.963 -0.6295727 -487.4728 4579.967 -6.121792 -261.6945 4595.464 22.54385 -182.042 4636.291 66.96345 -171.1399 4731.321 24.55346 -234.8145 4729.11 199.4887 -814.9102 4562.289 323.1208 -793.7812 4589.572 424.1415 -560.5231 4694.03 408.1369 -405.0339 4861.717 409.5999 -339.3027 4938.644 371.9364 -318.889 5033.042 361.3877 -375.2417 4974.042 90.45984 -326.7545 4616.745 124.5197 4.544139 4821.09 160.3431 342.6071 4975.608 153.6914 388.7708 5152.407 257.5925 -323.7392 4590.244 260.7219 57.3616 4505.984 247.1508 403.2225 4355.681 282.7491 543.1144 4442.077 158.2518 -926.7639 4569.162 156.805 -911.1132 4725.209 130.3258 -954.0501 4704.238 74.69359 -978.9831 4596.567 181.191 -951.6629 4707.573 236.4022 -987.5079 4597.937 
93.751 182.1063 -324.0688 4573.44 179.4489 -500.3347 4548.683 178.4362 -641.9838 4534.969 171.4496 -858.4895 4537.286 139.3668 -821.9967 4531.723 12.70118 -756.6696 4525.858 -6.049255 -482.2295 4544.904 -22.51097 -251.8104 4558.896 23.26982 -178.1806 4600.304 65.74487 -149.556 4695.179 75.72755 -211.8449 4616.407 205.9893 -823.4622 4539.99 326.8297 -781.9438 4569.879 405.8358 -538.2023 4685.135 418.7354 -343.6057 4815.097 395.4933 -284.0823 4896.457 387.4964 -217.5139 4978.53 377.1025 -264.6871 4882.57 92.5934 -325.0032 4589.701 126.5006 5.303234 4811.774 160.6237 332.9194 5004.763 150.5892 368.44 5188.012 262.824 -323.2263 4558.778 263.1923 60.89842 4450.734 253.6915 422.796 4317.455 288.8405 562.4596 4411.463 167.2129 -938.6508 4551.422 159.7735 -906.1913 4708.264 131.7789 -951.0086 4690.183 78.50606 -985.5679 4580.781 183.6493 -950.2057 4695.703 243.1033 -1000.365 4590.627 
93.783 182.2246 -323.9236 4572.501 179.5866 -500.2063 4547.842 178.5912 -641.8647 4534.201 171.6274 -858.3701 4536.9 139.5369 -821.8896 4531.295 12.86529 -756.5938 4525.167 -5.916584 -482.0586 4542.819 -22.41835 -251.5687 4555.604 23.51442 -177.1565 4595.417 66.95233 -147.0651 4689.4 76.91161 -209.6778 4607.219 206.166 -823.3343 4539.521 327.073 -781.7324 4569.03 406.3737 -537.1246 4682.241 420.017 -341.469 4810.532 397.3182 -280.3975 4890.894 390.6978 -212.4183 4971.929 377.2829 -260.1797 4873.565 92.71735 -324.8642 4588.8 127.2336 6.054312 4809.877 161.9284 334.4334 5001.474 152.3537 370.6715 5184.61 262.9372 -323.0755 4557.804 263.0845 60.9197 4449.279 253.2842 422.5784 4315.357 288.5698 562.3547 4409.151 167.4079 -938.5083 4551.18 160.063 -905.7817 4707.973 132.0603 -950.6324 4689.986 78.72153 -985.3827 4580.675 183.9348 -949.8162 4695.472 243.3284 -1000.151 4590.444 
93.814 244.5199 -306.6222 4453.448 220.1131 -486.2813 4442.245 200.7185 -629.9658 4433.951 193.5202 -848.8613 4463.956 228.9359 -813.7841 4461.486 366.9346 -768.5827 4471.476 413.0792 -516.8133 4588.331 423.3719 -302.3589 4489.967 455.6982 -214.6963 4460.244 409.5461 -122.3598 4422.179 387.1194 -181.449 4413.876 160.5177 -811.3121 4458.63 37.53166 -769.1166 4426.618 12.18983 -485.2249 4457.595 62.32722 -329.9092 4282.791 54.16158 -254.5845 4209.277 122.5426 -193.5028 4151.933 109.3362 -295.6999 4146.429 335.0978 -317.8672 4436.45 409.7754 67.55206 4326.746 475.7646 439.5339 4421.805 484.0982 539.9121 4259.815 162.8417 -296.482 4468.777 245.3861 93.72047 4386.735 354.5817 440.1594 4538.483 335.0501 566.9658 4418.736 191.3455 -931.9737 4461.577 228.0284 -922.5991 4302.402 243.3269 -970.1548 4329.833 272.8338 -1000.157 4451.862 193.1012 -959.7763 4315.56 108.5895 -983.3784 4416.049 
93.846 191.2024 -309.9879 4423.887 191.5236 -490.8148 4394.713 192.9846 -636.5358 4380.377 203.0333 -858.0877 4402.671 235.6836 -819.8 4403.284 373.3302 -769.783 4412.876 413.0858 -526.5175 4553.359 441.7106 -311.0545 4650.619 434.0806 -259.1291 4566.838 428.133 -195.7456 4475.985 386.6141 -215.9923 4551.856 166.9651 -822.949 4396.836 38.38971 -785.7228 4379.153 21.90043 -501.6266 4430.006 31.38084 -270.0305 4363.514 132.5981 -246.8737 4386.959 116.6296 -140.8151 4367.284 130.9973 -218.3086 4344.156 283.9992 -307.861 4411.726 252.0818 97.12842 4349.286 221.8166 487.6265 4319.448 279.0927 526.4841 4139.995 107.5234 -311.9057 4434.853 146.9484 66.95712 4588.082 193.2919 419.7622 4763.978 166.2717 545.131 4642.045 208.1028 -941.6286 4397.308 106.8698 -973.6567 4271.041 155.1014 -1004.708 4274.477 273.7743 -985.936 4324.521 112.6837 -1012.932 4306.328 150.1463 -1025.185 4434.94 
93.893 234.1244 -325.6283 4346.051 221.9746 -513.9265 4329.938 215.2728 -665.073 4324.371 218.0026 -895.0704 4338.642 253.1632 -856.7397 4339.872 393.528 -805.4495 4366.198 414.8973 -534.0585 4475.45 431.3954 -300.0275 4550.092 431.0119 -252.8293 4459.428 419.0275 -143.153 4490.786 369.5439 -173.3289 4573.389 181.9017 -857.2578 4334.923 50.49601 -812.4317 4320.409 22.83551 -518.7028 4368.27 32.66298 -275.6597 4313.571 138.3468 -245.0309 4315.848 121.4936 -191.7559 4217.927 142.4151 -217.5412 4349.596 323.5185 -328.2289 4309.037 319.5808 92.83659 4251.821 348.1923 494.9798 4300.801 307.8946 614.2408 4146.86 153.5138 -323.2832 4379.428 225.3362 83.26521 4478.205 313.8462 464.8982 4600.465 238.9168 610.8567 4519.493 220.0066 -981.3019 4329.767 73.10612 -990.6826 4243.589 108.4096 -1038.451 4242.221 240.7563 -1059.863 4253.81 77.72311 -1024.776 4286.396 152.366 -1031.806 4403.536 
93.925 206.3983 -322.7579 4315.557 203.875 -498.3369 4299.715 201.7674 -638.605 4286.016 207.8408 -853.0329 4281.806 173.5565 -818.8172 4281.324 39.64059 -781.7903 4306.892 -0.5368106 -511.6697 4308.407 -23.34845 -284.4025 4327.577 30.48153 -214.9502 4291.046 65.86573 -130.0447 4236.805 53.33437 -252.5606 4246.706 240.0163 -816.3502 4281.604 357.8236 -769.682 4310.493 418.979 -521.9657 4421.52 460.6969 -317.2472 4522.647 449.2442 -229.1668 4471.566 410.0259 -168.5389 4395.386 386.2904 -205.9124 4533.542 116.6353 -322.1797 4323.446 100.386 71.06242 4363.719 107.5583 427.5047 4237.786 106.3918 589.9452 4326.601 287.3416 -323.2793 4308.442 281.5034 71.37502 4328.503 263.0502 452.3971 4306.894 293.454 567.3821 4428.831 210.0486 -932.8795 4293.491 214.4556 -941.2229 4452.012 190.918 -983.4813 4425.181 132.2111 -997.569 4315.404 242.0619 -976.4301 4427.261 295.9138 -989.791 4310.27 
93.957 197.4873 -328.4664 4268.587 201.8437 -499.0153 4249.921 206.8061 -636.1223 4248.523 202.6984 -844.4769 4234.736 170.9933 -809.5797 4235.205 48.83584 -747.1136 4244.508 -33.05738 -494.8539 4226.423 -44.09013 -308.0768 4347.973 -10.23269 -228.2637 4315.351 46.79847 -153.5813 4270.913 28.49601 -307.3065 4260.975 235.7064 -810.386 4236.806 348.9722 -761.5122 4264.862 453.7982 -516.3047 4312.323 449.5493 -375.7568 4489.179 455.2875 -277.1895 4475.06 419.1923 -197.7894 4421.845 391.179 -257.6734 4517.159 110.3328 -331.7162 4277.94 132.8032 41.76119 4369.168 144.3974 409.5299 4360.644 131.0874 391.5112 4539.462 276.0783 -325.5359 4260.153 261.1503 55.61212 4310.125 239.1426 426.3567 4329.872 300.4833 443.7385 4482.933 200.8447 -922.653 4242.486 184.5489 -1049.609 4329.154 146.3721 -1039.876 4292.453 101.6637 -940.165 4238.313 191.9441 -1057.536 4280.579 241.2052 -994.5635 4183.144 
93.988 210.4794 -335.6541 4242.731 209.0506 -512.0886 4220.322 208.1259 -653.6475 4206.986 215.9618 -869.6548 4218.17 248.0381 -832.8492 4220.219 381.9595 -784.2848 4224.295 432.0792 -529.6906 4316.851 398.5423 -331.8375 4201.986 413.8279 -247.653 4158.457 352.3719 -165.8479 4124.764 335.169 -225.7842 4127.413 181.2246 -834.972 4214.517 55.74532 -798.2474 4204.76 -2.84335 -527.3584 4249.282 14.15604 -303.4117 4183.058 59.92023 -214.213 4157.899 95.53665 -129.0878 4209.828 108.6712 -240.8255 4136.209 301.2778 -335.8391 4238.399 279.5073 60.18069 4282.893 257.8858 435.5445 4347.058 275.4836 505.7255 4174.878 128.6025 -335.4872 4246.638 109.4607 59.99303 4200.037 146.0063 267.8369 4522.566 128.8689 421.4779 4447.552 220.0262 -950.473 4209.02 174.1833 -996.0778 4062.455 210.6687 -1028.868 4089.05 298.9095 -1011.445 4177.834 159.9526 -1027.288 4100.976 142.0974 -1018.079 4230.04 
94.036 204.409 -324.2804 4199.353 206.4307 -504.9485 4175.616 207.8822 -650.444 4168.319 210.0936 -872.1154 4174.247 244.0882 -835.3866 4175.654 384.8502 -797.0588 4169.455 453.22 -546.8406 4280.775 456.7972 -329.2026 4187.246 504.7663 -249.0897 4218.152 413.3256 -222.2667 4162.465 389.8636 -222.6393 4146.153 175.3987 -835.5322 4173.026 47.29406 -795.123 4171.953 1.155809 -520.3248 4243.201 -9.400683 -283.7098 4205.007 12.78979 -211.1274 4131.149 52.76933 -129.6534 4071.708 43.13675 -219.724 4102.013 297.5322 -323.4212 4200.745 273.5768 78.15272 4274.101 243.4687 449.1881 4393.067 252.3836 582.2231 4255.809 120.4358 -325.0551 4198.098 110.1669 79.40051 4141.821 143.0052 328.355 4446.617 124.9399 496.2553 4396.82 211.4389 -954.7496 4162.766 172.5184 -1001.347 4010.271 206.9122 -1035.921 4040.112 291.9239 -1020.245 4136.523 154.3645 -1032.416 4048.976 128.0428 -1021.049 4179.699 
94.068 185.894 -328.8753 4150.042 198.0191 -505.4324 4126.914 207.2517 -647.5317 4117.896 206.5432 -864.4142 4129.483 240.244 -828.818 4130.733 378.511 -792.3139 4132.001 468.1393 -538.0444 4193.161 486.1099 -337.4695 4077.901 542.8328 -288.6585 4138.563 476.9761 -210.1109 4104.236 458.1322 -215.2942 4115.781 173.0558 -828.2265 4126.503 47.04435 -790.5555 4123.189 -2.805103 -528.2819 4213.042 -7.011724 -298.377 4164.712 -19.56746 -236.8274 4082.176 19.45733 -143.6725 4049.176 31.79269 -215.7769 4063.231 276.8047 -323.2849 4155.026 257.6242 63.23004 4258.157 233.254 423.68 4384.571 251.3944 580.4169 4283.434 103.9158 -333.9164 4145.547 90.2735 59.39931 4073.65 116.9703 373.783 4297.362 86.36953 527.2037 4224.849 207.1158 -945.6274 4120.414 156.8154 -980.0078 3971.654 194.1479 -1014.826 3994.662 285.2622 -1004.143 4082.23 143.6252 -1014.218 4008.186 129.4808 -1014.973 4138.493 
94.115 184.0193 -328.7022 4111.114 193.5662 -502.7474 4090.022 201.0645 -642.0901 4074.855 202.4501 -854.4932 4097.996 235.3166 -819.2119 4096.606 369.8745 -778.2139 4094.134 476.7466 -528.6243 4109.851 506.686 -338.6966 3986.831 518.7691 -245.4392 3975.091 547.5415 -143.6853 3986.355 464.1158 -219.8905 3962.907 169.1465 -819.3589 4093.795 50.19446 -768.8114 4086.975 -15.87329 -512.0778 4167.67 -26.22464 -283.7296 4133.315 -26.92619 -214.4841 4058.374 -17.12698 -137.9429 3987.866 34.72569 -235.7331 4016.383 273.35 -324.7156 4118.651 253.9257 52.02028 4232.322 235.7754 405.4138 4361.01 246.3099 477.9099 4191.819 103.4659 -332.2972 4104.317 90.45235 46.77752 3999.305 128.6494 361.6114 4209.535 119.0075 473.9866 4082.834 203.5247 -934.7512 4093.477 144.4092 -973.0214 3951.88 183.4093 -1005.977 3972.552 278.7487 -991.616 4051.734 134.7907 -1006.073 3989.399 130.1415 -1004.066 4118.244 
94.131 181.7488 -315.0103 4082.417 198.6827 -486.7562 4055.121 211.4351 -625.191 4041.533 215.7977 -837.7062 4046.797 248.0557 -802.1659 4047.6 382.4747 -763.0256 4048.093 477.24 -510.1484 4065.941 488.354 -347.1707 3908.106 509.0938 -256.7995 3925.324 513.6033 -159.285 3966.183 468.0519 -237.2711 3883.099 182.1652 -802.9656 4046.312 59.75844 -763.3672 4040.219 1.597431 -516.5801 4148.649 -12.12336 -288.5879 4121.389 -18.3273 -217.8655 4048.792 -26.34433 -141.9328 3978.153 27.50784 -248.7045 3994.757 270.2545 -307.7836 4091.854 252.6654 60.60657 4224.9 235.6773 405.4684 4370.444 249.266 479.2067 4202.992 101.9394 -321.5269 4073.907 100.0251 47.18211 3941.842 121.5807 418.1567 4014.533 103.9717 452.1104 3850.118 217.6776 -916.9012 4035.626 149.6336 -973.3312 3905.427 187.9328 -1004.56 3929.151 287.4799 -983.2814 4000.23 140.5727 -999.3986 3947.922 142.9641 -977.0947 4074.263 
94.162 177.7011 -301.9548 4040.473 197.4491 -469.8324 4011.656 212.6492 -605.0348 3994.877 216.2883 -813.6716 3995.548 247.7424 -778.9413 3990.666 369.3794 -723.0541 3959.693 497.1946 -495.9959 4011.209 473.7859 -338.2151 3855.477 492.9077 -265.8274 3909.884 515.7626 -177.6063 3959.691 462.1377 -225.6039 3885.885 184.0948 -779.4406 4002.175 71.10863 -732.5204 4033.951 -14.64769 -510.7441 4163.187 -75.16581 -323.2855 4052.922 -41.46242 -231.6791 4032.85 -20.87475 -142.6905 3987.263 19.98851 -257.902 4004.518 264.4017 -293.3862 4049.97 235.4141 61.1459 4196.675 207.1949 390.7668 4357.236 229.1318 444.1775 4186.685 99.51948 -309.6816 4031.909 136.0529 48.36243 3896.976 158.8038 414.3616 3957.085 131.4752 412.799 3793.697 215.3466 -891.1882 3983.115 144.5096 -961.3411 3865.157 165.8726 -992.8438 3903.175 257.7305 -982.5483 3982.564 123.1123 -967.2535 3909.654 122.3163 -907.2981 4020.393 
94.194 168.6968 -295.1135 4004.931 191.6836 -461.7436 3974.081 208.9438 -596.2181 3956.467 210.7523 -804.2935 3953.132 242.7744 -769.9125 3953.34 370.4228 -720.428 3947.491 483.5993 -481.0469 3954.965 464.909 -353.2638 3773.992 477.4494 -265.0346 3798.038 498.5306 -177.7901 3849.732 441.971 -247.254 3817.931 178.3222 -769.9437 3956.032 58.05167 -732.281 3958.867 -17.88317 -513.1616 4096.957 -65.64192 -294.1043 4076.427 -28.82628 -225.1437 4137.798 -7.666197 -146.6565 4199.094 1.043715 -205.361 4023.468 254.302 -286.1132 4020.104 237.2755 64.74334 4174.61 218.4532 390.9832 4341.088 226.8552 513.8359 4210.38 91.50281 -303.2295 3991.25 101.7934 58.75832 3865.534 107.4123 423.8395 3802.048 71.55647 430.1834 3640.89 210.8875 -881.3199 3939.054 130.0263 -960.5765 3834.625 169.5281 -986.6435 3859.899 274.2715 -954.5775 3912.506 125.5458 -976.1292 3881.504 141.7786 -928.0626 3996.393 
94.225 171.4626 -291.4399 3979.321 194.5556 -460.2497 3947.807 212.3307 -596.0214 3926.864 214.5977 -806.4868 3914.202 246.9705 -771.6712 3916.667 376.9695 -722.967 3914.563 490.783 -479.9141 3916.86 463.5884 -380.0815 3716.767 491.6169 -294.5652 3742.218 507.3472 -204.6335 3793.97 447.3195 -267.7179 3708.652 181.6234 -771.8718 3917.955 60.32073 -732.1943 3912.919 -15.59152 -500.4792 4036.735 -56.90527 -276.832 4019.096 -18.07421 -211.9112 4085.56 5.07085 -139.0986 4154.866 4.683097 -180.2863 3965.049 258.1561 -282.515 3995.041 241.676 71.46445 4155.055 221.4277 394.8286 4336.997 232.9713 534.2578 4220.672 93.28719 -299.4879 3965.146 101.1211 63.45657 3827.08 104.4333 432.653 3758.665 77.20376 456.5559 3595.231 215.1809 -883.8222 3896.506 135.1873 -930.75 3770.987 172.1848 -965.14 3791.079 276.7007 -953.5336 3855.119 127.0889 -957.1057 3812.995 139.4794 -938.9644 3938.335 
94.257 157.9184 -277.3522 3918.298 183.8988 -444.9125 3890.299 202.6612 -580.2572 3875.928 203.6578 -789.3857 3874.213 235.9392 -754.9764 3876.026 365.602 -708.6079 3876.77 463.162 -462.1922 3851.781 442.403 -362.9345 3652.694 430.8352 -275.3607 3681 436.2356 -185.2026 3732.739 379.4799 -289.3607 3710.853 171.121 -754.7019 3874.992 51.6796 -715.4854 3859.347 -20.84389 -482.6992 3978.177 -57.30436 -260.2116 3997.163 -32.21645 -212.4408 4081.209 -11.21456 -165.6474 4169.736 2.968922 -154.2507 3976.832 242.2513 -268.0758 3941.036 228.9675 72.48855 4121.482 211.3504 384.2864 4317.2 222.879 505.1879 4183.718 81.87174 -285.7172 3897.794 91.44497 80.19611 3777.724 97.8091 447.8539 3718.614 71.31915 458.1665 3555.029 204.2344 -866.8972 3860.663 111.1786 -937.0066 3758.752 150.211 -966.8397 3780.969 260.5241 -944.131 3828.177 108.2852 -953.736 3805.61 134.9452 -910.4188 3921.12 
94.304 194.7478 -278.7934 3848.33 194.6284 -450.1206 3828.222 193.9912 -587.4894 3816.055 200.1566 -797.2267 3822.36 231.7337 -761.9122 3820.983 360.6355 -712.3482 3826.757 453.7586 -461.9088 3824.771 434.5294 -368.0888 3621.986 426.2312 -278.9363 3647.518 435.2224 -187.0039 3696.34 379.1234 -285.6987 3679.082 166.7314 -763.1644 3823.676 44.90674 -726.775 3821.642 -26.88533 -485.4183 3925.158 -70.6116 -263.8916 3949.433 -39.60447 -211.5925 4029.142 -40.77457 -145.7194 4107.92 -19.1325 -155.0751 3919.481 282.0866 -280.2572 3860.284 285.3253 97.99129 3942.482 267.3993 397.4182 4158.993 275.7592 550.2775 4062.162 115.9905 -277.4733 3837.551 103.6298 93.61536 3729.583 97.33714 466.8147 3708.8 74.47199 503.6321 3547.874 201.9167 -875.4758 3811.752 125.1282 -918.9847 3683.88 158.9016 -955.1078 3705.868 260.5748 -948.9895 3774.063 113.6635 -944.1261 3725.582 121.6034 -925.1681 3850.59 
94.335 142.9367 -258.8061 3795.423 166.8919 -429.0508 3772.943 184.2416 -566.2706 3763.813 187.2008 -777.2084 3767.781 219.0926 -742.2855 3762.084 347.2976 -694.0464 3738.89 485.0645 -464.4521 3759.735 443.7989 -325.3583 3587.225 425.6919 -247.0211 3635.113 425.6479 -169.5748 3706.035 377.1528 -272.4536 3663.047 154.8129 -742.38 3774.153 41.07107 -696.1871 3809.711 -36.93321 -479.7781 3957.917 -96.94354 -262.8593 3919.85 -81.81027 -199.5708 3996.783 -45.64878 -148.5868 4078.927 -15.74262 -147.0428 3919.366 229.0087 -249.1709 3814.174 198.4018 107.8706 3965.699 156.0882 377.1525 4218.592 207.4262 544.7288 4169.284 65.32188 -267.4945 3778.515 107.9461 110.7664 3700.083 130.6042 485.7124 3709.264 91.48553 513.4488 3548.764 185.8957 -855.7729 3756.449 95.52018 -933.506 3655.563 131.105 -962.6929 3684.561 239.8092 -940.1752 3738 88.02279 -944.1706 3704.125 108.9754 -887.8221 3816.374 
94.367 144.3015 -266.8978 3756.251 163.0461 -444.3236 3729.388 177.3081 -587.2477 3716.175 175.8547 -805.842 3736.709 210.1839 -770.1785 3734.11 348.9883 -730.5562 3742.099 457.5701 -473.6033 3759.071 450.5742 -389.9914 3540.03 454.3467 -292.7979 3535.284 453.3099 -186.2147 3559.375 393.1489 -289.3223 3515.42 142.1369 -769.0705 3734.636 16.15763 -726.6252 3730.613 -56.30315 -474.394 3841.134 -58.44662 -247.5973 3770.571 -50.89595 -176.5606 3847.324 -24.83749 -122.9306 3936.667 -18.22048 -125.7997 3776.319 235.6921 -258.6182 3765.336 246.4272 107.7153 3937.382 254.5251 370.8762 4220.917 283.503 527.3691 4118.132 61.89063 -274.364 3748.059 95.76602 123.9947 3687.022 129.1051 513.3065 3701.256 101.0768 520.4763 3529.362 175.1907 -888.241 3730.831 118.0757 -910.4028 3580.314 155.6171 -948.179 3599.492 251.0793 -946.336 3685.051 105.0989 -947.2919 3615.077 95.47487 -957.4999 3746.836 
94.398 151.7852 -272.0151 3716.184 168.6105 -449.8292 3690.529 180.4382 -593.1108 3678.706 177.026 -811.4778 3701.527 211.6255 -776.015 3699.833 353.8235 -751.0898 3707.765 439.2075 -485.2765 3720.831 438.2479 -364.4008 3519.79 455.2682 -268.674 3525.433 470.5943 -166.4655 3560.962 417.9033 -242.4943 3527.338 143.6071 -774.5582 3697.793 19.63203 -730.0599 3679.298 -68.33109 -476.5313 3774.626 -88.48579 -242.1549 3741.569 -70.576 -161.9549 3806.712 -45.5831 -86.97544 3879.464 -46.9776 -135.4749 3680.486 242.1031 -266.0161 3733.838 239.0053 108.9466 3886.613 231.6814 369.1929 4172.897 273.4999 539.4981 4101.141 70.34158 -277.4246 3700.265 89.31638 125.5775 3671.57 112.1306 514.9007 3700.102 81.45745 533.2878 3529.481 176.1338 -893.9399 3696.515 85.081 -898.0644 3561.956 121.9447 -940.3641 3569.479 233.7192 -953.9371 3630.816 76.49669 -936.6404 3596.255 95.39121 -957.4655 3725.753 
94.43 140.8578 -267.175 3672.372 154.2278 -438.9567 3645.421 164.4058 -576.9161 3628.044 168.1456 -788.203 3647.635 200.4599 -752.8779 3645.735 337.369 -725.062 3648.798 435.2384 -477.4014 3694.154 422.0015 -342.4279 3512.465 453.9684 -258.8187 3541.583 481.1494 -175.0358 3599.88 409.7715 -228.3071 3533.893 134.6818 -753.5145 3645.105 11.90462 -719.7203 3627.495 -68.73961 -472.5157 3717.744 -85.6178 -249.0883 3667.656 -52.126 -163.83 3711.029 -44.67825 -75.81121 3765.586 -32.38028 -145.0435 3584.521 229.0922 -262.1225 3683.939 208.3995 121.7113 3757.35 213.3927 329.7816 4068.086 258.0604 476.1882 3967.557 61.29301 -271.7311 3661.941 84.5824 118.4019 3653.57 108.634 491.9852 3705.439 96.78881 517.1325 3539.259 169.6704 -867.8301 3641.855 87.55916 -892.9277 3510.321 128.082 -927.9521 3521.494 234.7758 -922.0023 3584.247 83.20132 -928.5693 3545.937 99.65356 -937.1604 3672.661 
94.461 142.4895 -267.4465 3628.513 150.0141 -435.8706 3599.22 155.7101 -571.0522 3579.025 158.5854 -778.7132 3594.23 190.4295 -744.1526 3592.917 325.8712 -723.7424 3599.155 425.0088 -491.903 3680.86 429.1091 -318.5759 3541.468 447.6118 -228.1089 3539.566 450.2995 -126.3569 3559.076 414.9346 -207.1677 3512.535 125.884 -744.5009 3592.526 5.220898 -710.3788 3578.852 -75.89077 -464.5553 3655.85 -88.39918 -253.4975 3578.079 -67.27599 -170.8761 3629.234 -43.53849 -90.15396 3686.665 -32.83319 -134.7187 3562.738 229.4509 -265.1277 3637.519 226.2237 118.6937 3648.133 215.8814 307.1518 3962.843 289.073 458.0159 3898.265 64.0727 -269.5374 3620.392 86.06112 112.928 3639.403 110.2249 476.6185 3707.659 94.7825 508.2785 3546.135 159.7356 -856.7248 3587.047 74.84774 -883.3829 3461.198 118.9512 -913.2833 3467.756 225.8118 -898.4405 3523.84 76.83936 -920.5744 3493.991 101.4428 -934.165 3616.476 
94.492 144.9716 -269.6465 3598.113 151.8413 -436.5663 3568.253 157.1906 -570.2966 3546.006 160.1078 -776.6909 3552.647 191.6794 -742.381 3552.731 325.9422 -721.4102 3557.759 421.6798 -497.5841 3656.942 427.4678 -309.7509 3541.344 433.1515 -221.9347 3566.768 418.2074 -130.8367 3611.967 402.9842 -198.1617 3534.919 127.6654 -742.7295 3552.364 9.444803 -710.1587 3527.607 -86.6367 -468.5465 3591.891 -95.28474 -261.5222 3508.321 -89.48792 -189.9083 3575.886 -41.61346 -157.1012 3658.586 -54.03439 -157.1176 3564.595 231.316 -267.5174 3606.076 226.168 107.3704 3539.323 214.5319 329.8974 3827.078 256.8328 474.3944 3731.743 67.11115 -271.5664 3590.933 84.7956 107.0822 3622.929 104.6038 467.7736 3691.974 86.507 505.8137 3533.519 161.2662 -853.7035 3542.364 68.74993 -890.3541 3426.336 112.2022 -920.3612 3433.145 221.7995 -902.9415 3480.34 72.04682 -923.8031 3462.287 103.8822 -925.5848 3582.773 
94.523 154.6969 -274.7609 3546.704 154.6484 -442.228 3517.636 154.5732 -576.9069 3499.582 154.9315 -783.4612 3510.463 186.9695 -749.4902 3510.007 321.4384 -727.8823 3510.196 406.3011 -504.5637 3620.84 431.8149 -292.8764 3562.825 424.3596 -205.202 3588.785 404.1165 -118.5298 3640.515 381.229 -190.0294 3571.954 122.8596 -749.0681 3509.323 2.893597 -715.7668 3495.268 -73.68957 -462.1818 3537.603 -86.54502 -260.8231 3440.847 -72.17652 -183.9467 3501.186 -35.01065 -124.7144 3574.326 -37.61528 -165.9964 3504.202 241.5659 -274.8883 3547.293 237.7853 96.0854 3458.769 210.6857 356.9825 3711.879 250.8931 482.3335 3591.353 76.36339 -274.6461 3546.173 88.44511 100.4298 3611.987 101.0843 457.7671 3700.457 99.02237 511.5302 3545.308 155.1965 -860.796 3501.746 110.49 -900.0931 3360.699 150.9826 -927.5594 3381.903 236.5672 -904.5945 3463.972 103.5445 -934.2652 3395.536 92.34363 -937.26 3519.823 
94.555 156.0196 -264.1986 3497.943 156.2097 -429.0443 3472.335 156.4262 -561.0422 3453.278 162.2 -763.6683 3464.339 192.7058 -729.463 3464.494 322.7787 -698.749 3462.105 388.8766 -476.951 3577.03 421.185 -262.4948 3577.966 412.7562 -173.8596 3591.389 394.2796 -82.80524 3631.095 364.8239 -166.4235 3571.706 129.8245 -730.8049 3462.491 10.57038 -704.3628 3448.298 -74.26088 -457.1874 3480.383 -89.88519 -260.7728 3383.369 -78.20898 -164.5451 3385.115 -37.07692 -128.3498 3467.948 -58.1646 -178.7758 3463.897 241.195 -263.513 3494.161 228.4324 101.8658 3413.733 209.8757 419.1902 3577.9 230.0965 493.6636 3420.638 79.21328 -264.8169 3501.352 88.73676 98.31449 3590.103 99.68181 441.6254 3702.864 83.00597 497.6407 3552.662 164.756 -839.5446 3455.931 84.91059 -895.299 3341.506 129.8392 -919.4403 3353.25 232.3388 -886.9574 3403.157 89.22517 -924.2299 3380.04 113.2833 -911.6818 3499.512 
94.586 149.8912 -261.3237 3460.846 150.8163 -427.7645 3435.479 151.7243 -561.2534 3418.244 158.5008 -765.8554 3426.658 189.0624 -731.164 3428.125 319.5705 -697.2162 3432.022 381.599 -469.4572 3542.882 416.1397 -253.3616 3547.316 399.6603 -177.104 3593.912 363.7769 -108.2161 3659.983 361.1116 -157.5188 3552.564 125.6852 -732.8525 3424.394 5.544491 -705.9086 3408.793 -81.08279 -455.7995 3432.257 -95.18543 -280.2238 3297.702 -100.9203 -192.5644 3254.613 -53.72807 -140.1663 3325.844 -80.45067 -162.1914 3278.391 235.8111 -260.1469 3456.258 229.5125 102.7206 3351.262 211.7137 450.016 3448.407 240.4005 506.5616 3283.372 72.41341 -262.3849 3464.984 87.92079 99.57468 3570.693 105.674 440.1757 3700.311 75.27511 505.3076 3554.392 161.7724 -842.2878 3417.16 101.7301 -886.4075 3285.081 142.3804 -914.5632 3303.655 235.9566 -892.0216 3374.708 96.72953 -917.8674 3322.084 98.01499 -913.4025 3445.644 
94.618 155.57 -253.2071 3428.691 151.6911 -419.5792 3400.594 148.4693 -552.3304 3376.686 156.0469 -757.1546 3389.785 186.5912 -722.2684 3389.957 317.0636 -687.2039 3383.993 377.6732 -459.7213 3497.655 422.3084 -257.1411 3569.146 385.8276 -174.3656 3579.888 338.2455 -91.83544 3616.95 354.8323 -164.4785 3523.491 123.0152 -724.2263 3387.269 4.399516 -689.6861 3372.606 -69.76787 -433.8864 3368.487 -82.63882 -245.6745 3251.102 -81.03271 -153.0173 3283.229 -82.32624 -68.99017 3338.303 -49.66857 -175.687 3358.874 241.5146 -253.9761 3421.38 228.4087 105.8744 3304.062 219.0862 467.6734 3307.781 242.2781 491.8582 3133.753 78.06998 -252.5136 3435.284 93.38264 105.1763 3557.525 111.7018 442.0382 3698.799 91.96338 511.4609 3552.587 159.4185 -833.9636 3381.999 87.27067 -863.8381 3251.576 129.3876 -893.7274 3263.259 229.3653 -878.5615 3327.733 85.46816 -899.2359 3285.329 97.97817 -908.2219 3408.315 
94.649 161.066 -239.4052 3384.809 156.4655 -404.4236 3355.122 153.2387 -537.5032 3338.991 157.1545 -741.1754 3351.838 187.9039 -706.9254 3354.067 319.7029 -681.313 3360.071 375.5826 -454.5958 3473.985 417.5626 -249.63 3535.435 399.117 -194.9523 3605.191 396.5441 -147.155 3694.796 355.7136 -159.4178 3475.289 125.0024 -707.9969 3347.334 6.72847 -675.7138 3331.326 -56.85876 -418.827 3324.714 -66.92003 -218.6515 3232.035 -60.19917 -143.843 3294.166 -41.63432 -55.11652 3336.046 -48.30808 -182.4687 3360.772 246.6163 -240.838 3379.516 237.1708 116.0525 3260.343 225.8154 470.5618 3200.501 247.5024 488.4748 3026.632 83.92143 -238.1132 3389.582 92.78542 112.4579 3525.151 103.7487 441.5747 3679.051 86.53709 523.3419 3540.207 159.9601 -817.5317 3344.096 104.2928 -853.5472 3208.349 143.4625 -883.3914 3226.902 234.3717 -866.5906 3302.126 97.25909 -886.5534 3243.379 93.94551 -888.2342 3366.504 
94.697 155.4509 -230.4454 3335.462 152.6217 -396.2463 3309.373 151.074 -529.8 3296.313 157.006 -733.2889 3313.239 187.3623 -698.6304 3315.3 318.0846 -666.9792 3316.633 372.5421 -451.3424 3451.328 410.7639 -250.7391 3528.289 395.611 -185.3578 3589.155 397.4064 -126.2824 3671.882 349.3694 -167.5132 3458.368 124.5467 -700.5424 3307.552 7.473834 -669.6793 3281.996 -58.85159 -413.2647 3288.519 -78.52836 -201.5656 3228.227 -85.93888 -138.1668 3302 -80.18362 -56.30013 3359.024 -62.60652 -153.6487 3343.061 240.8849 -230.6676 3327.609 234.7335 127.4097 3210.854 228.1801 482.4536 3151.738 249.9684 492.834 2977.127 78.41122 -230.2451 3342.543 88.72517 116.2894 3488.801 107.2731 430.7207 3670.799 86.75603 520.0244 3536.988 160.7774 -809.8063 3307.042 108.3332 -842.8853 3169.146 143.7499 -875.87 3189.914 232.3185 -866.1259 3269.216 96.70282 -874.5654 3204.231 87.57038 -873.9177 3327.17 
94.729 160.8051 -226.5054 3298.784 157.4597 -394.1695 3267.276 155.8356 -529.4056 3249.478 159.3108 -736.8465 3258.006 190.8066 -702.1801 3259.981 325.0097 -678.5415 3271.118 378.8071 -452.4955 3397.071 421.2744 -249.4853 3475.76 418.8535 -192.4819 3548.055 429.3726 -133.0918 3631.975 366.8595 -162.015 3409.84 126.6225 -702.8796 3255.22 6.452009 -665.7405 3255.825 -73.38778 -410.8587 3221.416 -83.21271 -258.3028 3056.818 -86.8787 -160.146 3070.422 -136.6626 -122.8154 3150.714 -76.0347 -148.1812 3129.954 247.1573 -225.9395 3286.604 232.3182 138.7559 3170.921 219.9184 498.8475 3107.033 246.2859 515.7999 2930.62 82.93758 -227.0156 3309.767 88.50854 124.7326 3459.874 106.9812 434.4978 3660.965 84.71825 542.4703 3538.4 161.5543 -814.3478 3248.392 132.3282 -860.6682 3104.795 164.9429 -891.3202 3134.164 240.4727 -872.3326 3227.093 115.3737 -890.2379 3140.667 85.85542 -879.8247 3262.006 
94.76 164.1475 -221.1343 3242.748 159.6714 -391.3875 3217.181 157.2625 -528.6412 3206.604 170.1995 -737.1691 3223.088 200.3847 -700.7372 3223.663 333.7215 -665.1864 3224.292 385.5068 -436.3108 3351.161 426.1758 -236.4351 3443.491 439.5379 -180.7519 3516.712 421.127 -119.6324 3599.208 378.8215 -139.5258 3383.413 135.6937 -704.5331 3219.09 12.91985 -673.31 3210.829 -69.82404 -414.5015 3203.666 -75.30207 -259.6907 3038.107 -73.1765 -160.9358 3021.978 -96.99335 -146.012 3120.578 -105.742 -159.5445 3031.159 251.5427 -221.8629 3232.299 233.433 150.4735 3130.39 214.3668 515.1057 3074.838 241.0874 540.2961 2897.761 85.33947 -220.4772 3252.17 86.15636 128.5212 3417.172 105.9155 420.6996 3648.543 87.57836 556.4015 3554.028 175.9675 -815.5222 3216.334 134.2292 -845.9417 3070.067 169.5155 -879.7292 3093.147 253.453 -870.5703 3181.729 120.2236 -879.8133 3103.993 100.9436 -883.3913 3228.942 
94.792 168.3356 -219.7639 3213.943 165.2392 -390.1154 3187.16 163.2429 -526.8945 3169.863 178.2512 -736.2406 3170.455 208.1079 -699.6108 3173.94 341.3128 -662.8233 3175.26 394.33 -437.1331 3308.011 433.7412 -234.9809 3396.649 460.8086 -174.1422 3461.701 467.9741 -104.3204 3539.068 391.9892 -138.256 3331.193 143.3808 -703.6873 3168.806 19.98295 -674.103 3160.969 -68.43082 -417.2534 3178.488 -75.1899 -246.6257 3028.831 -78.05774 -152.6584 2994.069 -120.4309 -117.7067 3080.82 -101.1909 -152.3665 2990.242 255.8932 -219.7526 3203.748 236.907 153.9154 3104.772 215.8348 521.75 3072.238 244.5528 556.0211 2896.736 89.38111 -219.7742 3223.136 85.38742 131.6268 3384.268 103.923 417.2799 3624.594 79.63293 562.6094 3546.783 184.8446 -813.9029 3157.753 152.5268 -864.3392 3014.422 181.7072 -897.0919 3046.104 258.3828 -881.3798 3140.411 131.9047 -890.5308 3051.71 101.7032 -871.119 3173.179 
94.824 178.96 -219.614 3154.473 176.1028 -391.1143 3124.618 174.6062 -529.5651 3110.402 189.5992 -740.754 3118.34 219.7152 -703.6877 3121.004 352.0669 -659.8222 3125.521 412.9794 -433.6521 3259.172 454.9438 -219.5712 3319.5 471.9862 -161.5683 3391.442 478.584 -99.62888 3476.526 394.1616 -124.0952 3265.202 154.447 -707.9588 3115.102 29.36803 -680.6447 3106.156 -63.76407 -426.4836 3153.404 -74.07124 -245.9669 3012.537 -80.97972 -146.9687 2992.813 -85.08542 -95.03469 3082.417 -77.43767 -134.1219 2988.898 267.6453 -219.8264 3147.206 247.9761 161.5393 3064.719 224.4429 534.1498 3061.206 247.5652 564.5432 2882.418 98.98856 -219.4224 3161.026 86.45253 150.9042 3283.515 108.4107 393.8672 3571.335 83.99378 556.0176 3533.866 196.3684 -819.541 3108.263 141.3904 -854.1863 2965.548 178.6382 -888.032 2986.776 270.9345 -877.0702 3068.425 129.9321 -887.2381 3001.955 121.3127 -886.8968 3129.525 
94.855 183.1637 -222.4674 3112.612 180.8598 -393.2849 3082.146 179.7585 -531.4019 3069.193 197.2425 -741.4709 3081.766 226.8231 -704.1225 3083.493 359.2669 -662.4147 3090.734 425.8841 -432.9422 3213.825 472.2793 -215.4355 3251.663 509.6465 -166.478 3322.226 488.7612 -102.739 3403.141 436.4354 -107.5884 3201.067 161.8081 -709.2834 3077.924 36.37101 -685.1517 3071.179 -56.79475 -434.1563 3128.865 -76.95216 -243.3389 3004.879 -81.83766 -142.6299 3002.937 -73.75174 -118.1882 3102.984 -71.23499 -131.1045 2990.355 271.6647 -222.6318 3106.841 250.8247 161.6033 3047.224 224.7298 532.3624 3065.741 245.8959 570.5873 2888.84 103.3585 -222.3191 3117.816 87.62769 152.6222 3220.14 108.9968 377.4969 3520.789 83.32881 540.7962 3492.844 204.8971 -820.1178 3073.46 132.0097 -861.9901 2941.693 171.4611 -894.8711 2959.758 273.263 -880.3635 3027.804 125.2903 -892.7272 2980.968 133.2627 -885.1747 3107.933 
94.887 186.4567 -224.5318 3066.878 185.4007 -393.1336 3034.791 185.2303 -529.3582 3018.371 198.0787 -736.9756 3037.157 228.1171 -700.6329 3037.769 362.4147 -671.9256 3045.045 436.8121 -433.7987 3136.894 499.076 -233.1306 3212.008 531.4996 -197.7935 3291.264 505.0901 -150.3489 3379.906 465.8726 -117.2739 3182.512 163.7209 -704.5307 3032.35 39.08024 -683.3399 3027.648 -50.1101 -436.045 3092.958 -73.89261 -236.6333 2989.399 -79.62494 -139.3748 3010.769 -76.6972 -96.00874 3103.241 -77.63056 -127.5326 3005.076 273.9482 -223.8835 3060.592 251.9752 159.5388 3031.744 227.9226 524.6974 3071.179 259.8958 571.2958 2900.043 107.5617 -225.1164 3072.546 86.80073 153.3854 3138.226 103.7989 371.4771 3439.036 66.18597 532.2037 3423.308 203.9909 -815.1208 3031.327 144.1685 -854.6188 2894.366 179.8941 -888.4598 2916.228 273.6016 -877.4562 2993.504 132.4265 -884.5142 2932.389 127.64 -876.5773 3058.093 
94.919 184.9865 -228.4806 3025.859 185.5471 -396.2864 2996.327 186.7192 -531.931 2983.93 195.129 -739.0839 2986.95 225.7503 -703.7925 2989.808 358.7537 -674.9972 3000.776 450.9973 -440.907 3080.44 526.3366 -237.6163 3125.866 528.155 -186.2868 3202.151 541.2125 -134.101 3290.218 478.4122 -141.9549 3067.091 161.6859 -705.8913 2985.101 37.90904 -684.8467 2988.478 -47.58319 -441.0644 3063.146 -74.05883 -228.8166 2995.568 -80.38497 -135.621 3028.423 -46.29889 -95.01263 3114.9 -52.6228 -114.1204 2990.574 271.8901 -227.2321 3020.414 253.9047 154.6185 3027.429 237.4258 517.7148 3064.909 246.8965 565.5588 2892.768 106.6218 -229.6064 3030.768 88.15894 151.8243 3036.92 116.2183 359.1872 3341.145 59.86699 512.7288 3322.515 199.1937 -816.1169 2975.301 193.9984 -869.7361 2831.601 213.1299 -902.5786 2869.19 268.6282 -888.1835 2975.826 164.4863 -892.5736 2863.989 111.6974 -866.2864 2974.353 
94.95 183.6112 -230.9339 2988.999 185.4216 -400.7892 2959.594 186.9801 -538.0586 2947.404 197.8217 -747.5615 2948.497 228.4761 -711.541 2950.953 360.238 -673.0645 2966.416 451.765 -429.6914 3027.205 512.8679 -223.3711 2964.54 539.549 -180.9546 3042.941 562.3849 -113.6782 3119.453 486.7233 -107.3718 2987.362 163.5894 -714.3382 2947.71 39.41215 -688.556 2955.699 -38.78068 -439.3819 3032.018 -74.06853 -221.8248 2977.87 -81.73532 -143.3907 3039.728 -59.4701 -105.0078 3132.269 -55.52243 -109.1267 3008.652 271.7097 -229.8692 2988.272 253.9807 155.6468 3014.868 237.7293 520.9534 3069.31 252.9281 565.8631 2894.605 104.1689 -231.894 2989.653 85.46716 152.6962 2957.051 128.8564 374.7515 3254.333 68.14114 519.2373 3197.97 202.4941 -825.3527 2935.962 190.6509 -874.6407 2789.198 211.395 -909.235 2825.227 272.2129 -898.6136 2931.03 162.0678 -898.6813 2822.43 113.6691 -875.584 2937.115 
94.982 180.9055 -230.2665 2948.739 184.2544 -400.2439 2919.328 186.7671 -537.5485 2906.412 199.0734 -747.1439 2907.918 229.5413 -710.8777 2909.774 359.632 -665.9586 2922.865 452.1248 -421.3018 2977.733 505.3566 -228.8257 2875.596 532.2366 -162.2428 2934.895 552.5126 -106.3744 3020.846 484.1896 -116.1124 2859.452 164.5767 -714.1296 2907.597 40.21694 -689.4435 2917.638 -34.17357 -443.3448 3007.37 -73.57231 -222.647 2970.835 -66.13096 -148.2624 3037.659 -33.91073 -91.30649 3116.832 -30.36078 -113.9666 2929.501 269.061 -228.8006 2950.304 253.9462 154.619 3001.839 240.1374 517.0153 3075.215 252.6802 562.7788 2900.365 101.4117 -231.5885 2947.327 83.9858 151.7867 2899.45 117.871 414.1752 3163.658 61.20021 537.8314 3067.308 204.0789 -825.0029 2895.517 163.9236 -878.5933 2755.284 197.3573 -909.2847 2784.785 279.99 -888.1992 2872.866 147.8102 -905.6234 2794.184 125.8921 -886.9076 2917.572 
95.014 179.2341 -229.1821 2910.52 185.7278 -399.7354 2884.414 190.4791 -537.3517 2874.781 199.8249 -747.1385 2881.903 230.8609 -711.2643 2882.159 361.0883 -665.3439 2890.695 450.5294 -415.3018 2922.418 496.3426 -236.4742 2794.714 532.549 -168.8203 2847.601 559.0885 -106.7785 2927.491 495.9892 -126.2502 2761.923 165.7786 -713.6134 2881.325 41.86792 -685.483 2888.683 -30.42445 -438.041 2977.031 -71.45049 -215.0753 2960.497 -52.24815 -139.6014 3023.771 -11.28791 -78.35274 3095.442 -32.20015 -112.1359 2903.232 267.3563 -226.403 2914.283 255.9061 153.5933 2989.026 247.2703 511.0833 3085.114 255.8797 567.2457 2912.939 99.77045 -231.6881 2907.126 83.4315 148.0778 2834.306 125.0075 448.5347 3053.403 76.49113 553.6277 2933.286 203.4756 -825.4333 2871.578 156.6855 -874.2079 2731.518 190.4021 -906.5472 2758.937 276.8533 -889.9412 2844.396 141.3178 -901.8856 2770.312 124.5066 -885.9583 2894.982 
95.046 172.8398 -222.0116 2875.012 184.2358 -389.0347 2847.566 192.3185 -523.9534 2836.365 197.6792 -730.327 2837.388 228.8423 -695.6749 2838.043 357.9581 -654.3191 2847.879 458.3174 -411.6231 2856.657 498.8722 -262.8967 2698.931 527.6733 -192.6704 2750.145 548.7489 -129.2233 2828.169 490.4535 -148.1003 2679.439 164.8601 -696.7674 2838.391 44.01791 -665.2312 2844.795 -27.17093 -428.1432 2946.821 -71.27602 -209.201 2946.535 -57.04343 -134.8544 3009.702 -26.35358 -79.00819 3088.056 -43.7826 -105.3971 2987.978 258.9815 -217.5831 2883.829 252.6038 153.5609 2968.258 247.801 502.0335 3072.675 253.1982 566.9113 2906.856 95.16202 -226.005 2867.06 81.72253 145.5371 2787.18 114.1327 480.3246 2935.59 65.37521 558.7916 2800.207 199.6008 -806.9879 2825.018 195.159 -864.7426 2683.624 217.1323 -894.9871 2721.509 273.4313 -873.8939 2825.994 168.0415 -888.4539 2717.132 116.0661 -862.6807 2827.388 
95.125 168.6789 -219.676 2842.021 180.783 -386.4676 2813.707 189.7052 -521.1927 2801.234 197.5706 -727.429 2798.702 228.3145 -692.4128 2799.017 356.2241 -647.9101 2810.363 455.1465 -404.5783 2805.368 488.2425 -269.8349 2633.992 522.8009 -197.3052 2677.875 549.77 -128.5225 2749.251 481.4689 -162.9335 2595.163 164.4016 -694.3094 2801.215 43.82287 -664.7923 2816.089 -29.18543 -429.6609 2921.162 -79.08228 -212.0508 2917.166 -63.01537 -154.4406 2995.517 -61.50062 -91.54124 3074.492 -55.69209 -114.2867 2974.063 254.927 -214.6207 2849.112 250.4808 153.0388 2947.406 246.7509 496.5265 3067.01 266.8539 571.9307 2906.914 90.90524 -224.2347 2835.627 86.28133 143.8646 2740.627 108.3629 504.3851 2808.733 70.27784 559.9563 2659.358 200.0479 -803.8343 2785.023 201.7648 -865.5037 2645.267 221.5932 -894.8534 2684.979 273.0469 -871.3222 2791.395 172.8464 -888.0139 2678.075 115.9501 -858.6852 2784.931 
95.156 162.1724 -209.6838 2803.296 176.9419 -374.3101 2772.492 188.3674 -507.8368 2762.135 194.2141 -712.3144 2757.923 225.0056 -677.8821 2757.672 354.8155 -643.5878 2768.768 459.6503 -405.2273 2773.021 470.3969 -305.7451 2578.687 494.4893 -222.1186 2604.405 517.8471 -139.2466 2658.779 444.4805 -192.8154 2578.504 161.7155 -679.2084 2761.534 41.61214 -653.0114 2777.332 -28.86546 -421.5696 2886.338 -78.39145 -206.1725 2898.443 -53.64485 -142.3593 2968.177 -37.80073 -75.67686 3041.125 -48.83931 -107.8516 2947.354 247.7513 -202.6125 2806.536 241.546 153.8605 2929.954 235.4589 485.8637 3070.472 260.0929 566.1638 2915.179 85.00212 -216.0604 2800.373 92.07831 146.8788 2699.071 99.75658 511.1348 2694.965 72.98882 545.223 2538.417 195.6098 -787.9689 2743.75 188.1731 -846.5903 2604.318 211.4718 -875.8658 2641.501 269.8232 -853.1158 2743.242 162.6194 -870.1923 2638.484 113.8055 -844.4261 2748.937 
95.172 160.9078 -202.6069 2766.719 177.2893 -366.8931 2738.243 189.4637 -500.0761 2730.913 193.4703 -703.7319 2722.214 224.4579 -669.6994 2722.714 353.7584 -634.7891 2731.897 458.2202 -397.2402 2730.006 461.2891 -309.1759 2530.818 483.7288 -224.3696 2552.76 498.0905 -136.7859 2601.949 442.7679 -219.0308 2465.349 161.3826 -670.543 2726.548 41.46955 -642.4221 2735.621 -33.60629 -416.05 2849.8 -84.46351 -202.7801 2873.859 -60.50428 -133.1127 2937.517 -52.54221 -56.66531 3001.083 -54.51081 -99.52898 2911.003 246.0017 -195.1571 2772.691 239.2461 155.8939 2907.063 231.6979 481.1718 3059.471 254.6052 569.1662 2908.863 84.17498 -209.3248 2761.334 88.23631 152.7876 2661.873 93.96061 510.9845 2602.854 66.03608 535.8527 2445.37 194.1872 -778.7979 2706.427 202.2258 -842.5062 2569.871 218.1002 -871.4385 2610.783 263.0224 -848.069 2718.526 170.7893 -862.9579 2600.759 109.1891 -829.7053 2701.945 
95.204 162.5641 -183.2917 2726.904 175.8971 -348.6688 2698.898 185.6136 -482.5216 2689.753 188.2332 -687.191 2684.27 219.5663 -653.2076 2683.664 348.176 -612.8863 2686.995 465.529 -380.9478 2705.966 469.7355 -328.4452 2493.654 453.6763 -255.812 2441.555 418.291 -168.006 2403.824 425.1189 -244.4286 2423.851 156.2941 -653.5881 2688.653 38.18074 -616.4762 2696.132 -33.88505 -392.636 2819.517 -85.78696 -179.5153 2850.425 -93.70853 -98.79772 2905.049 -68.54542 -55.22786 2991.667 -86.48278 -75.63873 2891.358 248.0991 -177.5472 2733.704 239.5733 167.3204 2887.173 230.389 483.5461 3060.732 266.4514 573.1993 2912.814 85.43349 -188.4718 2720.773 80.78149 173.5671 2615.138 79.0127 529.5335 2536.115 46.67474 528.8954 2376.805 188.21 -762.8296 2669.632 178.1179 -826.7095 2532.573 200.647 -855.2638 2570.833 260.2857 -830.4211 2671.438 151.9564 -848.0925 2567.777 104.5528 -816.3336 2677.385 
95.235 155.0641 -173.6006 2685.03 168.8911 -338.382 2657.411 178.886 -471.7217 2648.228 181.7838 -675.6583 2643.265 212.9678 -641.7624 2642.858 341.412 -603.7117 2652.863 457.2497 -372.3537 2675.016 463.5768 -314.3134 2465.026 439.3053 -253.5564 2402.516 402.2718 -181.667 2341.108 413.8751 -236.7083 2389.659 149.8836 -642.205 2647.271 30.91118 -610.6544 2658.353 -40.51856 -396.0542 2795.669 -88.61284 -180.6647 2792.682 -70.9363 -105.5835 2852.205 -40.65633 -63.773 2937.625 -52.6804 -84.27791 2836.708 240.2 -167.7507 2692.75 236.6593 172.3186 2853.586 230.2626 473.4737 3049.873 265.6533 575.5475 2910.875 78.29322 -178.8757 2678.068 81.18741 181.3508 2571.054 86.02946 535.3572 2489.483 56.28505 534.0104 2330.272 181.9786 -751.0565 2628.856 193.2452 -834.0363 2503.202 206.7955 -857.1229 2548.478 248.3943 -819.4315 2653.553 160.1105 -849.1107 2535.429 95.74859 -800.1848 2628.29 
95.267 145.0415 -166.4396 2637.605 160.4013 -331.0665 2611.744 171.3044 -464.2607 2605.407 171.8616 -667.9088 2603.946 203.3925 -634.4482 2603.52 332.2236 -598.5262 2613.202 445.3278 -366.8846 2640.498 465.4315 -305.4111 2432.768 438.1456 -254.9987 2362.961 399.1197 -181.5824 2304.989 403.8975 -246.3172 2354.029 140.3526 -634.0845 2606.816 21.65847 -602.1655 2617.359 -52.34773 -382.2511 2743.545 -103.2242 -168.4828 2759.538 -86.26274 -88.99029 2812.944 -54.59994 -31.4234 2887.841 -78.25433 -70.05106 2802.239 229.8633 -159.9177 2646.467 233.1722 172.8857 2820.406 231.1593 457.08 3039.57 266.6449 578.5038 2917.592 68.5539 -172.3206 2629.614 77.00698 190.1814 2533.482 88.23154 547.3808 2471.755 53.13383 563.7396 2314.778 171.4124 -743.4046 2590.843 144.014 -813.1549 2460.058 172.1716 -839.4182 2495.752 244.2337 -809.1993 2585.392 123.6362 -833.2903 2499.232 91.38374 -797.6901 2612.359 
95.299 141.6158 -153.6143 2595.707 154.5086 -322.3744 2572.945 163.539 -458.4789 2567.151 162.8379 -666.2969 2567.682 195.2166 -632.3557 2566.7 326.0091 -593.0389 2575.203 434.1752 -360.4906 2639.965 460.8091 -241.6029 2454.364 427.1334 -226.2067 2369.954 403.5361 -184.6212 2278.236 398.9345 -230.7827 2341.278 130.9146 -631.5577 2570.488 12.23481 -591.0843 2581.637 -51.60538 -357.8894 2700.758 -93.9725 -137.1592 2706.283 -100.7388 -66.59122 2775.74 -65.22034 -11.19579 2853.239 -73.80891 -24.54715 2763.868 228.2225 -148.2693 2605.135 235.302 194.6709 2775.998 233.8218 454.4751 3034.12 271.2841 577.2184 2908.865 63.51862 -158.4341 2587.206 73.03627 211.7314 2490.131 87.74524 579.1852 2448.596 53.84184 590.5212 2287.525 161.8228 -743.4591 2555.066 131.224 -811.9893 2420.802 160.9039 -839.3859 2456.003 236.3249 -810.0611 2546.433 111.4374 -833.4794 2460.794 80.95021 -799.7472 2577.679 
95.331 141.6626 -155.7057 2551.518 153.2776 -323.925 2526.348 160.7476 -459.825 2519.123 155.2876 -667.0312 2528.047 188.3922 -633.9371 2526.366 321.0716 -602.9003 2536.096 424.4894 -368.6949 2600.825 456.0337 -204.8922 2454.883 428.9537 -204.2786 2366.94 393.6773 -176.4511 2273.969 413.3075 -200.9993 2337.07 124.171 -631.57 2528.777 6.728984 -588.2266 2539.853 -56.84778 -351.9526 2651.806 -97.71137 -131.2552 2651.55 -92.88129 -54.34387 2713.823 -68.50636 15.25383 2783.563 -85.6117 -22.88385 2700.994 227.7902 -151.64 2564.09 235.2648 202.6205 2708.319 239.0296 427.3164 2996.717 264.2607 577.7179 2902.947 63.99757 -159.372 2540.181 70.96996 213.1583 2455.234 84.79333 582.2589 2446.479 63.19001 603.0816 2284.523 152.7615 -744.4738 2518.566 134.5844 -810.9507 2381.343 161.187 -838.689 2418.543 228.0473 -810.4277 2515.534 111.5365 -833.1286 2419.044 70.7259 -801.4379 2533.091 
95.363 130.8943 -154.6073 2512.103 142.5989 -322.4441 2485.875 150.8241 -458.0804 2477.758 145.5448 -665.2068 2474.958 178.5809 -632.0902 2475.603 310.4724 -599.9496 2489.281 401.6755 -369.3178 2579.033 443.3981 -191.0273 2454.632 419.6622 -176.8226 2366.989 403.3126 -135.0708 2274.115 405.3791 -174.2389 2334.077 114.4087 -629.9068 2477.239 -2.895094 -587.7338 2491.937 -65.40813 -351.2153 2603.169 -104.3964 -130.5927 2595.557 -97.31686 -53.10448 2656.695 -85.20238 20.86174 2724.946 -67.12484 -22.52885 2544.6 217.407 -149.8495 2520.265 244.2861 214.5941 2631.861 246.0331 402.5868 2944.911 260.405 574.9094 2899.427 52.88192 -158.8976 2504.743 65.1006 215.3812 2430.937 85.711 582.9182 2456.556 54.03546 612.1956 2297.803 143.2657 -741.9011 2461.127 138.199 -821.5195 2330.144 161.3482 -845.1188 2372.109 218.7331 -806.7087 2471.464 111.8998 -840.2302 2367.515 60.61665 -798.2483 2473.559 
95.394 128.613 -156.5927 2473.894 141.6235 -326.7106 2448.852 151.0682 -463.9671 2440.095 141.284 -673.5176 2445.512 175.4422 -640.707 2444.406 310.3538 -612.4175 2453.93 398.1223 -385.4189 2563.993 439.5996 -191.929 2458.637 418.0974 -154.9945 2375.955 401.6326 -89.19899 2296.531 404.8469 -155.7711 2336.041 110.5447 -637.0358 2446.851 -5.722217 -586.8746 2457.989 -66.61399 -340.7898 2557.009 -98.22704 -119.4308 2517.769 -95.12614 -35.02727 2571.708 -69.72875 50.38661 2622.685 -61.04817 -20.78412 2423.588 216.205 -151.0794 2481.949 241.9867 228.6216 2551.92 234.6136 391.1565 2884.014 241.4739 570.1746 2857.661 49.62739 -161.5643 2466.63 64.52953 220.9755 2413.219 87.11324 590.8204 2461.755 55.51492 618.9572 2300.616 137.1474 -751.6036 2434.576 140.8962 -819.6069 2294.986 161.0638 -847.644 2336.629 212.135 -818.9926 2444.266 111.4852 -841.5798 2328.942 52.33372 -808.3971 2435.891 
95.426 124.78 -164.8941 2436.253 135.1955 -334.4384 2414.759 142.4201 -470.8396 2405.877 132.9806 -678.9846 2405.9 166.8534 -646.3446 2406.131 300.5582 -618.4728 2419.101 379.6299 -369.4221 2464.461 442.8784 -157.4758 2489.48 441.6846 -105.7929 2412.879 394.0002 -73.77225 2326.537 401.4254 -125.6501 2361.318 102.3811 -642.8472 2407.674 -12.50784 -591.8112 2418.874 -72.12676 -342.8702 2505.457 -96.6461 -123.723 2458.733 -95.92612 -32.21933 2497.817 -64.7654 5.108722 2408.23 -72.83297 -16.31355 2388.044 211.3927 -161.081 2448.146 236.943 221.55 2471.723 212.0975 383.7444 2800.203 249.1071 556.3581 2766.145 46.6775 -168.3325 2425.529 65.59156 214.3713 2403.671 85.97854 581.9116 2450.294 62.33299 616.0217 2290.168 129.1703 -756.2255 2393.044 134.8946 -833.5295 2259.726 153.6462 -858.584 2303.386 202.4646 -823.1934 2409.058 104.6815 -852.5151 2294.254 44.17221 -811.3307 2396.497 
95.458 122.6485 -161.695 2401.124 132.1785 -332.0029 2381.376 139.3097 -468.7489 2371.65 127.4219 -677.3627 2369.676 161.7626 -645.0326 2370.718 294.66 -613.179 2386.677 367.6042 -364.5549 2446.751 429.0116 -156.1289 2497.96 443.9318 -92.69014 2432.061 387.9843 -66.57131 2348.371 399.7354 -110.7998 2369.361 97.1327 -640.7798 2371.306 -16.65527 -586.3619 2381.93 -73.4246 -332.1136 2456.634 -93.07941 -111.7032 2410.405 -87.38606 -12.33379 2417.591 -47.87648 34.18053 2335.582 -58.05195 -7.087685 2346.511 210.003 -157.6674 2408.545 241.3305 226.0898 2393.731 197.6802 384.9731 2723.057 250.7559 546.0098 2661.717 43.87712 -165.3268 2394.432 64.07761 219.0398 2392.156 84.4808 585.091 2455.899 57.30096 619.7083 2295.948 122.9009 -754.6618 2356.039 122.3154 -829.3167 2220.59 144.9406 -854.5704 2262.454 199.686 -819.3411 2365.652 95.13903 -850.1387 2256.751 40.1227 -813.1157 2364.014 
95.505 126.7763 -167.3816 2365.809 130.7549 -335.1841 2346.913 133.4131 -469.8558 2337.374 124.8517 -675.1898 2333.452 158.1241 -642.8975 2335.372 289.0082 -613.4282 2353.228 360.9222 -374.5831 2432.182 421.5903 -174.697 2499.897 428.2435 -96.31436 2453.816 364.0232 -41.41096 2396.134 378.1587 -97.9985 2393.076 94.49369 -639.6682 2334.817 -18.28019 -588.226 2346.594 -79.4529 -336.4269 2409.219 -104.2099 -121.8258 2356.471 -105.7576 -25.21227 2373.769 -55.08426 50.47768 2331.166 -65.99967 -6.879292 2325.809 212.7104 -166.2639 2373.977 222.3885 208.3527 2317.142 200.5063 409.5712 2617.55 240.4877 567.0953 2546.507 49.28573 -168.3894 2358.443 65.79758 208.9386 2384.966 81.59339 569.1939 2447.851 59.13483 618.7432 2293.998 121.7971 -751.1625 2319.305 130.866 -824.4154 2186.274 149.0337 -849.7813 2229.108 194.8761 -816.4207 2334.898 100.7973 -844.3533 2219.406 38.78016 -806.8903 2320.095 
95.537 122.4107 -165.9493 2336.06 126.9225 -333.3756 2315.33 130.1415 -468.0943 2308.715 123.4799 -673.3545 2307.274 156.3654 -640.7693 2309.84 288.7322 -622.1702 2330.324 358.793 -383.1537 2409.68 417.6502 -182.7138 2476.743 392.9847 -113.7859 2422.541 346.3602 -44.30157 2363.838 362.7225 -95.64098 2397.403 92.81631 -638.1233 2307.172 -25.14888 -599.3512 2314.74 -83.62807 -344.4238 2365.11 -100.3433 -138.723 2282.818 -108.1852 -43.82667 2306.323 -50.21037 37.21577 2293.46 -75.13117 -28.49105 2303.021 208.5727 -164.0635 2339.582 207.7237 209.2223 2275.769 193.0092 459.969 2536.34 227.8132 586.7888 2417.551 44.71459 -167.6498 2332.883 63.19286 207.7368 2375.894 80.2009 566.098 2446.929 59.12899 619.1807 2294.211 121.5426 -749.4655 2294.066 119.0571 -815.7298 2157.287 141.3267 -842.9267 2196.883 196.3332 -814.2883 2299.524 92.39181 -837.7317 2191.93 39.58437 -806.3285 2299.571 
95.568 119.6208 -163.723 2307.948 123.2661 -329.3055 2284.845 126.0981 -462.5731 2274.621 120.7946 -665.8965 2267.987 153.1163 -633.4978 2272.04 284.0098 -616.9486 2295.44 352.2977 -386.806 2392.731 409.6901 -194.0924 2475.384 384.691 -121.7658 2427.524 356.7115 -37.89093 2378.123 359.6913 -97.68789 2410.195 90.20327 -631.1681 2268.095 -29.00116 -600.7147 2275.73 -96.26522 -351.3595 2330.087 -113.8022 -171.3857 2204.508 -121.8158 -103.5238 2273.611 -87.22491 -15.37042 2304.329 -92.84352 -40.8476 2220.638 205.065 -161.987 2308.988 213.4005 199.6202 2209.076 193.854 480.3241 2431.411 220.1534 595.1355 2301.173 42.57202 -165.2884 2307.011 62.49999 204.6317 2364.201 79.78252 557.1403 2446.475 58.33096 621.0848 2299.666 119.6269 -740.9722 2252.988 117.0562 -815.6033 2122.183 138.0903 -840.313 2163.409 192.179 -806.3218 2263.604 89.78619 -834.4328 2157.589 37.08966 -794.9966 2261.273 
95.6 115.9962 -163.6971 2279.858 118.8777 -329.9936 2256.373 120.9167 -464.0537 2248.876 116.4869 -668.3882 2245.679 148.7191 -635.6495 2250.028 279.7613 -619.9625 2276.425 346.0721 -390.3704 2379.303 401.7737 -198.1383 2466.655 374.251 -124.7258 2421.129 355.0533 -35.07447 2377.038 354.8503 -104.3255 2389.567 85.64434 -633.6313 2244.364 -33.31039 -599.5536 2248.792 -96.99859 -344.2614 2281.181 -110.2779 -165.9709 2151.038 -114.8642 -88.23521 2209.903 -102.8709 -25.04947 2286.476 -101.4672 -64.143 2178.553 201.8105 -162.511 2281.99 193.6329 198.8297 2175.053 191.2202 526.0182 2325.719 210.8634 604.9844 2169.229 38.61358 -164.7665 2277.937 59.71115 203.9695 2351.097 78.8203 554.0157 2449.104 50.35381 622.8633 2304.935 115.9775 -744.0552 2231.92 115.6766 -808.8184 2095.192 136.093 -836.7352 2134.953 188.6725 -810.3958 2238.817 87.68024 -830.3489 2128.74 32.95309 -798.7053 2234.668 
95.632 116.6174 -157.0934 2251.012 117.7065 -322.462 2227.296 118.3603 -455.6257 2217.042 117.123 -658.8998 2213.822 148.7362 -625.8339 2217.559 279.4141 -609.2261 2241.375 344.7572 -385.6592 2354.124 399.6997 -198.8423 2450.316 367.9981 -123.8984 2411.467 355.4345 -29.46883 2377.355 354.1025 -97.44366 2389.233 85.88268 -624.822 2213.117 -33.38806 -594.7126 2218.935 -102.4233 -341.4365 2243.579 -113.2805 -169.5728 2106.761 -111.6576 -89.62395 2161.823 -96.11298 -25.11704 2235.912 -98.48355 -62.50468 2111.329 201.975 -156.8403 2253.167 194.7854 197.9704 2132.352 198.2871 548.038 2208.514 209.3069 598.9264 2040.99 39.64663 -157.3216 2249.068 60.19422 207.1543 2332.563 78.87569 551.5378 2442.682 45.73576 622.6481 2301.627 117.5523 -734.1522 2200.103 105.2084 -802.6559 2066.697 127.853 -829.7214 2105.451 188.5906 -801.7546 2203.541 79.53135 -822.3095 2102.776 34.17538 -786.2296 2210.916 
95.663 119.2643 -153.8257 2217.013 118.6487 -318.2295 2195.569 118.237 -450.4763 2186.664 115.8062 -652.2119 2184.482 147.312 -619.5715 2188.59 277.4122 -603.6608 2210.266 344.2938 -385.8708 2328.786 400.4842 -203.6305 2429.239 366.6959 -127.822 2395.781 352.4269 -32.46473 2367.724 354.5713 -98.00804 2386.224 85.03242 -618.2064 2183.047 -33.07655 -586.8975 2185.67 -104.9797 -336.0669 2205.312 -110.9932 -170.6595 2063.018 -117.8083 -94.23021 2121.294 -114.2576 -34.27298 2199.62 -96.80709 -63.3567 2055.347 203.9977 -154.0324 2216.165 191.0576 198.9134 2099.213 189.1584 554.0952 2115.453 204.8291 582.17 1944.349 42.85644 -153.6393 2217.777 61.10598 204.2217 2316.37 78.97179 541.2085 2439.722 50.29743 621.6611 2304.212 116.0114 -726.9655 2171.261 101.8408 -792.3743 2037.765 123.4117 -820.5431 2075.804 184.3839 -796.2651 2173.644 75.71241 -811.6552 2073.225 31.68281 -776.2136 2181.073 
95.695 114.416 -145.3719 2185.128 115.9795 -310.4807 2164.939 117.4003 -443.2481 2157.461 119.3365 -645.6645 2156.211 150.1778 -612.2249 2160.599 279.5004 -585.3235 2178.431 344.4832 -370.0954 2304.304 399.1097 -189.9053 2410.677 364.1801 -111.153 2385.396 350.1644 -13.47976 2365.046 358.6886 -79.08406 2383.092 87.75789 -612.2259 2154.195 -31.34211 -583.0673 2155.093 -105.6062 -332.2824 2177.84 -107.5707 -166.7087 2034.52 -108.405 -75.82326 2067.453 -103.5537 4.137747 2125.675 -97.58066 -51.57271 2017.971 199.4135 -144.3728 2183.54 193.6269 211.8078 2072.028 187.5466 564.8058 2020.893 211.0708 571.0798 1847.923 37.76997 -146.2728 2186.56 58.08408 209.161 2297.409 77.44478 538.101 2443.61 55.62895 624.1915 2309.668 121.3313 -720.7027 2143.311 119.3799 -778.7874 2005.215 135.814 -809.799 2043.84 186.8645 -792.9354 2149.107 88.84517 -798.8655 2036.705 34.52112 -767.1488 2141.429 
95.726 113.7106 -134.391 2155.97 115.3066 -301.2066 2135.181 116.8801 -435.4922 2129.898 119.537 -639.9967 2134.802 150.5508 -605.9708 2138.497 281.1139 -578.3539 2156.832 345.3383 -359.9728 2283.296 399.1585 -176.2029 2388.647 368.584 -99.23531 2351.572 325.8829 -15.29224 2312.873 355.1585 -68.96895 2365.396 87.52901 -606.3955 2131.464 -32.59367 -576.0406 2128.971 -107.4743 -321.862 2142.551 -112.1957 -145.151 2009.379 -107.8363 -74.05546 2076.249 -91.57468 -22.599 2160.537 -91.00064 -43.61407 2042.386 199.598 -133.2994 2153.805 194.7814 224.2338 2033.568 189.4268 579.1613 1970.512 209.4467 582.3024 1795.147 36.2621 -135.3754 2157.924 58.60223 217.3939 2288.532 80.21633 547.4966 2441.151 53.62756 623.5446 2300.121 121.9262 -716.1817 2124.069 109.6727 -772.9814 1984.242 131.3869 -803.9857 2020.972 191.8811 -785.8461 2122.371 82.97038 -795.2296 2018.431 36.78889 -767.4268 2129.504 
95.758 112.9205 -127.0724 2136.68 114.4614 -293.2637 2115.154 116.0035 -427.0114 2107.463 119.3819 -630.9221 2108.062 150.2683 -596.9778 2111.767 280.8493 -568.5831 2124.972 348.1762 -353.6452 2254.018 404.9736 -174.4749 2364.199 376.5879 -92.00185 2340.235 346.9195 2.728522 2319.056 358.7215 -64.75188 2354.971 87.30642 -597.4767 2106.132 -32.51603 -567.4503 2104.723 -106.3249 -313.6192 2113.654 -111.0476 -140.3549 1977.146 -107.3184 -67.87832 2042.097 -90.98727 -14.02167 2124.478 -93.37944 -36.327 1957.158 198.5232 -125.931 2133.996 192.1459 227.721 2006.289 185.7842 576.1747 1918.514 201.8975 572.2755 1743.318 35.72874 -128.1016 2139.1 61.02342 222.4632 2271.689 86.2002 546.2181 2434.31 54.35189 623.1808 2295.468 121.7591 -706.622 2095.739 108.1408 -762.8673 1956.328 129.8651 -793.9886 1992.714 191.0394 -776.5032 2093.377 81.63881 -784.9503 1990.562 36.61013 -757.1814 2101.688 
95.789 115.9086 -108.1633 2091.24 118.6954 -274.6472 2080.667 120.8876 -407.99 2078.266 122.3272 -610.9861 2074.635 153.4335 -577.5634 2078.69 285.1598 -571.211 2100.6 356.657 -350.1581 2213.784 416.6587 -164.6907 2308.91 387.9009 -80.89366 2325.045 352.196 13.62561 2326.644 353.3192 -69.33686 2330.141 90.6936 -577.3616 2073.745 -31.5254 -563.8774 2076.28 -98.64919 -309.462 2086.522 -117.8178 -137.2721 1951.507 -116.4073 -55.16206 2003.056 -104.4866 11.53749 2075.684 -97.24641 -32.72697 1928.281 201.1673 -106.7719 2091.802 198.577 246.6136 1968.198 190.6283 593.7601 1881.906 196.7452 567.4825 1708.799 39.02697 -109.4181 2090.733 59.22686 230.7124 2244.901 86.98181 534.3296 2439.256 62.50938 616.3428 2302.665 123.8477 -686.0978 2060.789 111.1162 -752.2088 1926.44 134.1964 -779.7543 1964.5 195.3145 -753.1224 2062.534 85.8679 -772.671 1962.285 41.04704 -738.9198 2071.213 
95.821 116.1929 -99.29425 2057.914 121.5614 -266.5539 2048.304 126.0423 -400.4634 2045.948 129.8117 -604.375 2042.155 160.6646 -570.4479 2046.38 292.8608 -566.5145 2069.793 351.0461 -341.9102 2186.323 402.2633 -141.1838 2253.949 413.5871 -87.03595 2325.538 382.8187 -4.593886 2274.907 363.3036 -37.5582 2308.676 97.65392 -570.9546 2041.158 -25.73956 -564.8435 2043.161 -88.48914 -309.2561 2070.073 -110.6473 -133.5653 1938.395 -114.5321 -57.82987 1999.537 -109.5192 0.04773214 2080.674 -88.58162 -28.25784 1920.575 201.7632 -96.37928 2054.982 198.9408 261.1573 1938.202 186.5367 614.9534 1875.809 204.1154 605.3143 1700.94 39.03033 -101.9228 2060.557 53.43945 237.7732 2220.472 86.02958 523.9202 2441.852 60.41133 614.105 2309.807 132.2493 -679.8044 2028.195 127.5285 -742.0803 1890.742 148.3119 -770.9772 1929.454 203.6926 -747.4224 2032.24 99.99396 -763.6223 1924.517 48.48674 -732.8643 2032.01 
95.868 120.2063 -94.71097 2025.054 123.1504 -263.1994 2013.878 125.7206 -398.1851 2012.75 131.9841 -603.6077 2013.174 162.6711 -568.9736 2016.588 295.6424 -559.3396 2039.787 350.9135 -327.937 2148.55 399.2483 -123.4373 2212.185 416.3142 -47.50833 2259.647 393.897 20.62684 2186.723 371.1459 -19.1111 2260.389 99.17592 -570.3546 2011.609 -25.15899 -564.6171 2014.089 -87.42761 -306.896 2041.434 -113.1416 -123.1037 1918.987 -122.1934 -42.46806 1974.203 -122.1441 22.24457 2051.151 -95.44724 -15.15082 1908.106 206.4744 -93.04891 2022.723 197.3167 271.162 1918.394 182.3183 625.972 1847.276 185.8498 610.7393 1670.626 42.41458 -96.20971 2027.156 49.52111 246.4789 2187.852 87.61106 506.8224 2442.248 59.95731 612.782 2321.294 135.3012 -679.8465 2000.678 138.0186 -734.799 1858.864 156.138 -766.3796 1897.357 205.91 -749.3668 2005.222 107.9583 -757.8411 1889.914 50.0639 -731.9243 1996.496 
95.899 127.1507 -94.82127 1990.959 128.8232 -262.9759 1978.722 130.7443 -397.7543 1978.096 136.0602 -602.8585 1979.99 166.9439 -568.4043 1982.21 300.2108 -557.1548 2001.335 353.3577 -328.5318 2115.853 400.5007 -119.325 2161.219 429.9113 -56.09406 2219.688 382.011 12.58252 2161.228 372.8581 -6.031297 2204.643 103.4275 -569.5146 1979.132 -20.7174 -567.2207 1984.632 -82.44138 -309.9924 2013.553 -115.5562 -118.0981 1907.006 -122.2117 -49.79874 1976.951 -120.6276 6.413657 2060.097 -95.11411 -14.98476 1886.011 213.1439 -93.57019 1985.52 206.5119 271.281 1885.584 192.1218 631.0818 1852.727 186.4571 632.9971 1675.777 49.60678 -95.94942 1995.863 48.80008 250.4759 2146.954 85.43951 489.8003 2420.614 63.83553 608.3828 2311.04 138.6486 -679.0842 1968.037 152.4324 -737.4161 1828.502 166.7876 -768.2164 1869.042 207.5177 -749.2166 1980.102 119.6049 -759.2876 1857.395 53.46793 -730.1176 1957.932 
95.931 131.7602 -95.29071 1962.718 131.125 -263.1494 1944.975 131.42 -398.0579 1941.924 138.3777 -603.3293 1939.033 169.0328 -568.6501 1941.898 302.5666 -558.0676 1960.599 359.3987 -329.6321 2074.381 409.1251 -118.4018 2106.997 433.6516 -55.06018 2167.713 394.6923 21.61018 2112.437 373.588 1.114368 2094.754 105.4413 -570.2012 1939.112 -18.75785 -566.588 1945.695 -80.05486 -310.4521 1985.784 -114.1832 -108.3793 1899.857 -119.7561 -54.60471 1981.71 -131.3096 32.94491 2029.664 -97.12273 -3.473118 1895.836 217.8075 -94.96268 1956.534 210.6104 269.7254 1854.472 201.1832 631.165 1871.979 186.1507 646.2285 1696.014 54.16757 -95.58652 1968.294 44.03589 255.5938 2108.747 81.26443 474.0572 2399.768 63.61703 607.9255 2308.325 141.5106 -679.319 1925.288 142.2119 -744.0385 1787.72 162.1332 -772.3278 1827.811 214.0567 -746.4725 1932.796 113.5926 -765.5803 1821.083 57.7041 -733.7047 1927.041 
95.963 134.5018 -97.65594 1934.381 135.0137 -266.4457 1913.162 136.0077 -402.3748 1908.823 142.3427 -609.2847 1906.404 173.3311 -574.4318 1909.479 308.0581 -568.1855 1929.245 371.1826 -334.114 2032.5 426.7906 -121.5021 2057.344 437.2256 -63.33838 2127.622 401.0027 15.1886 2071.607 379.7236 -5.819142 2074.188 109.2619 -575.7848 1906.133 -15.78697 -568.6957 1912.314 -77.19633 -312.481 1963.994 -114.1029 -104.8948 1888.46 -114.4823 -53.84441 1973.124 -116.331 25.38209 2036.186 -91.25301 1.759052 1897.717 221.3547 -96.89423 1930.417 210.1742 273.083 1837.05 201.7545 635.8249 1875.068 190.53 660.6913 1698.526 56.18274 -98.3428 1937.956 39.88107 261.7977 2062.235 74.88182 460.0655 2371.068 63.10946 607.7149 2299.836 145.3573 -685.91 1892.738 143.3007 -748.6699 1752.97 161.4181 -778.9825 1792.989 214.4055 -757.8095 1899.558 113.018 -769.2596 1786.029 57.87186 -735.7887 1893.022 
95.994 134.9853 -102.5123 1903.286 136.4075 -270.9521 1879.784 138.2027 -406.7233 1872.686 145.4396 -613.5657 1871.938 176.3087 -578.5593 1874.183 310.8492 -566.017 1891.891 372.5594 -328.1408 1986.804 425.402 -113.4899 1991.485 437.4087 -52.74809 2059.258 397.4428 13.08941 1990.852 376.2714 -1.518771 2018.486 112.2143 -580.2244 1871.943 -12.68195 -572.3506 1879.485 -71.366 -317.4193 1939.642 -109.8296 -105.2424 1879.34 -107.4113 -60.10781 1967.24 -113.0314 28.07743 2016.675 -88.54845 0.7425249 1901.929 221.7694 -101.1163 1898.533 210.5848 272.572 1821.812 194.8665 635.5027 1854.474 191.666 669.4233 1679.16 56.72834 -103.7711 1907.573 40.1544 262.1768 2013.158 74.58233 444.4333 2331.66 62.89493 603.86 2293.632 148.5707 -690.2738 1858.885 158.3784 -759.2118 1722.438 172.0065 -787.9796 1765.262 215.1393 -762.9147 1875.339 124.702 -777.7784 1753.323 60.44842 -738.6133 1853.016 
96.025 135.2934 -105.5584 1874.227 136.5724 -271.2505 1848.771 138.8363 -405.0398 1841.228 145.3791 -608.7551 1832.536 175.9539 -574.4092 1835.149 308.6238 -562.8715 1852.737 373.8715 -334.8474 1958.451 419.9319 -128.399 1905.951 407.03 -87.02695 1985.381 413.2386 3.313139 1939.453 363.4199 -32.23827 1913.99 112.7357 -575.8616 1834.767 -9.946249 -567.1347 1846.761 -67.72122 -318.5273 1916.471 -104.9727 -106.9172 1866.05 -103.746 -61.106 1952.023 -106.3397 22.8863 2005.865 -81.05157 -3.710933 1892.613 220.5717 -103.6605 1866.159 209.9253 268.5885 1812.976 194.9923 626.0427 1848.362 190.8606 675.3178 1679.415 58.39418 -107.2698 1881.503 29.68971 263.4662 1935.703 64.60904 421.5044 2260.952 63.17681 582.0812 2282.039 147.8716 -683.8252 1816.722 142.7861 -754.2913 1683.277 162.4168 -781.2945 1723.918 217.4356 -752.929 1825.695 114.3578 -772.9886 1718 62.66893 -734.3369 1822.842 
96.057 139.3332 -111.2496 1847.429 141.4467 -277.9466 1822.883 144.0395 -412.4685 1816.18 150.6689 -617.4174 1814.879 181.3974 -582.8125 1816.119 315.7302 -573.7527 1826.288 377.6385 -341.1692 1927.277 421.2632 -135.0666 1867.197 443.2288 -86.1862 1940.683 424.3068 -18.51278 1866.667 381.0764 -27.24771 1877.674 117.852 -584.3035 1816.051 -5.876586 -576.6257 1823.892 -62.29798 -326.8341 1895.653 -102.772 -111.606 1860.263 -106.8446 -68.83043 1948.26 -111.9999 4.069604 1879.539 -75.28204 -5.976506 1875.191 225.2376 -109.304 1841.612 212.8028 266.5672 1802.314 192.3333 624.5087 1847.562 191.0997 676.0402 1678.291 61.86942 -113.0041 1852.674 32.33486 259.8943 1905.067 67.15655 422.1552 2230.351 62.31977 583.6881 2250.03 153.1413 -693.4037 1801.732 161.8865 -766.4996 1669.007 177.1345 -792.9742 1712.152 221.4998 -762.8116 1819.2 129.7455 -784.6514 1701.03 67.15518 -743.9288 1799.715 
96.088 137.4039 -113.9425 1825.816 140.9399 -280.4477 1800.46 144.7437 -414.9456 1794.648 152.3549 -619.7933 1797.152 182.9226 -585.041 1797.117 317.2201 -572.7161 1802.873 384.37 -336.2451 1890.405 425.3148 -134.0831 1816.792 450.2661 -72.23894 1878.6 423.7283 -7.426366 1804.401 389.0143 -19.90781 1817.515 119.4136 -586.8217 1798.339 -4.161812 -576.0503 1804.16 -61.74319 -328.1898 1881.23 -100.8192 -113.0198 1844.326 -104.985 -69.43179 1931.89 -105.3596 4.960939 1864.631 -76.12365 -4.541278 1870.436 223.2833 -111.2741 1820.269 213.8204 265.5788 1792.115 196.1002 622.6196 1844.318 188.2298 679.1588 1676.885 59.96273 -116.3488 1830.818 35.17575 259.1713 1861.852 69.98066 419.8642 2187.803 57.02763 581.668 2199.672 154.9412 -695.9865 1785.423 174.3172 -765.0699 1651.726 183.3377 -793.7469 1695.197 217.2256 -769.6462 1807.448 137.9658 -782.4137 1679.375 67.18701 -741.4848 1772.227 
96.12 138.4735 -117.4703 1809.01 140.0623 -283.1429 1780.48 142.4023 -417.3051 1772.791 150.3699 -621.5386 1763.793 180.8124 -586.8533 1765.686 314.7013 -576.4068 1776.238 384.4886 -338.1669 1854.875 428.137 -142.8863 1766.955 454.153 -75.78524 1822.222 420.7318 -5.889721 1756.148 389.5977 -27.68001 1763.496 117.4371 -588.8135 1766.848 -5.323194 -581.7959 1782.297 -58.11083 -334.3405 1862.183 -100.2889 -119.645 1828.812 -103.7329 -67.71756 1911.501 -105.2981 8.133531 1846.222 -74.61839 -10.22707 1842.725 224.1783 -115.6398 1803.152 213.0863 260.8812 1782.475 196.2875 616.1748 1841.384 187.8963 675.0125 1675.152 61.1897 -119.1209 1814.291 27.29945 256.1971 1814.788 63.07574 433.4744 2131.06 54.02985 595.6295 2133.344 153.0793 -696.7938 1747.833 174.1048 -780.395 1623.342 182.615 -803.8788 1669.797 215.0507 -767.1755 1778.756 137.5166 -794.5486 1652.29 65.72124 -743.6207 1738.867 
96.151 137.1187 -115.842 1793.035 140.5135 -281.2723 1762.678 144.5689 -415.4725 1754.855 154.5216 -619.8409 1748.213 184.6466 -584.8179 1749.632 318.7487 -575.3275 1759.461 391.0757 -333.0402 1822.432 434.8391 -142.6396 1724.129 463.0703 -93.39689 1794.999 447.8239 -52.74574 1702.823 406.501 -32.70284 1728.332 121.2555 -587.3846 1750.965 -2.056122 -582.4672 1763.124 -59.61496 -337.4302 1847.604 -103.3736 -122.6777 1815.724 -106.7863 -68.9229 1897.313 -110.0983 0.7623434 1825.458 -77.60572 -13.74564 1827.44 222.7901 -112.8664 1786.4 212.481 264.2331 1772.56 197.2194 617.1052 1846.057 188.3542 675.9706 1679.739 59.86501 -118.5254 1799.019 29.84988 256.7953 1778.315 66.06009 454.3807 2082.544 38.16238 612.8063 2059.343 157.9342 -695.2955 1733.113 170.471 -776.4745 1605.789 183.3949 -800.4633 1650.99 223.9659 -764.612 1757.565 136.7532 -791.9938 1637.448 71.2117 -744.1866 1730.627 
96.183 137.0309 -112.7793 1778.812 140.1874 -279.9362 1747.985 144.4337 -415.5099 1739.416 155.6212 -622.0045 1733.497 185.8714 -586.4364 1734.668 321.1759 -574.051 1744.439 390.7786 -325.1425 1794.863 433.2742 -138.5145 1684.356 467.6538 -74.35695 1740.226 446.811 -43.31487 1644.289 408.8225 -25.18134 1669.244 121.8316 -589.3823 1736.278 -2.831586 -584.9705 1748.286 -59.07153 -337.2915 1834.792 -102.2752 -120.7088 1798.495 -105.8027 -70.08344 1883.263 -106.4622 -2.916731 1807.557 -70.41983 -14.70687 1795.748 223.4042 -109.5137 1769.948 210.9921 271.7565 1766.951 198.4299 625.7228 1853.375 187.9514 667.2859 1680.08 59.14425 -115.724 1786.804 32.91973 263.2737 1756.971 61.84774 480.7291 2052.955 30.60333 623.9548 1978.882 159.4367 -698.2975 1718.532 164.3017 -772.0017 1584.403 181.2541 -798.6186 1627.403 229.3448 -767.9216 1733.884 133.0551 -790.4988 1617.752 72.96201 -749.7712 1719.329 
96.215 135.5753 -115.3679 1762.618 139.6731 -282.5473 1732.7 144.9834 -418.0291 1724.818 154.3632 -624.5067 1720.486 184.9006 -589.2131 1721.02 320.308 -577.8922 1729.182 394.6426 -329.4113 1773.638 434.3404 -151.6847 1648.674 473.4928 -88.55058 1702.422 446.528 -47.97356 1611.794 410.8792 -36.34318 1644.474 120.906 -591.6006 1723.376 -3.501601 -584.361 1735.735 -59.37503 -335.87 1819.52 -101.544 -119.6289 1781.011 -104.955 -72.42238 1867.655 -108.9798 -10.67344 1787.657 -71.60243 -14.11236 1779.597 221.6768 -111.3842 1752.15 208.3857 269.3458 1766.028 196.6556 623.0353 1852.618 186.9184 668.0827 1680.282 57.93375 -118.9602 1772.057 29.88261 258.7058 1732.14 56.8416 508.067 2001.641 18.64747 638.8053 1910.059 157.3659 -700.8952 1706.121 153.2407 -762.8917 1566.289 175.5817 -791.8506 1605.058 231.9191 -767.1536 1708.927 126.3568 -785.8927 1600.573 74.23765 -757.3416 1710.274 
96.263 134.4057 -118.4758 1746.452 138.5304 -284.9272 1716.217 143.7659 -419.9526 1709.63 154.7255 -625.4601 1702.208 184.8649 -590.0699 1703.056 319.3641 -574.7362 1710.879 395.8877 -328.144 1756.094 431.8971 -156.8527 1622.815 477.7869 -92.27995 1668.281 448.0701 -50.07772 1579.732 413.526 -41.90927 1626.661 121.1573 -592.999 1705.796 -2.472356 -582.8959 1719.006 -59.61448 -337.1445 1806.604 -100.3904 -122.4034 1763.507 -104.0897 -68.23847 1845.509 -109.7118 -9.253055 1764.031 -71.39373 -17.2935 1757.542 220.3378 -114.7022 1737.4 206.6477 263.8711 1763.727 193.6267 614.4765 1856.513 188.7403 670.8424 1688.062 56.91702 -121.8786 1754.614 35.59535 254.9334 1716.585 56.44358 530.8664 1957.24 16.14524 643.7477 1846.048 158.2275 -701.3062 1686.755 143.0586 -771.925 1552.535 170.8838 -797.0773 1590.11 236.0636 -763.0997 1685.277 121.3915 -793.9617 1590.657 79.70693 -761.3295 1703.097 
96.295 130.7613 -120.2471 1737.182 135.3302 -285.6979 1706.136 141.2354 -420.0085 1699.033 150.6497 -624.4928 1689.356 180.8932 -589.4932 1690.306 314.7477 -573.9858 1697.379 395.0367 -329.2367 1738.506 430.5901 -160.7333 1603.33 477.6928 -101.696 1653.901 447.5361 -46.88802 1573.343 420.3583 -44.35591 1622.738 117.5045 -592.0016 1693.575 -5.186744 -583.0753 1710.21 -61.49606 -337.3118 1794.282 -103.0558 -125.1009 1745.391 -106.3727 -69.42657 1825.809 -113.3708 -9.22753 1745.947 -77.95635 -17.0761 1744.697 216.0961 -115.9475 1726.826 202.8498 260.2766 1759.626 192.7638 608.0458 1856.461 185.1444 667.7324 1690.18 53.81124 -124.1242 1746.52 35.49999 249.9546 1699.42 50.48252 543.584 1915.609 13.67082 645.6656 1794.39 153.4704 -699.8209 1673.138 145.4501 -773.1356 1540.599 169.827 -797.9089 1580.391 229.0724 -763.3746 1678.454 120.7597 -793.4828 1577.495 72.74796 -757.001 1685.472 
96.326 126.7456 -122.0757 1724.526 133.9076 -286.5487 1694.577 141.7882 -419.8929 1687.337 150.2377 -623.1811 1679.159 180.4507 -588.5513 1680.344 313.6135 -575.6061 1689.125 393.0598 -332.5766 1731.59 431.9826 -164.3528 1599.27 471.9018 -89.29375 1629.757 439.4807 -42.70166 1545.797 420.1555 -43.15646 1585.545 117.41 -590.7031 1682.638 -4.874349 -582.4642 1696.533 -63.19732 -339.249 1781.322 -105.8366 -128.7578 1732.291 -108.6936 -67.8936 1808.079 -114.2471 -5.587187 1730.551 -80.65305 -20.9332 1724.614 211.4607 -116.5092 1714.215 201.0157 256.6955 1754.179 193.369 602.2046 1850.801 185.8816 672.0306 1689.735 50.35424 -127.0951 1733.824 34.97219 245.5224 1693.771 39.41284 556.9589 1879.464 5.255174 649.1064 1751.103 152.9005 -698.1463 1663.565 147.6278 -768.7324 1530.507 169.5951 -794.6793 1570.509 225.8093 -763.6755 1670.592 121.1377 -788.7237 1565.91 70.59153 -752.6167 1671.942 
96.358 124.8125 -123.1676 1713.485 131.7604 -286.8478 1683.991 139.6321 -419.5219 1677.258 147.6986 -621.4988 1664.034 177.812 -587.169 1666.522 309.97 -573.2828 1678.017 392.7004 -332.6943 1719.908 431.79 -165.0847 1588.715 478.134 -99.9516 1629.73 444.4778 -45.80375 1551.628 417.6517 -46.73669 1576.245 115.0683 -589.2044 1667.868 -6.126173 -578.9453 1684.096 -64.00524 -338.1624 1771.817 -105.229 -129.3313 1719.703 -116.8415 -70.47095 1795.591 -117.5644 -5.723528 1720.571 -83.73985 -20.67487 1718.884 208.9953 -117.6157 1702.505 197.625 252.3206 1752.947 189.223 596.7506 1846.4 185.7599 671.8699 1688.606 48.90116 -128.174 1723.386 30.78834 243.1446 1691.436 35.38873 567.8228 1848.58 -1.084857 652.2187 1716.63 150.3989 -695.6573 1646.644 146.2766 -778.051 1521.45 167.5791 -800.063 1563.748 222.5538 -760.1446 1660.575 119.4533 -794.4302 1558.091 68.18832 -748.5311 1659.136 
96.39 121.6184 -123.7037 1705.687 129.7697 -287.2695 1676.18 138.4743 -419.9008 1670.606 145.3768 -621.9659 1659.237 175.6779 -587.7813 1661.079 308.186 -576.3447 1670.546 391.7915 -336.6441 1715.171 431.8199 -166.5899 1587.576 473.9953 -99.48567 1629.827 443.7245 -45.41384 1550.342 417.8221 -47.32514 1576.262 112.9634 -589.4794 1663.102 -8.315325 -580.7717 1679.299 -66.19189 -337.5217 1759.642 -110.9879 -129.2017 1708.752 -121.9793 -75.85791 1788.664 -117.8568 -7.617414 1716.967 -82.84665 -23.77664 1702.637 205.9124 -117.7671 1696.065 198.3534 252.0211 1747.378 193.712 596.4974 1840.467 185.4985 674.295 1684.218 45.60669 -129.0569 1714.363 28.4042 243.0851 1695.712 29.49264 576.7451 1832.512 -2.451772 658.3726 1697.742 147.5176 -696.2748 1642.536 149.2397 -776.2053 1515.759 169.5064 -798.644 1558.319 220.3629 -759.6505 1657.692 121.517 -793.7984 1551.125 65.99184 -750.8884 1651.178 
96.422 118.6844 -122.3968 1693.434 126.6591 -285.8738 1666.414 135.5013 -418.1105 1661.624 142.1373 -619.6439 1652.025 172.3853 -585.5956 1653.728 304.4031 -573.8492 1663.8 388.8558 -335.5348 1709.603 430.5934 -165.6596 1583.467 464.3016 -100.3161 1634.562 440.9342 -49.15183 1551.31 414.9612 -47.42281 1566.323 109.8544 -587.1802 1655.44 -11.49552 -580.6682 1669.032 -71.69379 -339.0522 1749.925 -117.4258 -132.0477 1697.46 -130.8778 -81.39299 1778.374 -119.6826 -9.59523 1711.496 -85.77692 -27.0561 1697.762 202.4355 -116.3716 1681.7 196.0796 250.5549 1744.067 191.7829 593.7267 1837.729 184.9793 674.2324 1683.405 43.16225 -127.8299 1704.016 24.53266 243.4526 1695.692 27.25653 576.9636 1829.847 -0.2751108 666.5103 1699.813 144.245 -693.8621 1636.013 146.1155 -772.2378 1508.82 165.1334 -795.5089 1551.31 215.1501 -758.8542 1651.558 117.5353 -789.5005 1543.453 61.62179 -746.5015 1642.784 
96.453 115.2767 -121.3584 1682.976 121.859 -285.9565 1659.058 129.3519 -418.8004 1656.788 136.385 -621.1025 1649.242 166.6599 -586.8976 1651.455 298.8127 -575.0942 1665.097 379.8831 -334.7757 1711.5 431.6318 -164.644 1588.182 458.975 -89.0925 1628.384 438.1419 -42.3103 1541.542 409.8211 -46.23005 1575.436 103.8915 -588.5231 1651.481 -18.23078 -582.8676 1661.975 -78.12875 -339.354 1740.277 -123.3422 -131.9408 1685.882 -136.727 -85.48351 1769.671 -123.2482 -9.085782 1708.011 -90.10512 -27.29189 1698.064 199.5211 -116.4225 1672.193 193.9368 250.7301 1740.657 190.2434 593.2505 1841.133 185.5962 675.187 1686.805 39.30978 -125.8093 1692.7 23.83934 246.8586 1702.629 27.74747 588.4082 1818.617 -2.254924 680.2156 1690.034 138.9783 -695.7214 1633.94 134.1426 -769.3896 1503.449 157.4908 -793.4232 1543.506 213.8308 -758.1768 1641.353 109.0447 -789.2783 1539.571 59.17321 -752.4662 1644.936 
96.485 113.0251 -120.724 1674.322 119.3707 -285.4007 1651.417 126.4168 -418.2278 1650.831 129.4117 -620.6187 1645.832 160.3382 -587.0222 1647.931 292.3868 -576.6119 1663.054 368.4066 -334.8723 1709.985 428.7665 -160.037 1597.834 449.4497 -86.26711 1644.684 397.0869 -31.42801 1578.307 395.6219 -36.45597 1584.673 97.58038 -587.3795 1647.343 -24.40564 -581.0023 1658.357 -82.8031 -335.7198 1731.723 -126.7827 -128.9697 1674.271 -138.3646 -79.82589 1756.736 -126.289 -5.252257 1692.67 -93.29092 -25.38601 1691.257 197.4534 -116.2052 1665.224 190.8202 249.9925 1737.685 185.0493 592.6575 1837 185.3835 677.3745 1684.199 36.89241 -124.7988 1682.526 24.28209 247.254 1705.178 27.46883 590.3088 1816.138 -1.17344 680.2741 1686.04 130.6388 -695.4258 1631.476 134.1768 -767.3466 1500.05 154.36 -792.1566 1541.304 204.0364 -758.8548 1643.291 106.3834 -787.3708 1534.031 49.65443 -751.2971 1636.066 
96.516 107.3647 -118.0076 1668.241 114.0099 -283.8004 1648.327 121.0856 -417.2138 1648.781 126.3668 -620.4683 1644.538 157.0358 -586.3777 1646.837 289.434 -574.8296 1663.22 361.0879 -330.757 1711.187 413.0143 -143.5876 1613.856 436.7307 -72.89751 1664.615 396.8716 -20.21872 1587.926 385.8777 -21.18339 1598.048 94.01824 -587.4301 1645.609 -28.6612 -581.9509 1655.368 -88.42829 -335.2253 1726.923 -131.4678 -128.3579 1665.62 -136.6335 -81.22237 1750.378 -132.4855 -5.139403 1686.406 -96.93665 -25.13699 1669.977 192.1947 -113.5389 1659.345 189.5168 253.4722 1736.306 187.2041 596.8817 1838.805 186.0787 678.242 1683.324 30.86973 -122.0372 1676.263 17.84513 251.066 1707.071 23.76302 595.997 1817.277 -1.033165 679.9714 1681.626 128.5676 -695.6382 1630.408 124.3061 -766.5739 1497.718 146.4219 -792.1453 1537.792 202.0305 -760.3172 1637.774 97.97852 -786.7042 1533.079 46.90441 -750.8489 1638.76 
96.549 104.0711 -118.5 1663.365 109.6855 -284.453 1643.728 115.3224 -418.0064 1643.573 121.7261 -621.3431 1639.668 152.2473 -587.0501 1641.315 284.8783 -573.8004 1654.861 353.0778 -332.4842 1719.612 400.1779 -141.2928 1627.529 412.5535 -71.28754 1683.123 393.6122 -14.26444 1601.604 379.9493 -16.16708 1619.506 89.1918 -588.4755 1641.278 -33.54861 -581.6699 1650.225 -94.75314 -334.7813 1720.507 -137.0455 -127.768 1658.76 -142.9774 -79.1253 1742.67 -138.395 -6.110646 1675.168 -100.7001 -26.27469 1663.898 189.2352 -114.8984 1657.278 187.3955 252.056 1735.49 185.28 595.3586 1839.009 185.7558 677.2403 1683.694 27.27486 -121.7477 1668.855 17.56641 250.4645 1711.716 20.90145 595.3834 1822.696 -2.06179 679.8934 1686.953 124.1051 -696.5705 1625.654 131.1378 -769.6171 1494.142 149.7875 -794.5382 1536.368 196.7288 -761.0483 1640.25 101.8926 -789.2427 1527.471 41.99501 -751.7978 1627.914 
96.596 103.5713 -119.8704 1654.869 107.0814 -285.2393 1637.508 110.7333 -418.1473 1638.297 116.0653 -620.4561 1636.048 146.6026 -586.488 1637.274 278.8625 -575.7117 1649.542 345.4042 -338.9924 1726.361 391.6277 -148.0626 1636.032 371.8427 -73.03362 1681.169 380.6715 -4.520587 1607.856 361.932 -24.28613 1653.795 83.87695 -587.5872 1637.523 -38.08408 -579.4048 1646.943 -97.69086 -333.0187 1715.066 -139.976 -127.5504 1652.33 -140.7329 -81.42413 1737.263 -137.991 -4.33965 1675.184 -105.5513 -24.49666 1649.194 188.4077 -117.5677 1650.088 187.0312 246.8744 1730.467 184.7193 587.8663 1835.017 186.447 679.0732 1686.093 27.0706 -121.9469 1659.181 15.8889 246.2778 1716.337 14.03343 592.1879 1817.553 -3.894372 681.7363 1685.349 117.9925 -695.4056 1622.715 127.4294 -765.8545 1490.853 144.8958 -791.4792 1532.816 189.4972 -760.2479 1637.706 97.49608 -785.7513 1523.014 35.95516 -749.837 1622.218 
96.627 99.94846 -119.8857 1650.468 104.1558 -285.9899 1633.969 108.3134 -419.401 1635.783 115.5162 -622.4626 1634.318 145.8544 -588.0797 1635.685 277.9296 -571.8774 1649.62 340.0096 -327.9884 1709.26 386.0593 -119.1829 1671.823 366.1875 -45.48549 1719.74 339.0574 22.04555 1649.518 334.3513 -1.169615 1674.438 82.89248 -589.752 1635.401 -39.61644 -579.8955 1642.044 -101.7698 -332.9253 1709.796 -142.4556 -126.3362 1646.646 -145.7219 -78.07443 1730.767 -139.3128 -4.339226 1664.409 -106.5093 -22.45407 1647.962 185.135 -117.2909 1646.067 185.9333 248.2467 1728.348 185.6952 590.2407 1834.476 184.1457 676.4908 1681.829 23.13204 -122.2256 1654.437 15.85809 245.7629 1722.391 15.61537 595.3113 1815.938 -5.379859 682.3491 1681.747 118.2439 -697.7368 1621.225 120.015 -763.7174 1486.09 140.3018 -790.7343 1526.125 191.2818 -762.6578 1629.52 92.15751 -785.0824 1519.44 36.39431 -753.0895 1623.863 
96.675 98.44446 -120.0598 1645.199 103.0837 -286.7307 1631.757 107.4178 -420.365 1634.337 113.102 -623.8473 1634.052 143.754 -589.6246 1635.207 276.0489 -573.147 1649.059 333.6329 -328.9228 1713.66 375.325 -117.3794 1685.315 343.2193 -40.67626 1720.492 300.1554 25.27178 1656.767 315.2089 -6.2446 1706.53 80.66736 -590.8267 1634.959 -42.08347 -580.8095 1640.994 -105.1579 -332.9127 1706.322 -145.3208 -125.7493 1643.334 -145.5284 -73.1082 1725.06 -143.0089 -1.289464 1656.119 -109.4003 -21.84513 1644.714 183.8056 -117.3671 1641.273 185.7227 248.2646 1726.162 185.8563 589.7544 1836.033 186.2979 679.25 1684.891 21.47055 -122.4879 1648.74 13.43821 244.8405 1723.563 11.65891 593.6782 1822.142 -1.715859 680.4299 1686.448 115.2611 -699.3511 1621.374 115.9647 -769.3575 1487.963 137.003 -795.0731 1528.587 189.0809 -763.5157 1630.668 88.64736 -790.0054 1522.324 33.77985 -755.3749 1626.64 