75.776 133.5657 -436.9849 5024.223 126.0423 -586.339 5014.213 119.8246 -705.5111 5003.432 104.3457 -887.159 4997.92 78.99566 -854.888 4994.525 -26.23557 -797.3519 4988.318 -67.68972 -568.9456 4991.109 -57.41942 -409.7591 5103.003 -25.65911 -353.8796 5152.124 8.429158 -341.9722 5235.41 -55.04444 -434.3807 5216.946 134.9364 -859.3593 5001.375 235.7504 -827.4888 5033.422 329.3131 -615.5928 5081.384 361.5927 -440.0235 5165.449 359.2388 -387.8318 5235.143 374.3333 -326.9182 5298.571 333.5395 -375.1616 5228.365 57.26649 -433.5341 5030.083 68.87995 -121.0367 5153.864 82.43025 184.2365 5253.536 62.52473 227.9573 5403.409 202.368 -440.0965 5018.939 205.1407 -107.3591 4972.613 203.5346 210.5336 4906.007 224.0057 303.7073 5014.942 97.21422 -954.7988 5007.051 93.41315 -911.5674 5134.879 71.22578 -951.884 5125.216 25.203 -994.1149 5038.956 114.9311 -948.7473 5128.262 164.3957 -999.4405 5044.006 
75.792 0 0 0 0 0 0 0 0 0 0 0 0 0 0 0 0 0 0 0 0 0 0 0 0 0 0 0 0 0 0 0 0 0 0 0 0 0 0 0 0 0 0 0 0 0 0 0 0 0 0 0 0 0 0 0 0 0 0 0 0 0 0 0 0 0 0 0 0 0 0 0 0 0 0 0 0 0 0 0 0 0 0 0 0 0 0 0 0 0 0 0 0 0 0 0 0
75.839 142.1669 -415.987 4955.854 133.7938 -564.9614 4938.152 126.8464 -683.7758 4921.896 109.6186 -865.8107 4921.299 84.40321 -833.3174 4917.763 -22.32387 -777.8406 4912.567 -51.63372 -547.5893 4929.684 -35.32349 -391.0388 5045.372 -21.83317 -325.3167 4999.812 14.67064 -333.1563 5082.806 -55.11137 -320.2165 5127.542 140.6065 -838.1497 4923.264 242.0963 -804.3613 4952.003 319.8482 -583.9906 4992.353 357.7398 -399.1031 5051.605 341.5245 -317.7748 5078.951 328.3153 -232.6402 5103.018 298.6151 -337.7572 5138.517 66.03912 -412.8488 4965.453 76.05408 -110.3531 5114.042 87.90113 187.2316 5237.063 80.26604 246.651 5383.027 210.8147 -418.8168 4947.198 203.7602 -90.21175 4873.667 189.4773 220.5782 4777.578 208.7916 331.5826 4869.11 102.1299 -933.3065 4932.317 97.32858 -900.7661 5063.593 75.27132 -940.2936 5050.43 29.84132 -975.4152 4960.417 119.0557 -937.308 5054.037 169.363 -980.8203 4965.989 
75.87 0 0 0 0 0 0 0 0 0 0 0 0 0 0 0 0 0 0 0 0 0 0 0 0 0 0 0 0 0 0 0 0 0 0 0 0 0 0 0 0 0 0 0 0 0 0 0 0 0 0 0 0 0 0 0 0 0 0 0 0 0 0 0 0 0 0 0 0 0 0 0 0 0 0 0 0 0 0 0 0 0 0 0 0 0 0 0 0 0 0 0 0 0 0 0 0
75.902 148.5882 -401.1018 4852.416 134.7987 -547.8884 4838.593 123.4943 -665.0493 4825.947 98.95517 -843.5663 4824.598 75.29482 -810.4981 4823.255 -30.73864 -758.3515 4834.031 -89.7701 -542.9709 4886.341 -81.44392 -406.6919 5022.059 -35.5882 -344.1065 5002.868 14.1221 -339.646 5077.385 -61.74828 -331.353 5111.238 130.6786 -817.6217 4824.642 234.7239 -791.3265 4844.595 326.9426 -576.5873 4846.055 339.5335 -396.4887 4919.612 354.262 -312.3964 4930.441 348.2755 -224.4782 4927.976 372.7458 -366.8211 5000.053 74.37539 -395.4213 4866.128 103.3854 -84.73167 4980.335 132.2578 221.6831 5058.576 132.2469 283.8102 5201.121 215.5091 -406.2241 4840.051 214.1807 -79.65022 4780.695 204.0122 231.4339 4702.584 234.003 338.0889 4793.095 89.56284 -909.8681 4835.223 91.23599 -881.4198 4965.517 70.38898 -920.9191 4952.729 21.87259 -955.0921 4865.837 113.5162 -916.2231 4953.837 159.5585 -954.66 4863.123 
75.933 0 0 0 0 0 0 0 0 0 0 0 0 0 0 0 0 0 0 0 0 0 0 0 0 0 0 0 0 0 0 0 0 0 0 0 0 0 0 0 0 0 0 0 0 0 0 0 0 0 0 0 0 0 0 0 0 0 0 0 0 0 0 0 0 0 0 0 0 0 0 0 0 0 0 0 0 0 0 0 0 0 0 0 0 0 0 0 0 0 0 0 0 0 0 0 0
75.964 156.9557 -399.7815 4765.279 148.0791 -544.652 4743.589 140.6354 -660.1385 4724.299 123.5376 -837.7797 4717.601 98.76022 -806.0699 4720.088 0.553377 -743.9966 4738.251 53.49689 -522.9445 4740.537 125.4415 -397.6949 4865.182 60.6596 -354.14 4878.612 144.1744 -381.7818 4865.9 90.71678 -392.3876 4963.753 153.7417 -810.6995 4715.613 254.8789 -772.3206 4716.592 251.7621 -542.1654 4690.808 214.9386 -394.7897 4810.189 281.8895 -344.7297 4827.08 329.9047 -274.1239 4845.583 294.1369 -394.1577 4860.05 83.22733 -397.2931 4778.833 119.2475 -73.28436 4825.373 156.1991 238.7259 4843.596 154.1378 310.6364 4979.876 223.4398 -402.0253 4753.058 209.1163 -75.12066 4719.294 187.2355 238.1862 4669.266 234.0271 327.7898 4768.684 118.044 -904.2077 4726.1 164.2076 -990.2428 4815.198 121.6702 -973.9285 4821.852 71.0027 -886.4919 4796.119 131.0056 -1003.637 4792.188 85.73039 -979.5659 4697.392 
76.011 159.1477 -385.5902 4739.293 150.5951 -534.1641 4715.597 143.5869 -652.7824 4695.74 128.1477 -835.0963 4683.385 102.4596 -803.0496 4688.604 2.574801 -742.9033 4719.997 34.27899 -512.3046 4702.574 82.50193 -324.984 4733.664 55.90878 -317.2137 4810.135 77.87907 -302.4721 4722.784 154.5859 -297.3646 4808.422 158.6027 -806.7487 4680.512 262.1086 -766.5789 4676.984 272.4134 -530.9205 4646.58 254.8159 -350.2972 4726.732 325.2043 -298.7863 4734.586 379.6675 -227.807 4741.228 319.866 -319.1704 4775.611 83.53173 -383.5485 4753.784 95.45345 -48.56205 4798.383 108.3085 273.9792 4813.888 110.6776 353.8257 4950.486 227.334 -387.4314 4726.227 211.5721 -50.69774 4704.708 187.6424 272.7734 4666.747 236.8129 364.0476 4768.96 123.9704 -903.6517 4689.983 179.5657 -994.2205 4774.417 135.4369 -980.158 4783.91 77.92561 -891.9082 4764.655 145.224 -1008.434 4751.429 93.45766 -980.9507 4657.553 
76.043 0 0 0 0 0 0 0 0 0 0 0 0 0 0 0 0 0 0 0 0 0 0 0 0 0 0 0 0 0 0 0 0 0 0 0 0 0 0 0 0 0 0 0 0 0 0 0 0 0 0 0 0 0 0 0 0 0 0 0 0 0 0 0 0 0 0 0 0 0 0 0 0 0 0 0 0 0 0 0 0 0 0 0 0 0 0 0 0 0 0 0 0 0 0 0 0
76.058 0 0 0 0 0 0 0 0 0 0 0 0 0 0 0 0 0 0 0 0 0 0 0 0 0 0 0 0 0 0 0 0 0 0 0 0 0 0 0 0 0 0 0 0 0 0 0 0 0 0 0 0 0 0 0 0 0 0 0 0 0 0 0 0 0 0 0 0 0 0 0 0 0 0 0 0 0 0 0 0 0 0 0 0 0 0 0 0 0 0 0 0 0 0 0 0
76.089 170.7385 -334.3875 4615.471 162.5803 -501.6283 4600.576 155.7004 -635.1267 4586.752 150.8755 -839.4479 4595.496 183.4265 -806.7311 4593.767 309.6094 -761.0111 4582.347 376.9295 -510.3268 4602.924 377.1404 -301.8125 4537.492 344.5815 -227.1154 4577.396 268.8018 -184.4936 4524.417 318.9337 -178.649 4543.317 120.1049 -804.5641 4596.305 3.985114 -761.4996 4592.254 -35.485 -500.5563 4619.426 -10.82948 -289.572 4557.345 41.54591 -215.1144 4521.896 -12.56421 -182.9262 4599.685 25.31942 -203.8652 4512.405 255.1028 -337.0755 4599.444 239.6751 39.65461 4610.622 234.6942 388.3122 4702.119 215.8676 507.1782 4572.987 94.66352 -331.9636 4629.923 88.23892 42.34448 4587.09 130.3251 384.9208 4703.613 88.84214 511.26 4610.375 148.5614 -915.8094 4586.129 130.7518 -926.3467 4436.142 161.5286 -962.3799 4459.289 228.9438 -965.6766 4557.841 112.357 -963.227 4462.179 74.82944 -982.1724 4578.254 
76.121 0 0 0 0 0 0 0 0 0 0 0 0 0 0 0 0 0 0 0 0 0 0 0 0 0 0 0 0 0 0 0 0 0 0 0 0 0 0 0 0 0 0 0 0 0 0 0 0 0 0 0 0 0 0 0 0 0 0 0 0 0 0 0 0 0 0 0 0 0 0 0 0 0 0 0 0 0 0 0 0 0 0 0 0 0 0 0 0 0 0 0 0 0 0 0 0
76.152 141.3842 -341.2267 4518.289 143.8617 -493.2722 4504.049 146.448 -613.7068 4484.113 151.8267 -799.2075 4494.355 122.2786 -769.8215 4489.446 5.910553 -732.0234 4492.014 -127.7057 -536.9184 4498.915 -143.3796 -398.0975 4640.012 -173.9142 -348.6889 4698.51 -146.2646 -271.3609 4741.087 -114.2049 -309.7881 4721.905 179.6518 -767.3898 4494.084 279.0403 -719.8687 4517.299 390.1429 -507.5449 4491.234 382.7619 -313.228 4542.382 327.0872 -256.3054 4503.16 272.6154 -185.683 4485.476 357.122 -297.2459 4437.197 63.53 -341.9698 4512.678 32.7718 -15.43605 4612.116 31.23224 308.8361 4566.016 15.94551 424.2512 4676.32 211.5888 -340.5567 4523.349 220.8111 -11.24805 4616.496 227.225 311.5912 4689.178 244.3162 369.1255 4823.976 152.8736 -867.4531 4509.581 145.7941 -864.7198 4646.935 127.2794 -903.0103 4624.865 84.10724 -922.3032 4527.18 171.3065 -896.5703 4629.718 225.829 -915.2084 4533.483 
76.183 137.5775 -358.6329 4484.871 135.7916 -526.0635 4471.979 134.3058 -659.9386 4461.977 134.7933 -864.0253 4472.609 103.0018 -830.7291 4469.54 -22.6222 -783.5997 4479.77 -147.4523 -557.8303 4513.094 -164.7969 -390.3499 4652.074 -186.1303 -343.1176 4726.438 -135.0148 -257.4649 4746.347 -106.5606 -294.9758 4730.654 166.3413 -829.9814 4470.19 281.1458 -783.6868 4471.35 385.0762 -541.7316 4441.257 393.438 -328.8242 4500.255 341.1367 -255.2419 4463.171 286.8499 -171.9519 4452.629 352.3108 -302.2015 4377.785 53.26559 -356.5067 4468.937 23.62177 6.192863 4566.811 48.95372 362.0978 4517.888 11.97431 488.0776 4635.613 213.6052 -360.5501 4499.239 211.9879 3.312379 4595.702 221.8956 367.1008 4593.168 215.606 454.6513 4729.621 134.8368 -939.1161 4489.159 139.3175 -855.5506 4615.159 122.8917 -905.3815 4619.957 69.95164 -984.4861 4547.985 170.174 -893.2038 4613.773 223.3265 -963.3952 4527.409 
76.23 140.6051 -358.875 4456.287 137.3879 -525.5634 4446.268 135.7859 -657.6736 4426.952 131.0276 -860.819 4431.409 100.5046 -826.7114 4434.668 -22.25661 -786.4992 4469.64 -73.43469 -537.901 4519.728 -38.93816 -339.7133 4601.453 27.38552 -295.4313 4643.487 -26.32819 -309.7614 4558.974 31.10098 -264.5077 4662.2 162.7111 -827.827 4424.752 281.7427 -797.4445 4416.607 359.8417 -546.2168 4400.155 380.1618 -334.1218 4454.482 338.6765 -252.3583 4422.623 293.1664 -164.0725 4418.018 345.7019 -297.6467 4330.066 55.5621 -356.8077 4449.2 30.5788 5.322456 4542.487 45.95906 360.5115 4498.931 25.58164 496.1601 4608.218 217.2922 -360.7392 4462.677 207.3444 -8.195043 4588.28 199.5139 341.2303 4682.338 203.26 411.8171 4827.394 131.2411 -935.9911 4445.457 136.118 -860.473 4575.471 119.3486 -910.0845 4577.276 66.19263 -983.9321 4501.077 166.4888 -898.0383 4571.937 218.9514 -963.1042 4482.163 
76.262 144.7128 -350.7747 4434.928 139.6912 -516.371 4423.312 136.688 -647.4416 4402.337 127.0251 -849.3067 4404.205 97.71555 -814.7014 4409.242 -20.61022 -770.4338 4451.057 -46.68246 -518.5593 4496.407 -29.32538 -311.2012 4554.018 31.19348 -248.5633 4575.213 1.080563 -280.5654 4484.731 63.10786 -253.3182 4607.81 159.0346 -817.1968 4396.657 277.4438 -792.2384 4378.11 369.2341 -547.9863 4353.205 408.7888 -337.9542 4399.329 368.1666 -256.5077 4367.207 327.2284 -166.6761 4361.729 356.9272 -297.2162 4283.799 60.17278 -347.722 4427.957 68.74104 24.01349 4402.938 85.94084 363.5205 4296.681 86.72543 513.0602 4386.408 220.9463 -353.5274 4441.214 209.1615 -3.938735 4568.638 199.5046 341.1645 4670.348 206.9483 413.7127 4813.269 125.9477 -924.2363 4417.125 133.7978 -860.9897 4552.456 116.4205 -910.0569 4550.139 61.37949 -975.7521 4469.012 163.3852 -898.2878 4545.169 213.2776 -955.5045 4449.706 
76.293 139.6453 -336.9815 4383.835 134.1526 -503.9082 4367.808 129.6635 -637.5168 4356.813 125.6431 -841.6506 4358.455 95.21284 -807.5396 4364.401 -24.46734 -761.5327 4404.831 -48.21236 -515.3215 4484.575 -30.76796 -314.3115 4567.464 32.6773 -250.4403 4577.277 0.116244 -279.7424 4485.582 67.54705 -251.5339 4606.07 156.8537 -808.3073 4350.067 275.5896 -778.2708 4332.846 369.1084 -530.5804 4327.694 385.6347 -333.1642 4425.397 348.7859 -255.2972 4379.716 310.5298 -165.2741 4359.475 333.1632 -254.8624 4351.604 54.06252 -333.7495 4379.502 64.22914 31.10641 4287.144 78.31942 371.935 4172.659 82.70357 521.0789 4266.352 216.8191 -339.8961 4387.742 207.0607 -0.6936491 4549.898 196.7019 337.5003 4683.035 216.2019 404.5654 4829.317 127.0073 -917.3725 4371.348 131.285 -860.1025 4511.132 112.8325 -909.1167 4505.834 58.89567 -970.3704 4418.924 160.659 -898.0414 4503.049 213.3369 -952.3737 4405.805 
76.325 143.4644 -335.3268 4351.814 136.6576 -502.4526 4333.651 130.9839 -636.5296 4324.542 122.7738 -840.9434 4316.32 93.36325 -806.5362 4325.692 -21.99887 -756.8763 4374.683 -45.95266 -509.1739 4452.053 -31.39199 -304.9511 4529.021 18.33072 -234.6512 4557.866 19.39305 -242.9211 4456.306 60.19165 -255.8006 4596.863 154.2419 -807.6978 4307.797 272.0624 -776.3317 4285.08 375.8866 -533.0494 4261.737 409.926 -344.0084 4372.04 364.6403 -265.6973 4334.932 317.7523 -177.8141 4324.413 350.3719 -258.6291 4338.5 57.62608 -331.467 4348.468 69.19628 34.84005 4257.791 89.9429 370.5072 4127.089 93.33385 520.4011 4220.542 220.8686 -338.8073 4354.832 212.9604 -2.137452 4524.601 203.5905 332.0045 4670.205 229.1564 387.804 4820.719 123.277 -917.4419 4325.389 127.3293 -859.7623 4465.464 108.81 -908.9116 4460.205 54.85817 -970.4636 4373.063 156.7796 -897.8361 4457.483 209.7602 -952.5226 4360.17 
76.356 137.9258 -316.1713 4297.947 140.4959 -475.8587 4284.127 143.6214 -602.6461 4265.711 154.7744 -797.254 4273.381 123.1085 -766.8779 4277.156 7.750504 -724.3346 4314.327 -49.33539 -499.3134 4402.429 -30.26998 -314.0471 4495.946 -3.122276 -271.9526 4566.496 11.38157 -246.6656 4473.884 47.80605 -264.0573 4584.541 182.2911 -763.4181 4265.243 294.7871 -730.9172 4249.371 376.9871 -497.6005 4196.297 386.2443 -349.0367 4345.903 383.8547 -261.2703 4314.752 371.7024 -167.3402 4303.041 337.0334 -260.6152 4302.918 56.85246 -316.4533 4286.128 64.66897 33.34615 4202.606 82.01589 361.6905 4102.241 66.27444 503.4217 4191.684 211.0332 -315.917 4308.604 200.0773 18.6778 4439.159 188.3802 355.4037 4523.791 194.7347 439.248 4653.852 161.2546 -868.8837 4288.032 140.5217 -851.4727 4429.856 120.2728 -892.2905 4408.565 83.37611 -919.2594 4304.226 166.1844 -888.2729 4417.677 230.9655 -921.4893 4325.157 
76.387 137.3999 -317.0524 4247.228 138.9112 -477.6925 4232.658 140.1748 -606.0833 4220.655 141.363 -802.3414 4224.38 110.9812 -770.285 4228.033 -3.592573 -720.0137 4260.461 -39.46156 -491.0063 4353.72 -17.25918 -309.6092 4456.575 3.254268 -284.5155 4537.381 29.89306 -245.1219 4452.038 56.85627 -283.7358 4560.11 170.9301 -769.5795 4217.643 283.781 -734.7323 4203.896 370.2852 -496.0528 4184.87 388.4959 -347.352 4335.381 379.9237 -258.9609 4305.359 360.8131 -165.0151 4299.804 339.4536 -256.2378 4299.835 55.93289 -316.6724 4234.587 64.43246 38.44547 4165.031 82.77639 372.5865 4077.402 57.23443 506.9783 4177.289 210.8622 -317.395 4258.626 188.2469 28.67979 4360.891 169.1586 374.5534 4407.833 166.9129 463.1982 4535.989 143.8709 -874.9437 4237.707 138.0717 -841.7225 4379.026 118.773 -886.3563 4365.008 72.23064 -928.4196 4269.078 165.2367 -878.1519 4367.926 221.8676 -918.1563 4271.873 
76.419 133.6424 -324.1897 4194.919 128.6856 -484.5306 4184.27 123.8869 -612.9232 4180.826 117.7169 -808.3985 4186.144 88.50033 -775.335 4188.188 -22.1801 -715.1224 4215.01 -47.19219 -487.6857 4313.301 -34.15853 -305.9255 4415.666 -21.51231 -267.9269 4492.646 23.13044 -243.9943 4409.485 41.68882 -290.8736 4520.019 148.6322 -776.9045 4180.478 261.8815 -743.1099 4171.682 365.3927 -512.8368 4146.332 375.6521 -354.4758 4286.385 366.572 -268.7992 4250.238 360.1156 -179.1749 4217.276 336.9007 -263.1088 4245.331 52.61478 -320.8066 4181.699 62.62697 35.34344 4125.071 83.14915 371.5318 4051.396 49.37806 493.7722 4162.829 206.7086 -327.2403 4206.841 177.2963 12.46729 4323.475 163.9189 360.532 4331.09 158.5833 455.9705 4453.518 116.9701 -880.6722 4200.099 128.3653 -838.1735 4338.057 111.5856 -885.0063 4329.735 56.108 -937.4214 4244.73 156.8598 -872.7703 4325.217 202.4816 -914.4926 4224.626 
76.45 140.9394 -331.0376 4224.234 133.2643 -481.1527 4185.826 129.189 -604.1913 4170.736 119.9036 -790.7012 4142.971 150.4444 -760.9724 4143.406 266.8712 -723.0874 4121.896 367.0759 -504.7243 4117.046 346.9169 -332.3503 4014.284 350.8982 -273.6969 3954.655 354.6241 -202.8129 3893.086 314.7893 -234.1441 4042.274 92.82725 -759.0773 4153.473 -12.76965 -718.2512 4169.627 -63.5644 -498.5363 4265.01 -46.04599 -314.5452 4178.085 -43.85729 -249.0183 4116.196 -22.25683 -181.3618 4057.15 -11.41714 -274.9999 4067.286 219.5058 -332.3376 4213.616 212.6663 15.67692 4219.391 238.5979 207.1949 4490.206 223.5878 367.7959 4467.371 70.0927 -329.8653 4233.81 66.34483 -1.648217 4118.949 108.4592 322.0071 4199.615 70.56499 429.685 4102.481 114.5313 -858.1376 4121.305 113.8277 -836.4387 3983.268 139.7178 -874.2582 3999.652 191.2913 -898.8926 4093.919 94.32764 -874.5692 3997.051 47.87653 -914.6494 4093.057 
76.481 119.0161 -326.3911 4113.555 128.2109 -482.7659 4099.015 133.3596 -608.2921 4104.875 120.0906 -799.2159 4109.628 151.6435 -770.0742 4104.806 270.7917 -743.9398 4073.014 360.0987 -517.3117 4079.593 360.3882 -321.0217 4022.154 335.6424 -277.0326 3953.872 316.1098 -198.0879 3904.223 329.43 -273.7295 3923.319 93.32945 -765.2476 4114.688 -13.95015 -723.5446 4128.833 -55.21787 -492.8048 4210.707 -41.27339 -306.234 4121.872 -34.66615 -238.8269 4060.461 -10.07359 -170.5651 4001.241 -10.06953 -269.8192 4007.121 198.6899 -322.6495 4123.7 204.2058 25.20305 4183.602 216.9814 229.8183 4451.539 217.9618 372.9137 4534.076 47.17074 -329.765 4104.406 61.33114 11.25506 4015.768 91.77757 346.2388 4071.333 92.32502 469.0643 3981.811 113.1783 -870.2297 4099.738 107.6288 -853.1115 3959.19 134.6758 -890.7183 3976.226 190.3109 -912.0762 4070.804 88.58913 -891.374 3975.154 45.04387 -928.8606 4075.387 
76.513 110.9319 -321.7141 4072.008 115.3953 -475.7797 4062.238 120.3119 -598.2777 4047.604 117.183 -785.3956 4064.887 146.8685 -755.1415 4062.936 266.5516 -727.7333 4047.491 347.0167 -502.4669 4050.059 344.7072 -331.9428 3944.094 321.9792 -253.4933 3927.433 296.7019 -167.0517 3902.166 324.6202 -232.5257 3904.315 88.6313 -753.6487 4062.937 -17.57237 -712.7065 4065.168 -34.68245 -488.6996 4159.72 -21.52801 -290.9899 4114.144 -31.25854 -231.5389 4047.612 -8.643782 -161.1755 3992.922 -22.74792 -272.0385 4003.914 188.3338 -320.4494 4087.427 108.5733 10.77974 4023.972 44.52285 335.2921 4040.798 85.77267 411.1395 3903.518 41.13509 -322.8544 4058.104 92.42725 13.00639 3991.701 86.86036 341.9729 4053.052 125.1075 419.4028 3931.377 115.9946 -855.9118 4059.743 122.0957 -833.5455 3922.586 140.3884 -875.3058 3938.992 184.5149 -909.2726 4033.556 95.93811 -867.527 3935.507 41.29082 -899.2182 4029.706 
76.544 116.2271 -314.4476 4033.435 117.4658 -468.8266 4021.515 118.4766 -592.2319 4011.82 110.7985 -779.8124 4027.979 141.2968 -750.282 4025.226 258.7553 -721.0969 3997.918 335.344 -496.8665 4035.075 346.8002 -304.1375 3978.086 321.454 -255.8175 3914.781 309.7679 -167.1777 3943.096 298.6531 -207.5686 3917.803 83.00284 -747.2051 4027.204 -22.32126 -703.2248 4028.147 -54.01692 -473.2975 4104.645 -49.03362 -276.3252 4052.367 -44.51315 -208.3116 3993.618 -33.29543 -128.336 3949.169 -40.15025 -209.8233 3976.584 194.7707 -314.5658 4043.127 142.9072 28.98777 4046.464 86.03123 354.9665 4074.234 137.8159 448.6532 3951.846 45.40096 -314.3411 4024.696 72.69427 29.99824 3990.699 81.41264 357.4224 4063.623 99.21617 455.7711 3952.313 107.5041 -850.4133 4022.389 113.4161 -819.6581 3886.485 133.8471 -861.3925 3900.656 179.1533 -898.5692 3993.777 88.95419 -855.7704 3897.158 35.25322 -895.8911 3989.017 
76.591 109.4725 -304.8933 4000.254 116.2158 -461.7253 3986.564 121.27 -587.3388 3978.528 114.6937 -778.783 3987.198 145.5303 -748.4101 3986.343 262.9173 -711.7083 3957.799 334.2579 -480.4688 3989.587 361.2867 -279.2746 3962.112 305.8035 -222.6108 3931.386 278.0322 -135.1944 3957.753 289.0562 -198.586 3918.124 86.15306 -745.8109 3987.04 -22.06909 -703.6808 3989.204 -54.19521 -466.3586 4056.234 -41.81464 -293.1276 3942.781 -25.6235 -204.6297 3925.703 -28.90374 -115.5517 3954.93 -49.82045 -186.2418 3978.55 189.4067 -302.2822 4009.714 142.4033 47.8777 4023.936 87.16167 379.0062 4062.563 151.779 467.4102 3938.518 37.39239 -307.2479 3991.724 87.11536 42.29373 3981.583 86.40178 370.872 4074.538 112.9745 470.4168 3962.466 112.091 -850.3679 3978.586 125.9719 -831.2852 3838.637 122.5336 -877.8785 3854.798 147.442 -931.0327 3950.145 86.28416 -849.3837 3852.255 23.52365 -852.8134 3949.418 
76.638 108.5624 -294.3156 3970.892 115.7748 -454.1811 3956.512 121.613 -581.8516 3943.643 112.818 -777.0498 3950.763 144.5922 -746.4461 3949.207 268.1154 -710.9315 3941.75 327.9174 -472.805 3982.472 346.2466 -268.1241 3945.031 305.432 -205.4471 3901.139 272.2455 -118.175 3873.711 281.7208 -165.9215 3907.125 84.13544 -743.0873 3951.85 -24.48468 -695.8788 3950.955 -57.942 -456.0796 4026.331 -59.32594 -267.4533 3930.612 -52.91027 -174.4693 3924.979 -49.72809 -84.51902 3892.6 -56.74314 -165.8252 3921.847 190.4847 -291.0365 3975.526 200.2677 65.0684 3919.981 187.6529 296.2066 4175.213 210.4603 445.5575 4100.112 34.68943 -297.2726 3966.713 67.64776 61.20977 3955.94 87.22366 381.57 4090.938 105.0472 468.8531 3963.815 109.0039 -849.9129 3941.35 112.4886 -824.3875 3798.944 130.4869 -868.7272 3814.79 177.6796 -907.264 3911.344 84.4612 -859.0532 3812.503 29.05348 -891.8316 3911.392 
76.67 113.0428 -297.3916 3935.839 113.4309 -459.1209 3921.68 113.7496 -588.3895 3910.066 107.1035 -785.8134 3913.458 138.8563 -754.4893 3913.315 263.2663 -720.0189 3897.305 336.5699 -487.5156 3958.999 345.8109 -278.334 3932.456 307.924 -208.3078 3895.86 272.0749 -142.7704 3831.921 280.5739 -189.0563 3879.02 77.68215 -751.8679 3914.388 -34.60422 -713.0258 3900.073 -80.81744 -470.6088 3969 -67.99352 -269.1195 3898.862 -56.30611 -175.5088 3897.4 -58.78525 -82.1455 3872.53 -38.11532 -167.8834 3874.923 195.9842 -297.3996 3938.205 204.3744 55.30232 3847.387 174.9843 323.726 4067.163 218.3284 462.1767 3977.634 38.25085 -297.3844 3933.707 61.59868 64.58631 3963.091 80.79088 389.5587 4096.525 106.9088 486.4709 3975.995 104.4144 -859.2897 3902.519 115.3828 -838.8096 3758.15 155.0871 -860.4215 3781.62 198.6978 -857.4918 3888.381 114.6452 -883.6984 3772.33 77.13132 -944.6144 3867.71 
76.702 119.1192 -300.3681 3903.046 121.8016 -457.746 3887.273 123.9355 -583.6272 3875.333 119.8416 -776.0649 3878.231 150.3688 -745.1461 3879.199 272.8235 -713.2218 3871.983 337.0278 -485.1488 3934.425 349.3254 -281.3874 3909.456 316.0321 -212.6287 3871.328 283.643 -149.6129 3806.834 280.9977 -199.596 3853.665 90.7337 -743.3635 3878.168 -19.30161 -707.1151 3864.914 -87.7822 -471.4361 3910.712 -82.44267 -276.2232 3838.363 -70.36446 -190.7012 3869.851 -58.22033 -97.50873 3875.895 -40.02761 -181.1479 3874.519 199.9471 -299.1295 3904.433 200.8887 36.23408 3788.098 170.8327 320.7398 3970.411 211.4506 449.2791 3873.352 46.23319 -301.485 3901.795 60.70471 50.95473 3937.976 80.05165 361.2805 4082.344 99.71306 467.2413 3973.981 118.5223 -847.6718 3867.421 116.3262 -824.5568 3726.845 139.9457 -865.2153 3742.723 192.5651 -895.1221 3837.443 93.73695 -861.8307 3741.159 45.53601 -899.4977 3839.922 
76.733 119.2506 -303.13 3871.212 114.3875 -461.7663 3853.03 110.3517 -588.2469 3835.809 111.3195 -782.5866 3840.608 141.3296 -750.5633 3841.004 264.3186 -715.8447 3833.716 332.244 -493.0001 3917.112 349.356 -286.0423 3914.408 318.8562 -221.92 3865.494 297.3332 -163.4669 3791.458 293.838 -212.0515 3837.407 81.07298 -750.3409 3840.506 -32.23953 -719.8201 3830.727 -90.00127 -476.9185 3865.79 -73.29762 -284.893 3781.661 -3.6119 -233.1613 3814.625 74.23311 -192.0746 3850.634 48.42676 -261.436 3787.696 200.736 -305.0848 3866.473 198.5558 34.21021 3750.823 174.4699 364.3763 3839.004 213.197 471.8854 3716.197 45.77168 -301.3673 3875.486 69.80146 48.51535 3947.797 99.96851 369.5239 4073.858 100.8605 479.0831 3965.157 111.777 -855.0121 3830.387 98.021 -842.2328 3687.732 124.0171 -881.5593 3704.748 185.106 -903.6624 3797.835 77.30211 -879.116 3706.615 37.41431 -910.584 3812.363 
76.764 131.6185 -298.0585 3837.305 121.9125 -454.186 3818.078 114.2159 -579.2621 3804.951 112.7648 -771.034 3802.44 142.6217 -739.8762 3806.002 264.841 -708.4661 3810.906 336.525 -486.9766 3884.395 364.6995 -286.8696 3850.546 337.8505 -206.6132 3841.924 304.7916 -123.9373 3807.518 304.6681 -192.5753 3822.928 83.34575 -738.8422 3801.565 -27.06517 -705.3918 3787.859 -93.88348 -468.5899 3824.373 -67.64314 -273.3223 3759.304 2.578869 -220.3065 3784.749 82.98069 -194.1915 3825.458 51.66153 -260.167 3785.156 211.9869 -302.7112 3834.516 179.7955 34.77866 3733.814 153.7206 371.3605 3750.272 175.3289 462.3712 3613.744 59.14669 -293.863 3839.821 87.03674 44.05764 3939.014 115.7597 361.3487 4062.122 102.9815 475.4047 3962.057 113.1131 -842.0625 3789.697 97.13708 -821.2112 3650.194 123.1842 -860.8291 3664.227 185.0576 -887.7795 3753.6 77.12602 -858.7212 3666.974 39.63068 -896.0428 3769.922 
76.796 132.83 -284.1488 3807.206 118.1524 -441.2841 3785.781 106.8367 -567.4012 3772.426 108.3535 -761.1301 3766.855 138.1268 -729.2138 3769.946 261.6479 -697.1782 3768.414 345.3181 -482.9272 3857.607 372.3921 -279.4251 3830.668 330.2531 -209.2391 3804.441 300.3495 -131.9513 3755.071 311.2548 -203.6039 3765.285 78.10034 -729.0798 3767.48 -34.06776 -695.8157 3757.726 -95.31618 -453.7584 3786.725 -63.14077 -257.4525 3720.447 10.2697 -212.4832 3754.441 68.40343 -188.6474 3825.452 46.84687 -263.4587 3783.691 213.4061 -290.3457 3797.456 172.0888 53.08962 3707.614 137.717 389.7837 3661.634 177.2258 449.893 3510.651 60.17099 -278.5607 3815.999 99.20918 57.43131 3930.179 141.1438 369.3189 4071.93 145.8641 483.6202 3969.026 109.4086 -832.6852 3752.833 113.0791 -811.2406 3611.041 138.0094 -850.7554 3628.756 187.6043 -877.0674 3727.021 91.51006 -849.6736 3624.859 40.02354 -888.764 3722.337 
76.827 128.2512 -279.5114 3764.352 121.4599 -436.0929 3744.807 117.0389 -562.0526 3737.183 116.8586 -754.2559 3737.354 146.5223 -722.7866 3740.918 270.3098 -698.9742 3752.144 343.5116 -476.8156 3823.829 385.2215 -276.0957 3812.266 343.4607 -206.0548 3787.415 319.7402 -121.783 3748.859 319.2686 -197.9574 3745.735 87.1857 -722.2073 3735.594 -22.87425 -688.5438 3718.025 -101.0507 -453.8368 3748.665 -72.65102 -258.8235 3682.338 1.749449 -217.3481 3716.536 77.22301 -162.2132 3726.79 22.88014 -267.3059 3764.349 208.2852 -281.6972 3754.054 184.2909 61.8988 3670.522 163.7247 393.9566 3606.95 186.3574 447.0775 3451.475 56.08104 -277.5403 3773.638 106.958 60.57951 3865.441 163.7635 379.0534 3977.247 133.8074 491.1243 3878.116 117.8527 -825.6039 3725.594 101.1255 -811.0748 3585.072 127.542 -849.9456 3600.778 190.0931 -872.5374 3691.181 81.38457 -848.0009 3603.638 44.48139 -880.9901 3708.54 
76.858 156.7917 -258.4108 3724.478 140.7384 -419.7728 3711.331 126.7677 -548.2813 3696.949 119.6096 -745.8934 3706.687 151.5091 -714.6392 3704.827 277.6146 -683.1559 3694.827 364.5858 -470.7079 3798.779 393.1289 -264.5026 3761.368 345.8382 -198.6583 3795.116 312.8016 -110.0661 3822.854 319.2466 -209.2807 3690.832 90.2554 -711.7565 3707.235 -21.76882 -669.4944 3700.394 -109.4707 -428.1716 3699.191 -114.5292 -251.2634 3578.558 -43.10881 -190.8962 3592.494 2.346657 -154.5698 3669.921 -32.82484 -262.3019 3684.17 236.1646 -264.3475 3700.423 249.3221 99.14711 3669.189 265.1346 447.6772 3671.379 252.0485 533.1051 3524.015 85.21772 -253.0573 3746.169 122.1332 92.73535 3855.964 167.1351 417.4974 3985.606 140.3574 535.808 3885.652 116.4458 -819.8204 3698.098 111.4626 -805.9431 3552.307 134.2553 -847.6362 3570.948 189.4676 -874.1493 3668.994 86.91226 -842.0421 3570.199 38.32533 -871.3458 3675.347 
76.889 146.1728 -246.7586 3698.108 133.291 -409.0886 3686.239 121.0278 -538.0881 3670.543 120.7348 -736.7695 3668.813 151.6187 -704.2494 3667.92 274.1336 -661.2903 3651.791 389.5856 -449.1351 3726.758 421.0146 -245.3957 3676.184 382.8961 -186.1736 3729.153 354.5475 -138.7103 3811.144 308.5768 -209.3366 3695.903 90.18147 -703.6497 3672.187 -21.88437 -661.0461 3661.627 -140.8656 -433.336 3681.468 -143.5136 -260.5143 3553.683 -72.63038 -198.9404 3567.377 -26.93934 -156.729 3642.067 -54.13348 -263.7845 3655.398 225.4579 -251.175 3672.46 203.9624 104.8005 3588.49 189.0623 451.1711 3539.446 185.8691 523.231 3383.909 74.67793 -242.776 3721.236 140.9909 107.981 3801.951 215.4664 439.4433 3900.84 196.0057 561.3367 3802.628 119.7773 -810.4025 3655.929 115.2696 -812.3851 3508.953 137.8492 -852.0773 3532.161 192.8266 -868.1666 3633.052 90.37238 -846.3198 3530.644 41.14532 -863.8557 3638.565 
76.921 137.236 -245.9717 3656.036 131.3468 -406.6034 3633.005 127.7172 -535.7662 3620.518 131.6561 -733.3237 3622.284 161.5666 -700.3184 3624.789 287.4211 -667.8722 3618.698 366.2158 -443.7431 3701.284 405.2166 -240.6351 3658.965 388.7388 -174.9853 3714.643 379.4834 -88.35046 3760.263 344.7672 -141.5705 3688.695 100.4293 -701.0269 3621.109 -14.40693 -669.6033 3608.746 -96.73791 -447.4236 3706.404 -31.06601 -262.0867 3622.513 -18.02221 -173.2449 3651.535 5.193891 -80.54382 3666.119 -106.277 -247.5704 3714.772 218.8627 -246.8185 3641.069 203.8855 108.7431 3562.826 188.8533 454.2372 3521.921 193.3617 527.0765 3367.816 63.62966 -245.2081 3669.532 80.82987 96.49336 3793.746 110.2936 379.4032 4000.927 103.7688 499.5331 3900.241 133.8526 -806.7418 3610.758 119.6598 -789.199 3466.253 144.1441 -830.8958 3482.293 205.6046 -858.9672 3575.825 96.85685 -826.0861 3484.607 55.40803 -858.8589 3591.515 
76.952 146.3314 -237.0749 3615.513 135.962 -396.9248 3590.182 128.9807 -525.5821 3575.752 136.6599 -722.7474 3579.753 165.9803 -689.2147 3580.811 290.7767 -653.0073 3581.993 360.4661 -431.0142 3676.681 400.1002 -234.1328 3612.5 417.1575 -161.7059 3658.602 430.4033 -114.6346 3743.79 341.4986 -131.7762 3623.95 104.8532 -691.0834 3579.283 -10.16508 -658.4924 3579.63 -83.04807 -427.5922 3662.616 -38.5462 -242.0048 3566.899 -15.45588 -164.5403 3615.364 19.08528 -78.05136 3640.823 -80.58912 -250.5114 3682.339 227.0949 -239.3826 3597.014 209.855 115.9969 3520.57 197.0074 463.5424 3518.02 198.8558 534.2815 3363.121 73.50333 -234.994 3632.194 62.55444 116.4434 3724.512 97.34959 353.0134 3982.081 83.88493 503.2094 3939.546 139.8219 -796.1606 3569.056 124.6369 -796.8997 3423.778 151.3043 -834.9524 3444.506 214.1633 -848.2412 3540.174 103.8881 -832.4305 3446.559 64.37712 -854.2477 3556.778 
76.984 144.0949 -240.3699 3584.518 138.3554 -400.4026 3564.933 134.7667 -528.6735 3551.968 138.7705 -724.941 3554.441 168.438 -692.2021 3550.898 288.9797 -646.4706 3541.475 358.6566 -418.5482 3616.588 367.2047 -210.6924 3589.906 400.3398 -155.394 3648.442 437.3951 -121.3376 3732.195 330.9564 -110.4443 3641.294 108.1324 -692.79 3559.035 -4.780591 -655.6245 3562.485 -88.50713 -416.4248 3587.06 -122.6981 -219.9053 3514.116 -66.8748 -153.6545 3549.96 -18.51884 -97.69624 3611.237 -84.80956 -243.0281 3630.773 221.4148 -239.639 3555.887 188.0472 119.4291 3524.081 165.3458 464.6575 3523.436 191.4089 540.1549 3374.039 74.37216 -241.0289 3610.336 144.5845 113.715 3610.241 218.8376 454.5216 3634.062 193.6644 553.9251 3516.679 138.6373 -797.9705 3543.344 120.2444 -788.935 3399.488 143.671 -830.153 3417.211 206.8834 -854.4479 3509.708 96.98681 -823.5433 3420.707 58.37061 -847.9743 3530.02 
77.031 149.4799 -243.1873 3544.349 144.1398 -402.8733 3525.771 139.1646 -529.9891 3506.982 138.494 -725.6785 3511.537 168.9779 -693.6878 3512.065 292.3912 -657.2506 3504.764 362.4754 -426.3463 3566.797 380.5263 -234.8324 3484.786 400.8709 -164.1204 3530.865 412.5387 -126.7296 3620.067 350.527 -121.835 3504.803 108.3109 -692.9571 3511.398 -5.219512 -658.7768 3512.65 -48.52742 -413.4601 3561.557 -41.29941 -228.4074 3458.86 -12.43332 -148.852 3498.56 11.23299 -57.40634 3514.293 -1.165626 -138.3663 3493.824 230.3684 -244.1881 3529.701 206.8122 115.4648 3510.311 185.5322 459.5315 3522.84 186.4131 529.3094 3369.023 76.53911 -242.2849 3557.557 61.85007 117.7556 3570.042 92.81917 330.2495 3844.625 61.76423 481.8437 3858.934 138.3748 -798.5906 3501.143 132.5375 -772.4047 3358.77 154.9993 -815.1629 3373.396 210.1167 -849.91 3467.304 108.2145 -809.3931 3373.473 60.74381 -847.0683 3474.872 
77.062 151.9815 -242.5648 3510.908 147.5109 -405.4067 3490.359 144.0137 -535.6687 3474.543 147.2512 -735.4435 3472.543 177.7396 -702.1986 3472.107 302.7993 -665.2133 3454.742 365.4857 -425.7262 3513.05 367.0892 -229.142 3429.878 397.5836 -146.7516 3441.533 372.7283 -107.7465 3529.57 357.9518 -109.0687 3488.793 115.9022 -702.6859 3475.563 -0.1201406 -669.916 3486.256 -49.6316 -421.0219 3538.738 -55.52326 -221.7606 3455.152 -16.89838 -135.2542 3466.555 9.600807 -42.06739 3453.554 12.6065 -135.4745 3438.639 235.2256 -243.5157 3500.333 211.4304 123.7431 3482.825 193.0647 473.3785 3520.324 187.0906 534.9435 3359.385 76.91657 -241.7073 3520.444 54.23408 125.3271 3505.244 94.05112 336.6066 3788.769 48.92658 486.935 3765.765 147.7635 -809.478 3459.48 121.1153 -791.0845 3315.179 148.098 -832.748 3328.954 218.4099 -860.2764 3417.898 100.5326 -829.0558 3335.225 68.37844 -863.9402 3446.084 
77.094 155.9901 -240.7272 3484.376 151.3442 -402.8036 3461.02 147.697 -532.4711 3443.006 147.9021 -731.7987 3439.922 178.8121 -699.0895 3439.385 303.5468 -662.8478 3420.473 369.1641 -420.3387 3456.111 372.836 -232.8535 3355.156 407.4372 -152.4371 3367.558 367.7063 -115.5483 3450.654 359.4409 -130.4503 3434.761 117.1503 -698.6669 3443.394 2.649613 -663.0177 3457.565 -37.78251 -415.5099 3520.42 -40.49577 -211.7794 3449.721 -15.23429 -122.683 3427.65 -7.552489 -36.20379 3383.226 6.347683 -125.6558 3398.277 239.2614 -241.8698 3475.742 219.0945 125.1582 3472.275 202.4825 473.5064 3514.659 193.4081 547.2413 3359.509 80.90074 -239.6968 3492.163 49.92652 120.6683 3428.797 99.40575 343.5752 3700.631 39.53157 485.5999 3664.679 147.1809 -805.5902 3426.492 122.4892 -785.2764 3282.449 147.5898 -827.9898 3296.123 215.8693 -858.8386 3385.21 100.2752 -822.4171 3302.045 65.9425 -856.5749 3412.173 
77.125 153.9756 -238.7379 3450.68 150.6948 -399.2872 3429.129 147.8417 -526.8157 3406.632 147.1556 -723.9432 3402.688 177.8722 -691.728 3402.289 301.0138 -652.1058 3391.302 373.1483 -411.762 3395.183 385.8923 -242.7719 3270.09 403.8424 -167.1882 3310.245 363.5422 -128.2558 3390.805 358.3905 -147.395 3354.538 116.89 -691.0536 3406.286 5.787105 -651.2122 3424.539 -31.33501 -409.622 3499.675 -27.74918 -203.8569 3443.583 -9.628493 -124.5209 3396.218 -10.64466 -44.61432 3342.201 21.53049 -132.9225 3360.47 236.6885 -239.9181 3446.88 220.4067 122.9714 3462.062 209.7498 464.5918 3524.607 192.9893 546.6968 3376.54 79.38977 -237.6737 3454.106 63.0342 117.7954 3381.483 97.77563 371.0109 3622.228 48.028 497.969 3545.355 146.1078 -796.8615 3389.075 121.7978 -783.0189 3245.848 147.9424 -823.8668 3261.074 215.9771 -848.7358 3350.561 100.9577 -819.7056 3266.525 67.55887 -850.4487 3376.515 
77.156 156.527 -238.1759 3419.22 155.2288 -399.7326 3395.464 154.0011 -528.4774 3373.866 148.0065 -726.9282 3365.4 179.6878 -695.2065 3363.707 303.9053 -663.1796 3337.911 378.5606 -421.7751 3349.336 376.8357 -251.4775 3222.585 386.9701 -173.5732 3262.544 349.3229 -127.0623 3341.294 353.3086 -160.8106 3310.607 118.6551 -693.1602 3371.78 9.40223 -648.4255 3395.289 -21.09817 -406.6472 3479.175 -5.360378 -205.3792 3405.271 4.566967 -135.2419 3342.116 10.98857 -60.6671 3280.08 43.22997 -134.7125 3318.204 239.7698 -237.9584 3413.192 220.4385 125.2785 3457.475 206.5972 466.3926 3535.511 186.9015 547.9424 3385.96 81.46338 -238.372 3424.656 61.77534 110.4113 3315.343 102.3634 393.8225 3523.344 51.19375 508.5785 3427.934 144.1929 -800.0169 3350.101 119.7912 -779.3936 3206.53 142.8755 -823.0192 3220.267 209.9019 -856.4419 3308.896 96.0518 -815.2432 3226.377 60.85963 -847.0884 3336.512 
77.188 159.0206 -243.0258 3392.123 158.6926 -404.4318 3371.108 157.9621 -531.2764 3342.08 153.8704 -729.2418 3336.871 185.086 -697.34 3334.109 305.8294 -657.8283 3304.613 370.4159 -414.2186 3297.681 357.6286 -240.9737 3176.848 386.8404 -166.7556 3213.679 360.6752 -138.3501 3304.383 351.0443 -185.1499 3288.649 124.3897 -695.7808 3343.233 16.60113 -646.2136 3361.146 -22.33196 -410.8088 3456.339 -8.287682 -213.0057 3375.127 -3.441094 -144.643 3309.929 11.41088 -70.28659 3249.593 42.63334 -151.7108 3278.015 242.1509 -242.7857 3388.982 220.8657 119.1481 3433.206 208.2655 454.4978 3529.262 198.9187 529.5599 3375.992 84.05842 -243.2423 3394.956 62.61131 99.64885 3272.141 108.5773 422.133 3407.466 57.04005 515.3367 3291.768 150.5431 -802.3615 3322.844 117.6257 -773.5815 3182.911 146.205 -814.8962 3192.082 220.3449 -846.7693 3274.935 99.26101 -813.3885 3200.411 73.09787 -857.8036 3308.263 
77.219 159.0791 -243.2779 3355.114 158.1262 -404.8735 3334.851 157.0833 -533.0309 3311.893 147.4082 -730.923 3306.877 179.3465 -699.856 3302.767 299.7477 -667.3077 3264.372 379.363 -428.1938 3253.173 343.0871 -270.1972 3116.97 379.1217 -194.9227 3089.358 370.7871 -204.6725 3187.162 336.9785 -199.7975 3214.824 119.129 -696.6638 3314.506 11.13485 -648.7604 3335.848 -19.22326 -411.5101 3429.98 -3.716176 -229.2152 3318.175 11.54683 -146.7572 3274.288 47.50774 -88.18092 3205.904 23.45589 -144.4041 3248.592 242.2454 -243.3337 3351.648 221.6131 115.93 3415.403 208.7117 449.4735 3518.211 198.3197 533.6341 3369.696 84.08437 -243.2275 3358.239 69.27209 101.9539 3240.324 102.3793 445.6967 3313.208 61.51911 507.6364 3174.458 141.498 -803.9532 3293.004 125.4123 -764.3632 3152.675 147.8672 -809.353 3161.758 209.6604 -854.3293 3248.659 100.8457 -802.4056 3166.091 59.60908 -848.5247 3268.455 
77.251 153.221 -235.291 3325.688 158.1916 -396.2933 3303.868 162.0213 -524.1017 3280.681 152.5022 -721.6699 3278.414 184.2834 -690.6917 3273.443 303.6633 -654.0657 3236.409 374.056 -416.3607 3192.411 332.9065 -261.7842 3054.315 345.1418 -175.248 3062.011 359.9972 -185.2153 3158.823 324.2243 -206.3642 3169.82 124.3547 -687.4038 3285.986 17.70651 -638.163 3309.629 -15.56684 -406.2657 3414.188 0.7624868 -233.69 3288.704 23.16613 -152.4957 3245.932 55.66485 -92.4725 3177.334 31.13002 -151.4557 3217.56 236.2363 -232.5055 3324.046 219.2604 122.3622 3406.676 203.191 454.0684 3512.651 199.1816 549.6704 3371.303 78.36249 -237.8028 3327.169 87.62973 110.983 3222.177 101.6177 462.9032 3215.504 68.4892 507.1521 3068.51 146.4805 -794.7405 3265.615 128.5454 -752.1234 3126.699 151.7825 -796.8475 3134.481 214.9531 -842.7752 3219.579 104.7817 -790.8151 3139.363 65.29305 -839.9958 3240.718 
77.282 151.9166 -225.2743 3290.339 158.7174 -384.6611 3266.902 164.1709 -511.9741 3247.442 148.4715 -707.4438 3240.524 180.8253 -677.5912 3235.57 299.8712 -655.6601 3190.403 388.1716 -422.6707 3173.111 327.8021 -258.154 3058.078 339.0785 -175.0215 3081.231 371.3952 -215.919 3163.818 328.0158 -221.6295 3182.537 121.8329 -672.8077 3249.587 14.78397 -626.8412 3273.152 -14.27477 -402.5085 3389.742 -0.4921584 -219.2149 3283.553 22.2615 -144.8227 3231.312 49.31961 -91.10839 3156.497 24.17317 -145.5228 3202.325 234.2328 -222.1089 3292.698 218.8687 127.665 3384.021 201.9258 448.4499 3512.018 203.3601 557.9999 3382.923 77.68844 -228.1288 3288.212 77.08099 117.7838 3183.426 81.04176 461.6256 3121.302 57.56985 490.5855 2970.047 139.8964 -779.3549 3226.171 113.9374 -742.9795 3087.985 138.594 -786.388 3096.165 206.7282 -826.9514 3178.871 92.12688 -781.4459 3103.191 59.50975 -827.277 3207.394 
77.313 148.5657 -219.1532 3263.964 156.5748 -378.024 3237.21 162.9762 -505.0535 3215.94 151.9605 -700.6689 3203.864 183.6461 -669.9341 3199.939 303.3677 -645.4999 3157.801 380.1508 -408.503 3138.69 313.4691 -243.17 3028.257 320.121 -161.0192 3056.312 326.6863 -194.9304 3147.7 287.7846 -208.0582 3149.889 124.4313 -666.9017 3213.604 14.33776 -626.882 3234.012 -20.34216 -411.4376 3365.137 -15.24655 -208.0399 3304.302 -10.97354 -156.0439 3226.418 12.30291 -89.47899 3161.232 -1.48673 -160.3382 3216.679 230.9001 -215.2916 3265.681 216.3827 130.1738 3372.742 201.9368 449.8001 3504.257 197.9834 562.1666 3377.572 74.32127 -222.6353 3262.416 76.84837 122.8103 3155.653 81.77745 462.3665 3072.743 48.74541 479.149 2921.37 145.1961 -772.3932 3187.59 112.9549 -732.0765 3051.782 136.3116 -776.5792 3057.708 207.3613 -821.5034 3135.63 90.52578 -770.013 3067.468 62.02347 -816.8086 3172.498 
77.36 169.421 -216.0349 3226.532 163.4891 -373.8954 3202.093 158.7352 -499.3073 3178.002 148.3849 -693.4099 3170.43 179.582 -662.9291 3165.293 303.2011 -641.8469 3139.224 370.4883 -408.6457 3090.27 301.7074 -231.6471 3005.844 290.2937 -158.1123 3049.505 304.4184 -185.481 3141.292 278.4127 -205.3112 3130.372 121.154 -659.8462 3179.869 9.940907 -623.979 3195.03 -29.58325 -411.7889 3325.65 -44.76012 -202.3914 3311.174 -17.56075 -153.7697 3236.836 13.95174 -95.24687 3168.731 -5.566295 -163.5283 3220.202 251.0631 -218.991 3225.81 278.6998 138.1807 3207.647 301.0146 421.8484 3398.829 312.7226 563.7903 3309.998 95.80069 -213.3693 3227.183 90.03009 127.4407 3116.713 90.28129 463.5314 3032.782 51.65511 490.0286 2885.621 141.6695 -764.8438 3155.97 113.4925 -724.7234 3020.598 138.51 -767.7202 3026.963 207.7058 -809.7748 3106.622 92.50526 -763.5555 3034.76 62.2136 -812.6141 3137.02 
77.391 138.2052 -204.8139 3187.228 148.0393 -363.3712 3160.802 155.2332 -491.0294 3145.716 140.8426 -685.9377 3131.18 173.2349 -655.8776 3128.996 296.8984 -636.3144 3097.75 374.6153 -401.6462 3064.33 302.7669 -226.7363 2974.448 320.8378 -152.9702 3016.728 301.1934 -153.8186 3112.265 276.3157 -178.7051 3091.41 113.6357 -651.7567 3140.009 3.350273 -611.149 3156.77 -34.13672 -396.4252 3287.503 -12.35515 -201.174 3207.793 26.61647 -156.1116 3135.613 71.09576 -111.2319 3063.506 10.36369 -155.6613 3101.542 219.8841 -201.3399 3196.78 218.7322 141.9019 3309.819 207.7962 437.0114 3488.896 202.7521 589.6043 3416.178 64.55163 -207.9466 3178.615 74.67808 139.7506 3082.088 87.51532 482.6205 3018.246 61.88013 518.9155 2869.137 133.3804 -757.2363 3113.915 116.6768 -722.7573 2974.013 139.146 -766.8143 2984.354 200.8448 -808.1322 3071.427 92.63409 -760.0376 2988.618 52.52779 -802.4858 3091.466 
77.438 129.1254 -189.8014 3137.612 139.3943 -352.0754 3120.91 147.8663 -481.6575 3106.341 138.543 -680.3191 3102.885 170.7521 -649.1489 3100.12 296.5372 -624.5885 3073.128 359.455 -383.7245 3027.004 284.3918 -208.6925 2932.744 297.1732 -130.5751 2971.701 284.5286 -144.7856 3068.855 265.2947 -169.5559 3054.913 109.78 -645.8889 3108.683 -3.727362 -606.7562 3118.797 -39.84249 -385.9257 3247.169 -21.54573 -221.8504 3109.146 52.32126 -179.602 3066.93 133.7985 -142.4591 3028.839 50.07232 -133.6082 3107.011 210.641 -186.4934 3155.591 245.9557 174.9488 3207 200.788 447.1562 3423.186 227.3507 610.4179 3377.361 55.61924 -192.7844 3121.4 64.07387 167.1441 3053.421 72.87642 520.9117 3068.998 83.46053 621.8544 2948.017 133.3903 -753.7616 3089.438 109.0449 -712.819 2950.135 132.6863 -757.7237 2957.513 199.9931 -802.8351 3040.729 85.70586 -751.4988 2964.49 50.63358 -799.4545 3068.797 
77.47 125.3664 -182.7085 3106.551 135.345 -344.0706 3083.141 142.9036 -473.5897 3068.213 132.6197 -672.0782 3064.395 164.7547 -641.0383 3060.14 290.1185 -614.7227 3033.222 359.6904 -371.942 3017.655 286.6653 -208.3633 2903.589 311.9399 -128.4681 2931.01 289.91 -136.8753 3027.099 279.2943 -155.8041 3019.414 104.3428 -637.5848 3071.779 -8.256294 -596.9045 3084.695 -48.3278 -374.0577 3208 -41.89884 -186.4775 3103.009 22.5701 -146.5997 3045.859 105.9886 -115.0638 3007.07 -8.756939 -110.4293 3008.427 208.2109 -178.9887 3116.224 230.7519 165.8868 3238.383 216.6458 427.7094 3470.71 228.6096 583.0083 3398.851 50.6618 -186.0628 3097.828 64.96548 168.9129 3009.124 84.81963 521.2559 2981.158 75.9937 569.9356 2831.29 126.5006 -745.3964 3050.923 101.7135 -712.4162 2909.691 126.1885 -756.37 2919.472 194.1177 -795.6522 3005.01 79.10786 -750.7029 2926.041 44.74344 -793.6964 3032.639 
77.501 119.3967 -186.1409 3064.535 125.834 -347.1072 3040.74 131.1461 -475.5924 3020.457 123.4326 -673.6063 3021.4 155.1854 -642.3672 3017.22 281.5925 -613.5316 3002.546 348.0967 -371.1628 2981.156 293.7054 -206.1554 2860.19 303.116 -121.8477 2883.186 301.5619 -110.4449 2981.141 275.8167 -151.8943 2976.221 94.63795 -639.4161 3027.143 -16.32605 -596.319 3042.597 -53.50853 -376.8839 3171.123 -57.15697 -173.2588 3104.161 -33.91038 -125.9729 3025.55 14.08264 -83.34203 2952.903 -44.89327 -90.11958 3020.895 201.8638 -184.4843 3075.638 223.6955 165.2442 3179.27 217.9827 409.3234 3428.967 244.5044 570.8673 3379.569 45.03253 -187.6348 3054.522 61.7073 168.9809 2978.455 85.76112 520.9664 2970.541 76.04546 570.0331 2821.378 118.5916 -747.08 3009.673 101.6931 -717.6147 2866.989 125.3224 -761.2569 2879.119 188.1395 -798.5198 2968.869 78.13104 -755.2905 2882.973 37.9731 -795.3915 2988.241 
77.533 112.3329 -187.7539 3029.198 121.0723 -348.5371 3003.942 127.6511 -477.5081 2986.57 118.3211 -675.6004 2982.969 150.4558 -644.5247 2980.35 275.7175 -613.4531 2960.342 329.6349 -367.1566 2973.318 298.117 -196.8 2851.316 294.7741 -113.4683 2879.311 271.0319 -99.90156 2974.165 263.5087 -120.0541 2951.289 89.62673 -641.2649 2988.666 -21.06249 -595.9204 2999.931 -59.39729 -370.4085 3117.603 -64.28246 -157.7394 3089.477 -50.99539 -95.96939 3018.908 -34.23868 -36.45253 2944.127 -55.20664 -68.47472 3019.588 194.6817 -185.2114 3041.507 185.4844 170.7324 3125.089 196.7301 391.6171 3395.752 243.062 551.0043 3354.019 38.0753 -190.0466 3018.097 62.74332 168.3898 2951.813 87.36305 518.5907 2990.701 71.68379 567.178 2841.74 113.2155 -748.8247 2969.498 95.9843 -719.7335 2826.641 120.3243 -763.0165 2838.846 183.6938 -799.2143 2928.777 72.99603 -757.8056 2842.647 33.34014 -798.4962 2948.001 
77.564 111.9555 -191.8843 2992.142 117.6353 -351.5305 2968.317 121.793 -479.6122 2952.49 113.6573 -675.6819 2941.437 145.3552 -644.649 2940.313 270.6297 -615.7096 2925.557 319.322 -371.4137 2948.744 300.0299 -185.8636 2852.364 316.1502 -100.2291 2854.912 274.1088 -84.89789 2941.9 273.4744 -96.47124 2937.091 84.98413 -642.0403 2948.083 -26.80112 -601.9127 2956.381 -73.89159 -375.3421 3063.282 -86.0258 -164.1113 3042.121 -61.62145 -95.07933 2983.389 -65.2411 -30.48631 2912.254 -67.14524 -76.15749 2977.51 193.8903 -190.4536 3002.089 210.6468 170.3952 3031.477 202.2028 379.8755 3307.195 247.4277 542.6016 3322.676 38.07131 -193.1744 2983.173 56.98356 165.8916 2940.892 82.14508 513.4061 2974.235 74.88562 572.0141 2829.799 109.1228 -747.7129 2925.312 86.60134 -731.0243 2782.563 114.9281 -770.473 2797.024 182.5934 -793.7075 2886.765 67.8327 -769.4578 2801.655 34.61281 -805.5465 2909.654 
77.595 106.8817 -188.1611 2955.286 113.2304 -348.6005 2931.924 118.1082 -477.2954 2916.432 113.0336 -674.4407 2906.67 144.3951 -642.7835 2905.456 270.1026 -611.4444 2894.568 317.2921 -366.4193 2924.585 299.9116 -169.818 2850.141 334.6053 -91.42223 2868.03 243.5618 -55.37268 2876.342 261.7715 -66.74442 2900.604 83.68072 -641.0502 2912.991 -29.7444 -603.5961 2919.111 -78.67873 -370.3814 3012.887 -90.84627 -161.2474 2971.119 -72.66368 -74.41302 2939.17 -60.04075 12.84578 2899.708 -72.9861 -58.26131 2941.557 189.592 -185.6844 2960.754 206.2018 178.0086 2964.861 216.831 375.0381 3251.47 249.2651 541.9253 3262.705 32.2983 -190.3944 2950.355 53.11082 172.3724 2934.632 79.63902 520.0413 2980.034 65.1555 581.2283 2836.438 109.6685 -746.9748 2890.959 83.59137 -730.129 2748.152 113.9581 -768.6332 2761.814 184.5831 -789.7551 2850.466 66.74409 -769.6359 2767.373 37.02406 -808.0511 2876.186 
77.627 105.7621 -190.1098 2921.432 109.2521 -348.6339 2897.171 111.9039 -475.7303 2880.303 107.5943 -670.4606 2867.424 138.527 -639.0707 2867.252 263.7375 -610.8293 2860.545 315.0187 -373.8992 2915.033 311.7686 -174.6154 2853.685 337.2335 -95.2336 2877.05 257.5961 -54.02494 2839.653 270.6902 -67.43472 2881.766 78.38251 -637.629 2873.713 -33.59882 -600.4457 2881.401 -84.98664 -367.4337 2966.001 -101.1108 -164.9734 2908.156 -97.11503 -77.7114 2940.707 -66.74705 -10.74566 2879.774 -65.86359 -58.48148 2886.195 187.607 -189.0171 2926.066 200.4702 168.9915 2891.031 200.0399 374.7314 3166.725 250.7121 534.9733 3155.458 31.95885 -191.0952 2917.254 54.24249 167.7367 2922.491 81.66005 508.1454 2987.367 66.50943 579.6927 2850.735 104.7299 -741.916 2850.682 89.24873 -731.4702 2707.416 115.0995 -770.9597 2724.879 177.3581 -792.2228 2817.959 68.25163 -767.9094 2727.297 29.18303 -797.1283 2834.523 
77.658 104.7361 -191.5234 2890.294 106.0777 -350.7239 2864.661 107.1669 -478.1867 2845.385 103.0227 -674.2014 2837.041 134.1096 -642.6417 2836.429 259.3914 -611.4131 2831.455 311.1421 -378.0306 2903.87 312.4891 -174.5187 2853.564 344.2386 -97.00839 2877.218 273.0331 -53.26717 2826.667 270.244 -61.61079 2853.992 73.58504 -641.0714 2842.288 -38.34443 -601.8851 2850.417 -89.91846 -361.7398 2917.071 -106.9701 -165.7535 2837.272 -110.3755 -81.77824 2878.731 -69.64318 1.474582 2853.712 -87.70892 -63.29904 2868.734 187.1428 -190.6694 2889.303 193.2653 166.7473 2833.148 198.7619 398.7721 3089.518 240.7759 554.1516 3036.934 30.42642 -192.2935 2891.187 52.51558 167.8256 2913.145 79.90806 506.6097 2994.358 64.503 569.2892 2852.564 100.332 -746.4152 2821.891 101.4431 -729.9826 2677.585 122.3944 -772.1191 2696.162 172.635 -801.3268 2794.918 75.66447 -765.5278 2693.676 22.78669 -795.3555 2795.357 
77.689 102.775 -191.476 2858.622 103.4618 -350.995 2831.161 104.0581 -478.6515 2809.969 100.2062 -675.403 2801.324 131.3917 -643.6989 2801.305 257.5066 -613.703 2797.128 308.0352 -382.6993 2880.477 316.2203 -175.8332 2842.761 358.3295 -115.0161 2889.248 302.7348 -47.41053 2845.088 276.7881 -65.17786 2849.635 70.54056 -642.1757 2806.09 -41.77614 -602.228 2811.208 -94.81466 -361.1803 2877.139 -107.6863 -174.7851 2774.657 -122.7721 -84.92017 2798.018 -99.12334 -0.1277104 2837.223 -114.9558 -60.57473 2777.735 185.3495 -190.2751 2853.712 180.3361 164.645 2776.657 187.3973 421.8012 3009.722 212.77 564.6095 2921.107 28.31391 -192.5588 2863.05 48.86443 167.7184 2900.801 76.13113 504.9978 2993.247 59.67509 570.3782 2852.143 97.83769 -747.8769 2785.999 93.39774 -726.8324 2641.801 116.6757 -768.8176 2658.365 171.5405 -799.1833 2754.787 69.48958 -764.0037 2657.618 21.10704 -799.2132 2760.335 
77.721 102.094 -188.8178 2830.744 99.70139 -349.1578 2803.693 97.79843 -477.3645 2782.2 94.96823 -674.7081 2767.646 126.151 -642.743 2769.089 252.6236 -611.4707 2766.53 306.9214 -386.6393 2866.302 310.6009 -179.1212 2826.044 361.6435 -125.9463 2873.704 300.4055 -50.74816 2856.483 283.1986 -72.92622 2774.961 64.93738 -641.6014 2772.911 -48.17878 -602.2838 2778.326 -105.7096 -356.0718 2822.433 -116.4405 -176.112 2706.95 -127.4561 -82.39996 2712.3 -85.48959 -8.031927 2757.921 -119.7906 -91.54467 2760.58 184.982 -189.0177 2824.598 177.3191 160.4928 2719.951 177.7624 451.3215 2912.425 205.427 578.7852 2802.202 27.35029 -188.6375 2836.287 49.09849 170.6004 2894.217 74.44371 509.9859 2985.734 53.81357 580.3634 2846.787 93.17535 -747.0447 2750.079 93.71279 -731.5882 2604.423 114.8662 -773.9644 2623.395 165.9087 -802.7217 2723 67.73837 -767.2763 2621.031 14.80064 -796.5031 2724.022 
77.752 109.6694 -185.6511 2798.03 101.836 -345.871 2769.915 95.81114 -474.2415 2749.043 92.91644 -672.0231 2736.773 124.1671 -640.0594 2738.685 251.0103 -609.5804 2741.888 312.9825 -385.2185 2839.125 338.1041 -177.8483 2804.591 352.8939 -138.5381 2881.808 312.2134 -54.59487 2849.748 286.7051 -73.96851 2822.206 62.78714 -638.7479 2740.825 -50.87967 -600.399 2745.388 -105.7965 -352.11 2782.817 -105.1009 -177.0531 2659.032 -114.4494 -83.13982 2666.131 -60.95402 -95.30768 2746.069 -103.9139 -79.99352 2713.842 191.9391 -187.4792 2785.525 168.7424 161.3773 2679.178 169.8863 484.6537 2811.342 168.5252 575.2216 2666.288 35.48309 -184.0027 2809.305 55.43958 172.9016 2883.348 78.87148 511.8582 2978.822 55.37232 581.2436 2839.577 91.43292 -744.6666 2720.01 92.54331 -729.7463 2574.092 113.6846 -772.0928 2593.337 164.4229 -800.4673 2693.398 66.49386 -765.4427 2590.756 13.09089 -794.3593 2693.792 
77.783 105.5225 -181.1198 2762.554 97.53325 -341.0565 2735.897 91.34955 -469.1362 2715.875 89.76383 -666.2662 2703.031 120.7044 -634.22 2705.26 246.0127 -599.3651 2703.378 316.4839 -385.0591 2814.451 339.0576 -176.7346 2789.284 363.8969 -153.9523 2870.163 315.4481 -70.46764 2851.439 290.6721 -78.42398 2830.579 59.49835 -633.2934 2706.949 -53.83265 -595.0145 2710.286 -108.658 -347.5625 2747.801 -110.52 -173.7085 2623.51 -113.7698 -95.51778 2570.819 -90.33827 -28.45 2636.342 -111.9528 -82.06574 2681.044 187.4075 -183.0026 2749.309 158.6557 169.6823 2662.768 158.3359 513.3985 2718.107 163.0254 570.3158 2557.49 31.68317 -179.422 2774.498 54.31489 172.0379 2866.045 81.1917 503.5415 2980.718 54.04184 572.1305 2842.308 88.85172 -738.6357 2686.093 82.43826 -723.043 2540.85 106.1827 -764.3989 2558.736 162.5861 -790.9505 2655.796 58.83223 -759.7888 2558.425 11.79944 -791.3624 2663.329 
77.831 105.3481 -170.8284 2728.907 96.60293 -330.1277 2701.979 89.85305 -457.7143 2681.804 88.84255 -654.2377 2669.798 119.5744 -622.2461 2672.632 245.3622 -590.8643 2672.542 312.5379 -379.0138 2788.363 343.3773 -171.1469 2779.176 347.7764 -147.5833 2863.149 339.295 -99.58206 2778.139 301.3289 -70.26424 2803.257 58.54932 -621.4022 2672.832 -55.60054 -586.8495 2672.149 -107.882 -339.6541 2709.13 -103.5803 -160.5783 2593.871 -99.00057 -113.0535 2512.867 -94.73233 -37.96665 2573.047 -75.48216 -47.28252 2628.081 186.6748 -172.7844 2714.067 154.7031 179.0013 2630.165 139.9541 525.653 2632.948 152.6298 563.9998 2467.92 32.01224 -169.0646 2742.289 57.78217 175.5785 2852.237 89.04808 499.3774 2983.064 54.96381 576.0204 2851.161 88.43829 -726.436 2653.204 90.85378 -715.3392 2507.919 109.2772 -758.0836 2528.172 157.6307 -786.6992 2628.476 62.87396 -748.7891 2525.233 7.904734 -771.765 2628.04 
77.862 108.9378 -167.1033 2696.394 100.5321 -326.2743 2667.042 94.27496 -454.1388 2647.051 91.88357 -651.2184 2639.753 122.8665 -619.3528 2642.463 249.1744 -589.726 2636.673 318.9092 -377.1561 2750.575 348.967 -168.6089 2750.133 358.8389 -141.2303 2832.627 333.5063 -67.37103 2773.139 311.1111 -60.90699 2764.755 61.75521 -618.028 2641.362 -52.97282 -584.7418 2639.702 -120.3225 -339.3359 2665.582 -112.6102 -171.0496 2534.635 -109.6379 -114.9518 2459.033 -115.689 -49.3833 2529.559 -111.4259 -59.53419 2575.604 190.9629 -169.3459 2685.064 163.5343 182.3865 2596.756 140.9357 527.7183 2564.505 158.0297 554.8885 2397.372 34.97215 -165.0811 2706.609 57.42387 175.3871 2831.346 83.65948 494.054 2976.683 53.97435 574.4496 2845.637 91.22532 -723.917 2624.874 83.95072 -700.4637 2480.976 105.4276 -743.9233 2496.323 161.2893 -778.6484 2590.857 58.50346 -736.5966 2496.974 11.08717 -770.783 2600.657 
77.893 106.5478 -157.2977 2660.347 98.67172 -316.7516 2631.633 93.26633 -445.1526 2614.295 93.70168 -642.4446 2607.892 124.2264 -610.1124 2610.881 250.295 -578.5061 2609.748 312.9279 -358.6065 2713.915 342.8288 -149.8829 2717.273 369.1181 -127.4982 2797.728 337.2448 -42.00699 2761.294 316.1806 -46.65295 2769.833 63.07199 -609.6409 2608.928 -52.42875 -578.707 2609.262 -117.7479 -331.6063 2623.937 -109.8146 -172.8323 2481.348 -108.1435 -98.71971 2423.115 -90.45988 -44.60819 2501.119 -117.8924 -61.8114 2490.285 188.3692 -158.9525 2647.093 165.2809 192.9874 2557.116 144.4723 533.988 2491.578 149.4985 551.993 2322.275 32.76588 -155.8054 2672.298 52.45498 183.2755 2802.075 79.16485 495.5314 2961.298 59.36734 583.0192 2832.793 94.25552 -715.2737 2593.336 82.2362 -699.8925 2448.544 103.0449 -743.0739 2465.64 161.4589 -774.038 2560.058 56.36689 -734.28 2467.547 11.89014 -761.0134 2574.778 
77.925 108.3168 -146.2177 2620.041 100.2768 -306.9872 2591.28 94.41832 -436.1554 2572.03 95.72108 -635.1167 2568.894 126.3624 -602.3411 2571.162 252.7417 -567.8525 2568.661 314.5153 -348.4925 2679.198 339.3828 -137.4635 2672.848 368.8902 -76.69523 2729.647 323.4086 5.210496 2697.53 306.4043 -37.40961 2726.326 64.7012 -602.1729 2569.588 -50.51582 -566.7928 2571.186 -116.5574 -317.6732 2584.652 -109.3698 -163.1659 2434.922 -116.3386 -74.04335 2402.685 -120.5946 -25.04986 2486.698 -110.0729 -63.60078 2394.59 190.8744 -148.0451 2607.178 162.1802 206.4138 2516.766 136.1691 551.6137 2460.799 143.027 572.873 2290.55 33.8709 -144.5698 2631.641 51.51188 191.6455 2776.545 79.99533 492.0395 2962.353 55.5859 586.6293 2838.198 96.51879 -708.7658 2555.446 81.01476 -688.4481 2410.399 102.8724 -732.2761 2425.672 164.1979 -765.9807 2518.431 55.7709 -724.0673 2428.913 13.64123 -755.2388 2536.962 
77.956 108.3443 -136.9804 2577.868 97.73997 -297.1919 2551.92 89.66051 -425.6916 2533.767 91.44671 -623.5834 2530.544 121.8487 -590.9072 2532.718 247.1278 -555.525 2526.586 311.7632 -340.6892 2641.201 339.7177 -131.1091 2639.043 356.6923 -67.06377 2696.632 348.7964 15.05353 2642.796 308.3533 -26.99203 2676.177 60.51233 -590.8943 2531.351 -53.29874 -553.3986 2527.428 -106.3036 -304.1239 2558.179 -103.4618 -143.8413 2416.227 -130.4209 -60.81133 2379.984 -121.1676 -29.7084 2471.212 -113.6481 -42.4906 2368.831 190.3599 -140.281 2564.73 156.3058 211.5699 2473.934 128.6937 559.2721 2472.987 150.3104 596.4069 2307.69 34.38719 -134.0041 2589.716 45.24045 198.8306 2738.105 79.32636 479.7258 2948.27 65.73002 585.2301 2832.617 92.38215 -696.8298 2517.129 85.99014 -687.1171 2371.097 104.2257 -730.5354 2390.748 158.0459 -760.1021 2488.657 57.84517 -719.5456 2390.616 8.43111 -739.6824 2497.482 
77.987 112.884 -137.4133 2536.131 102.2792 -297.5251 2509.04 94.59536 -426.1735 2491.266 96.4798 -624.198 2491.403 126.8965 -591.457 2492.729 253.2731 -560.3649 2484.667 316.6035 -341.903 2593.301 346.2867 -132.549 2586.354 355.9933 -94.15647 2664.755 373.9458 -10.80501 2714.199 323.3185 -35.19357 2641.703 65.5166 -591.4972 2491.948 -48.7687 -555.1431 2489.275 -103.8096 -308.198 2533.47 -97.22366 -136.0298 2406.137 -120.8795 -53.31195 2366.867 -114.9794 -9.944048 2453.297 -104.115 -37.08326 2354.584 194.2504 -139.917 2519.077 159.0477 211.9605 2428.026 135.7696 559.0827 2455.531 145.2734 606.3093 2291.579 39.51245 -135.1555 2551.509 31.88595 203.3645 2687.179 75.47781 462.1296 2922.781 43.53031 587.6672 2833.686 97.33522 -697.7021 2479.224 82.70557 -690.3902 2333.566 104.5054 -732.4109 2352.688 165.0888 -757.4285 2447.953 57.58612 -724.1616 2354.912 15.11516 -745.7025 2464.526 
78.019 114.4064 -136.7526 2507.212 104.7383 -296.4781 2480.13 97.3422 -424.4554 2460.103 101.4608 -621.8049 2453.65 131.4104 -588.8819 2456.336 256.8154 -555.4306 2448.243 317.2994 -333.5669 2549.794 341.1573 -124.9504 2529.139 350.0965 -63.87844 2591.296 353.0372 -7.2603 2671.594 307.9839 -24.91918 2567.605 70.2098 -589.5723 2455.007 -44.42586 -555.4922 2451.945 -102.6412 -312.4399 2508.023 -96.6469 -134.6415 2389.69 -115.8477 -43.66121 2373.892 -99.46664 9.500656 2452.889 -103.0915 -28.79896 2361.164 195.5661 -138.7818 2490.207 157.9257 210.4673 2394.106 134.8975 552.8358 2452.311 145.8277 617.0901 2294.847 41.22112 -134.9228 2522.547 29.98947 203.8922 2654.531 72.38271 456.8666 2895.161 40.52983 592.2104 2822.689 103.25 -694.6475 2439.067 80.00034 -677.4363 2295.781 102.2901 -720.7355 2310.643 168.0046 -752.601 2399.893 55.83217 -712.2404 2316.267 19.88045 -740.6525 2426.295 
78.05 116.0044 -132.4614 2455.674 106.1082 -293.6438 2432.22 98.61115 -422.8476 2415.831 101.681 -621.3962 2414.455 131.9653 -588.3988 2416.439 258.6252 -556.2061 2412.301 321.5975 -331.8293 2510.161 342.1137 -127.6777 2456.256 353.4763 -62.42717 2514.312 352.0837 -5.734756 2595.256 310.478 -32.48925 2496.111 70.43365 -588.7932 2414.848 -44.80814 -554.3218 2414.622 -103.8182 -309.4852 2468.474 -93.78118 -125.1983 2358.526 -111.566 -35.21589 2382.609 -100.2234 13.34035 2465.981 -92.03961 -15.51954 2359.731 198.027 -135.3409 2440.854 161.5005 223.9649 2380.477 137.6229 570.7643 2420.748 140.3252 632.024 2260.744 42.0411 -129.8647 2469.038 17.11447 226.2441 2548.769 65.66806 433.723 2830.986 40.12782 586.5417 2801.861 103.1371 -694.998 2401.685 73.8093 -684.0283 2258.083 100.6474 -724.8571 2273.371 172.1668 -748.0736 2361.638 53.53804 -720.5267 2280.362 23.65289 -749.1734 2392.824 
78.082 118.3743 -135.4256 2420.559 108.3787 -295.3192 2395.882 101.2094 -423.8601 2381.095 102.6052 -620.9569 2373.281 132.9752 -588.504 2376.061 259.5222 -559.3871 2373.29 323.0905 -333.8501 2463.469 344.7052 -133.6606 2401.301 349.1187 -61.76679 2450.962 341.226 3.19808 2524.145 302.8763 -38.74811 2425.664 71.84064 -588.3517 2374.99 -43.32964 -556.6384 2377.687 -97.41075 -317.8519 2451.878 -90.28655 -124.6902 2361.45 -106.34 -35.4443 2386.973 -100.1839 8.002367 2472.919 -85.04009 -15.184 2372.665 199.9766 -138.3672 2406.566 163.5302 221.3236 2366.601 138.2511 563.8948 2419.934 140.3418 628.3604 2262.416 44.78987 -132.773 2433.177 12.56182 225.925 2481.297 64.96591 428.7001 2763.308 25.28391 579.3698 2747.536 103.3378 -693.6256 2358.209 73.64456 -690.7857 2215.291 99.3493 -731.0065 2232.834 170.3013 -750.4542 2321.459 52.72054 -725.0765 2239.704 22.98222 -745.8204 2353.091 
78.113 119.5179 -143.1172 2388.808 111.3152 -301.7166 2365.279 104.9039 -428.6586 2347.451 104.5134 -623.9699 2342.667 134.9041 -592.0515 2344.434 259.325 -559.7651 2339.379 320.4944 -328.7737 2408.237 338.7942 -134.8324 2333.307 342.4156 -65.05836 2384.563 333.569 -2.806302 2458.734 300.8774 -40.99834 2369.096 74.34837 -591.3915 2344.368 -39.65218 -559.9369 2348.832 -92.51217 -323.7632 2423.865 -91.34094 -124.4581 2353.519 -92.91714 -38.02216 2388.61 -70.82208 13.96462 2465.708 -56.75166 -18.82143 2348.525 200.5912 -145.4671 2376.385 166.1942 212.0661 2348.607 141.8796 547.3968 2422.772 137.4355 629.8278 2275.782 46.41042 -140.9982 2400.011 12.75425 216.9717 2384.835 54.97776 423.6269 2661.523 14.61903 573.2687 2667.557 104.385 -696.1645 2328.828 71.74242 -689.7652 2188.104 98.69014 -729.379 2203.646 171.4257 -749.3554 2289.231 52.52506 -725.0496 2211.627 26.18311 -749.9391 2323.823 
78.144 117.6177 -147.0096 2352.879 110.6076 -305.0911 2330.114 105.2889 -431.7845 2314.156 103.5437 -626.2134 2307.698 134.043 -594.626 2308.754 258.3682 -565.2797 2299.22 323.4024 -337.1121 2370.132 336.4487 -147.9321 2285.069 348.3144 -69.1674 2318.245 348.2358 8.726306 2375.758 308.4517 -45.68496 2298.807 73.7781 -593.6129 2310.653 -39.24609 -561.7245 2320.446 -83.9325 -325.5794 2397.25 -86.30434 -121.0476 2347.687 -98.05573 -39.01597 2389.69 -79.42599 32.73887 2449.373 -56.47506 -21.17495 2291.413 198.6063 -149.0734 2342.271 166.5015 208.158 2335.614 146.3643 539.3101 2422.047 135.358 624.6626 2277.914 44.58666 -145.1485 2362.444 16.80379 210.5768 2329.276 54.68771 440.1746 2585.934 15.63732 587.6704 2561.957 102.5248 -697.9741 2293.299 75.44275 -688.4648 2152.198 101.5742 -728.3193 2167.83 170.6297 -750.2764 2255.315 55.34265 -724.0409 2174.099 24.78366 -751.162 2284.166 
78.191 116.9685 -148.6852 2324.179 110.2254 -306.6326 2299.915 105.0986 -433.2495 2282.837 101.5482 -627.6693 2274.359 132.3512 -596.3453 2275.318 256.8249 -567.4442 2265.542 321.6036 -336.4019 2327.187 334.37 -149.6706 2236.607 356.8835 -73.84991 2271.202 367.5887 2.273865 2330.148 320.9657 -44.45091 2252.042 72.10122 -594.8297 2278.076 -40.51369 -563.3064 2293.065 -83.02364 -328.7858 2376.217 -88.66803 -122.8206 2332.808 -105.7059 -45.64663 2381.734 -88.33659 18.93965 2449.509 -62.56223 -26.03214 2275.953 198.1313 -150.6855 2314.644 165.1396 206.6493 2320.618 147.7473 532.7708 2425.463 135.7315 627.2259 2287.11 43.78046 -146.8815 2332.777 11.6308 203.2303 2262.611 51.91114 454.2714 2498.184 11.58593 594.3602 2446.933 99.69503 -699.2956 2259.215 79.3789 -687.0095 2117.126 102.464 -728.472 2133.433 166.2818 -755.1796 2223.604 56.30619 -721.5558 2137.756 19.43969 -747.8031 2246.15 
78.239 116.0861 -146.8864 2294.087 111.5911 -304.4461 2271.012 108.1347 -430.7538 2255.078 101.834 -624.4138 2248.934 132.9393 -593.6243 2248.826 256.8782 -568.4245 2231.571 328.7873 -337.4339 2280.152 339.0255 -155.95 2180.903 350.2565 -71.98528 2195.628 358.1911 16.71235 2232.765 328.4818 -47.72369 2205.497 73.03486 -591.2722 2252.935 -38.4118 -556.8544 2266.529 -82.26224 -326.2079 2356.489 -88.02292 -120.3343 2316.899 -97.04284 -53.03011 2379.825 -77.82698 23.73099 2432.101 -64.50806 -29.03679 2233.295 197.3552 -148.5223 2289.427 164.6594 206.8787 2309.597 145.2009 527.4336 2426.124 136.8707 625.2102 2290.65 42.80215 -145.4112 2298.29 7.019654 195.6955 2198.908 44.79311 468.5078 2407.061 12.83608 600.4231 2334.504 98.69276 -695.8861 2234.715 80.09557 -683.9557 2092.942 104.1978 -724.5176 2109.427 167.3077 -749.2491 2200.088 57.96585 -719.1525 2113.084 20.58279 -746.7636 2220.45 
78.27 114.9867 -144.7596 2273.522 110.6693 -303.1959 2249.343 107.2475 -429.9531 2230.64 100.4104 -624.6183 2219.438 131.7942 -593.7173 2220.115 256.5374 -569.589 2201.117 335.2152 -337.5711 2241.753 342.5816 -163.024 2128.067 352.6315 -77.37206 2135.225 358.9608 13.32226 2169.343 318.4795 -55.83976 2135.035 71.51191 -591.3052 2224.334 -40.6652 -557.5241 2239.919 -85.46447 -330.0251 2341.243 -93.25822 -120.9561 2313.284 -106.6001 -61.2949 2383.599 -92.73969 8.564286 2447.144 -62.93418 -19.7001 2243.248 196.8102 -146.3602 2269.4 162.5665 210.7157 2296.96 142.7513 530.7327 2421.12 132.143 629.8516 2285.447 41.20282 -143.3163 2277.239 9.350438 190.3302 2147.538 35.74125 493.4333 2315.323 8.308739 608.4985 2215.319 97.062 -696.1495 2203.279 72.95196 -679.8421 2061.835 98.1042 -720.9595 2076.219 165.1557 -748.1598 2164.217 51.70675 -716.0672 2081.79 18.3394 -747.536 2190.235 
78.301 105.6163 -141.5233 2236.176 106.6511 -299.3579 2210.983 107.4992 -426.0966 2194.716 98.35219 -620.1742 2185.583 129.9669 -589.7002 2185.119 255.9485 -572.9749 2169.258 333.6945 -341.8131 2211.861 341.9117 -171.3572 2093.303 346.9546 -86.96794 2076.112 345.9965 9.640842 2082.234 317.473 -65.48147 2071.292 70.03479 -586.6129 2190.927 -42.03775 -553.8208 2206.625 -84.11079 -333.9859 2322.982 -96.03983 -127.2193 2285.779 -109.3134 -66.05567 2354.416 -86.84174 8.526914 2299.763 -69.44233 -23.45267 2248.79 187.3044 -140.9308 2235.82 161.5467 213.5587 2283.931 140.2693 529.4405 2415.308 135.7484 634.1547 2284.217 31.9545 -142.0575 2236.497 10.82249 195.3736 2117.931 29.44873 527.0524 2216.017 7.710965 613.7577 2090.098 93.83178 -691.5912 2170.25 75.57034 -681.8405 2027.783 98.54963 -722.8983 2045.128 161.0929 -747.7826 2136.609 52.33917 -716.0934 2048.654 14.00766 -740.597 2156.863 
78.333 101.8226 -137.7407 2207.296 104.4415 -295.0686 2181.571 106.3945 -421.7587 2167.687 95.71367 -615.286 2158.83 127.4656 -585.1233 2157.929 252.7005 -569.3309 2138.229 333.1903 -341.1381 2187.629 332.7979 -180.401 2056.756 342.7681 -98.32356 2032.892 353.5988 -2.886891 2022.909 319.0015 -71.82783 2031.135 67.78896 -581.5962 2164.511 -43.12945 -547.4207 2183.01 -87.42903 -326.7558 2295.55 -100.3982 -119.1686 2267.295 -102.4775 -49.99588 2328.909 -94.59821 22.35113 2267.971 -70.92643 -24.64743 2225.776 183.2826 -136.6886 2209.155 160.7886 214.7967 2272.038 135.0864 528.2117 2406.28 136.8907 635.095 2277.427 28.36649 -138.6894 2205.62 14.41257 199.9801 2092.328 19.11901 544.0592 2123.48 4.294067 600.0629 1980.752 90.47366 -686.499 2143.644 74.80145 -675.158 2001.348 98.75292 -715.5837 2018.501 160.1006 -739.7185 2110.64 52.39133 -710.412 2021.167 12.84493 -737.8271 2127.915 
78.364 98.04241 -129.2384 2175.238 102.443 -286.901 2150.704 105.6366 -413.6543 2136.3 94.84077 -607.4908 2129.808 126.6835 -577.3456 2129.119 253.0325 -566.2747 2112.63 337.3489 -338.5547 2159.154 337.907 -186.0224 2018.456 337.6627 -103.0475 1995.27 334.1793 -8.830055 1973.883 303.9612 -82.84905 1996.571 66.82755 -573.6571 2134.503 -45.90877 -542.1979 2146.565 -93.3942 -330.1212 2273.977 -105.7381 -122.3688 2244.887 -114.4606 -79.06055 2326.455 -111.0764 2.947383 2278.566 -80.56533 -19.33429 2242.148 179.4403 -127.7861 2180.505 159.5409 221.8775 2255.566 133.4039 530.486 2401.357 137.1841 641.4016 2275.747 24.64237 -130.5481 2170.489 16.23095 214.9628 2077.914 10.67414 557.2698 2028.409 -5.20268 589.5349 1878.447 89.78822 -678.9753 2115.456 74.81934 -671.2813 1972.675 96.64751 -712.3877 1991.159 156.6544 -736.8127 2084.259 50.5631 -704.7244 1993.554 9.51553 -726.7216 2101.132 
78.396 96.00214 -121.8773 2148.589 99.11272 -280.5022 2121.387 101.1973 -408.2179 2105.735 90.45667 -603.6839 2098.675 122.4894 -573.2256 2097.249 250.3675 -563.5115 2083.495 335.8993 -335.2831 2136.074 332.7998 -188.2924 1987.151 334.6371 -103.5048 1968.277 320.981 -12.9564 1934.815 301.5739 -83.18992 1986.135 62.28758 -569.6326 2104.302 -51.52046 -538.9634 2117.974 -91.46411 -322.1188 2244.172 -110.852 -112.4776 2219.999 -114.8461 -74.68118 2305.478 -112.7605 16.66716 2276.588 -86.65865 -6.793834 2227.952 178.0853 -121.2134 2154.104 159.2588 229.984 2236.442 133.3688 531.3037 2402.887 136.1943 641.8655 2275.061 21.98414 -122.4759 2143.616 14.11423 224.4043 2044.595 8.816771 564.7225 1968.153 -26.85678 585.9232 1818.275 85.09412 -675.722 2084.045 66.93506 -666.3011 1940.511 90.18866 -707.5285 1958.119 153.0917 -732.1548 2050.423 43.62014 -700.8292 1961.567 4.900616 -725.3864 2070.53 
78.427 94.17446 -104.2156 2119.741 96.56567 -264.7833 2095.058 98.11802 -393.9471 2081.449 89.57397 -591.374 2075.072 121.6038 -560.2927 2074.35 250.8729 -554.5457 2060.05 324.0185 -315.7815 2091.268 333.9508 -159.6128 1949.398 340.4637 -90.05627 2002.402 321.3647 -55.84575 1912.135 285.832 -58.07758 1926.592 60.63425 -557.2856 2079.796 -55.89957 -530.2551 2085.522 -100.122 -309.8458 2208.877 -123.3735 -97.59742 2196.187 -128.3505 -56.52392 2281.06 -141.8678 3.239669 2206.219 -102.0808 2.917789 2213.386 177.0649 -103.7383 2124.667 159.1127 246.3683 2224.772 131.6686 541.7212 2407.566 129.8996 639.7296 2267.931 19.42851 -104.646 2115.3 10.30538 243.2187 2007.881 4.005696 584.3992 1921.14 -12.24573 577.9682 1765.149 85.33892 -664.2106 2060.549 59.88314 -658.942 1916.539 85.66279 -699.2476 1934.121 154.3266 -719.5357 2024.687 38.66082 -694.0637 1939.692 5.724369 -717.4839 2051.958 
78.458 86.75119 -91.9668 2083.413 89.06572 -253.0241 2063.059 90.33774 -382.4765 2053.725 83.195 -579.7908 2046.586 115.0027 -548.5201 2046.417 244.3019 -560.7484 2038.94 305.5553 -317.0566 2049.169 330.0207 -149.1611 1923.619 335.4155 -84.63809 1982.666 323.6155 -47.44456 1892.407 288.6483 -47.25565 1895.607 53.98796 -545.9337 2051.01 -65.18802 -538.2509 2058.823 -106.199 -311.0719 2170.024 -140.9708 -100.6399 2156.072 -133.8286 -59.06986 2240.472 -138.8475 23.15918 2189.922 -113.984 0.9686798 2193.075 169.4395 -91.65365 2090.338 158.3468 252.8061 2208.455 129.3411 534.6247 2410.848 122.8789 628.8229 2268.897 12.1875 -92.2492 2077.168 2.191456 255.7073 1971.017 -2.961443 597.002 1885.688 -14.33583 586.4008 1729.606 79.6488 -652.5519 2031.776 63.39878 -652.0194 1886.451 85.8362 -692.7905 1907.158 147.5877 -712.7422 2002.542 38.96083 -684.9863 1909.532 -1.974591 -701.9608 2020.224 
78.489 78.22127 -84.45356 2045.542 81.99636 -246.5472 2028.408 84.27425 -376.6499 2020.834 77.95063 -574.9358 2018.002 109.7537 -543.4063 2017.05 239.4972 -554.8463 2006.916 304.8154 -311.8798 2028.787 328.4419 -139.7211 1907.417 321.7198 -61.85115 1947.853 314.33 -20.5966 1858.44 278.1569 -38.65788 1876.621 48.48462 -540.9742 2021.795 -70.79179 -529.2839 2030.777 -113.8726 -298.1804 2135.413 -150.2914 -86.88711 2125.371 -155.1076 -32.07432 2202.508 -154.423 30.41848 2128.242 -120.2639 10.48592 2155.358 160.9349 -83.59159 2055.612 157.2661 257.2557 2188.503 128.4289 530.6629 2404.533 126.4604 631.201 2265.972 3.634751 -85.23084 2036.462 -1.432914 267.0865 1939.459 0.5572648 614.6888 1876.165 -15.08654 613.9819 1719.429 74.66586 -648.3255 2004.735 59.29957 -642.9455 1858.791 83.2393 -683.7561 1878.229 145.3387 -705.002 1973.698 35.8867 -677.8017 1880.526 -5.272394 -700.5417 1990.643 
78.521 73.18212 -78.13703 2004.228 77.31753 -239.4412 1990.991 79.63902 -368.7928 1987.117 73.55534 -565.713 1985.858 105.1332 -534.3881 1985.616 234.3987 -542.7971 1978.648 296.6942 -300.8819 2000.65 325.539 -119.888 1897.161 305.0655 -45.73033 1938.603 304.6697 -5.95247 1848.977 268.0049 -23.86845 1865.109 44.17466 -531.9809 1988.414 -74.62062 -520.7885 1990.676 -124.8198 -294.653 2098.53 -159.3162 -85.1735 2079.619 -164.8213 -41.99905 2163.034 -166.0709 22.82972 2091.722 -128.7654 12.42529 2102.647 155.0336 -77.02985 2016.308 159.0739 257.2948 2158.413 134.4106 520.6168 2383.357 136.9429 642.9163 2265.296 -0.6269515 -79.13543 1993.334 -3.267026 273.3927 1907.216 0.3564991 621.3552 1862.441 -10.80147 637.9406 1707.309 70.7435 -638.7053 1973.235 58.67783 -638.9771 1827.914 82.11199 -678.6558 1849.278 141.7162 -695.9033 1946.153 35.0383 -672.8091 1850.295 -8.185779 -691.3065 1959.504 
78.552 64.37911 -71.9651 1968.34 70.29171 -233.6979 1955.224 73.46143 -363.4645 1954.381 66.67446 -560.9386 1955.278 98.45001 -529.6378 1954.506 228.168 -533.5684 1945.288 288.4365 -291.5881 1977.976 311.356 -110.5698 1871.832 301.6191 -44.30196 1928.35 298.9698 -2.358027 1839.439 257.6585 -10.3996 1855.979 37.34056 -526.9797 1957.657 -81.90965 -520.0089 1965.187 -130.0255 -286.6798 2059.599 -167.8012 -77.50185 2036.966 -174.479 -35.06637 2120.983 -179.5057 26.89075 2046.955 -137.416 19.37825 2046.577 146.268 -70.05138 1981.657 163.3158 266.1128 2121.147 135.5242 503.9983 2373.91 130.4919 636.0062 2266.116 -9.463735 -73.69077 1956.331 -9.806972 279.4848 1868.378 -4.369308 631.3037 1871.378 -4.447689 659.3016 1717.026 63.52601 -634.2652 1943.424 56.55271 -632.9257 1797.349 78.93947 -673.1509 1819.163 135.1129 -691.9921 1918.166 31.77475 -666.8688 1818.59 -15.55806 -686.1528 1926.327 
78.6 57.07448 -72.97513 1930.052 62.70462 -234.2815 1919.824 65.62804 -363.5391 1920.744 60.44211 -560.2692 1922.899 91.84344 -528.8445 1922.042 221.2676 -529.6815 1915.559 273.8787 -287.8085 1954.091 297.8354 -99.62729 1863.421 301.1606 -40.94256 1927.956 294.6101 6.001044 1842.234 248.5907 -1.698181 1853.653 30.94549 -526.6661 1924.94 -87.63643 -519.9074 1935.202 -133.7583 -285.1704 2024.215 -173.1238 -77.99481 1994.854 -174.8999 -29.58808 2075.399 -177.2426 38.05926 2006.926 -136.4888 16.88591 1997.122 138.4834 -71.03304 1944.237 169.8244 272.187 2057.915 124.4201 472.2071 2337.598 122.5879 632.2205 2280.734 -16.33551 -74.72639 1917.261 -14.34981 278.9565 1837.725 -7.248565 629.2328 1847.343 2.84045 678.4435 1699.389 57.93581 -633.4036 1911.558 50.4692 -634.1839 1766.084 73.42347 -673.6174 1788.28 129.982 -690.2032 1886.935 26.35769 -668.0514 1787.795 -20.13211 -686.4547 1895.531 
78.631 56.543 -77.9088 1896.905 59.88341 -237.7442 1888.264 61.33581 -365.7101 1890.574 55.34106 -560.4407 1892.566 86.56744 -529.4661 1892.004 214.6144 -526.2272 1884.854 266.1064 -288.4105 1932.733 288.7478 -94.99079 1859.251 292.4095 -40.23409 1926.002 292.2272 12.94325 1844.915 245.6478 5.760081 1857.028 26.26844 -527.05 1894.348 -90.45914 -510.3257 1899.196 -140.5081 -278.986 1987.665 -175.1308 -75.30789 1945.907 -180.7846 -4.666254 2006.198 -187.0645 63.27823 1939.648 -157.0603 29.25289 1957.819 137.6552 -76.79429 1907.646 170.9209 270.7861 1992.222 132.1779 452.7625 2280.789 127.7579 620.8187 2279.345 -16.59938 -78.91381 1887.219 -15.83907 272.9782 1816.751 -1.934193 618.7703 1841.553 0.9915484 681.8917 1700.369 52.64479 -632.8238 1881.282 50.12551 -636.8989 1737.157 73.18262 -674.7859 1760.737 126.2948 -687.4884 1860.54 26.49604 -670.6298 1758.595 -22.55902 -687.8713 1864.053 
78.662 50.841 -76.58214 1873.422 55.89507 -238.3043 1864.369 58.95054 -367.8225 1864.637 53.29235 -564.9458 1863.684 84.83494 -533.5247 1863.86 214.6263 -531.8374 1860.328 258.6442 -291.5425 1918.027 279.9508 -95.54273 1843.76 268.7494 -48.78867 1916.829 254.5437 29.79918 1859.77 229.0881 10.39688 1853.805 23.77759 -531.2386 1865.727 -94.37537 -514.366 1870.746 -148.8546 -277.9448 1951.69 -185.563 -74.38084 1899.435 -189.8125 -15.95474 1973.177 -192.6782 43.53949 1897.283 -153.161 23.89741 1895.491 132.931 -74.62309 1884.254 175.6828 281.5155 1944.036 129.7596 443.1214 2248.26 130.4955 613.0765 2239.764 -23.18315 -78.3487 1863.654 -19.3258 278.0159 1793.361 -3.593331 625.603 1840.981 -1.223592 683.2668 1695.442 50.82286 -638.039 1851.157 45.9683 -636.0513 1705.29 69.14119 -675.6634 1727.172 124.2688 -693.4203 1826.699 21.92041 -670.7506 1725.935 -26.31685 -691.9796 1832.643 
78.693 45.91047 -78.6097 1848.682 50.68909 -239.8356 1838.785 53.49294 -368.9864 1840.397 48.61369 -565.5761 1841.623 79.94599 -534.1216 1841.385 209.2593 -528.2778 1838.121 251.9314 -289.1293 1898.476 272.2042 -89.83478 1835.169 267.2937 -38.94946 1905.84 251.5967 35.25216 1843.974 222.3485 15.45552 1846.743 19.05542 -532.0572 1843.353 -98.07268 -511.0147 1848.677 -155.5077 -272.03 1916.767 -192.709 -73.27351 1850.635 -193.541 -16.60522 1925.52 -201.5916 53.96446 1860.631 -164.8735 28.04999 1852.278 128.0097 -76.71733 1857.495 180.3213 281.2432 1882.47 138.0399 435.8797 2189.718 150.0952 604.7871 2200.687 -28.12201 -80.31612 1840.734 -20.05178 277.3961 1784.255 0.2474766 622.4829 1840.33 -1.211734 682.9558 1696.399 46.40847 -638.6066 1829.939 41.72557 -631.8062 1684.621 64.92985 -671.9405 1705.145 119.845 -692.7698 1803.818 17.82805 -667.1458 1704.018 -30.32891 -691.9853 1809.605 
78.725 44.21434 -78.29224 1828.987 48.74367 -239.8625 1818.416 51.73305 -369.3205 1817.727 46.87801 -566.3268 1813.321 78.2746 -534.8101 1814.49 207.9396 -529.5316 1816.634 247.972 -291.5478 1885.271 269.0382 -91.91185 1821.662 258.4319 -25.76534 1877.837 247.7034 45.1529 1810.903 222.16 18.3852 1832.887 17.21636 -532.7859 1815.511 -100.5855 -513.7783 1819.775 -156.0412 -273.994 1888.93 -187.7059 -79.89516 1806.485 -204.8633 -20.66866 1877.612 -200.2696 16.52571 1788.762 -161.6746 18.78212 1792.554 126.7013 -76.42358 1835.769 177.0168 283.5095 1841.256 136.5675 439.5804 2148.943 153.9453 607.5292 2128.406 -30.16775 -79.97728 1822.872 -20.98031 280.0802 1777.007 5.155705 623.3054 1845.788 -1.352664 681.0872 1700.5 44.88214 -639.169 1799.516 40.63442 -638.0298 1653.688 63.79129 -677.4462 1675.884 118.516 -694.5021 1775.694 16.5874 -672.6469 1674.423 -32.02608 -693.3597 1781 
78.756 45.43422 -81.28032 1811.038 48.59064 -242.8468 1798.254 50.42334 -372.4243 1797.453 41.42432 -569.4839 1797.139 73.49487 -538.5927 1797.942 203.2975 -533.8903 1797.423 247.287 -297.1666 1868.644 269.3624 -96.62272 1807.762 265.3201 -40.04015 1874.374 244.2409 33.91684 1813.338 216.2441 0.1581572 1785.071 12.44021 -535.2623 1798.347 -105.6133 -516.8304 1799.793 -160.2634 -273.2911 1855.969 -188.1631 -84.51837 1760.419 -203.1378 -28.8115 1834.898 -197.1263 19.26739 1751.44 -159.0798 14.6722 1751.11 128.0503 -80.14957 1817.145 174.6087 280.2241 1800.479 133.7608 449.7819 2101.196 167.2855 613.0715 2066.74 -29.06436 -82.29996 1805.53 -21.47108 279.5336 1773.145 3.246993 622.9594 1842.807 -2.44749 680.5672 1697.288 38.00501 -642.5998 1784.84 47.81763 -634.8398 1639.372 68.76524 -675.3414 1661.895 113.6727 -697.1271 1765.706 21.88313 -670.2925 1656.118 -36.7961 -695.6362 1756.551 
78.787 45.567 -82.85603 1797.955 46.11985 -243.5718 1785.538 46.08616 -372.427 1783.713 41.53195 -568.4727 1778.724 72.7123 -537.0862 1780.719 201.748 -531.5742 1779.19 245.0984 -296.9085 1852.643 267.6053 -97.05331 1793.755 271.2478 -45.08269 1863.436 256.5142 22.11902 1794.164 224.0734 5.25368 1779.556 11.94081 -535.1235 1780.274 -106.1675 -522.1786 1778.841 -163.9672 -280.6439 1834.012 -189.7973 -96.90582 1731.015 -196.2158 -36.45679 1802.292 -186.8252 19.18158 1724.669 -146.0643 -6.842434 1720.984 127.8115 -82.9459 1802.78 177.6168 272.6 1758.673 142.2231 460.2888 2046.807 173.6991 619.4515 1998.559 -28.59647 -82.77499 1793.603 -21.35702 277.684 1769.64 3.360631 617.7023 1845.832 -5.238589 681.089 1703.841 39.94049 -640.9294 1764.762 40.33045 -631.174 1619.902 64.35165 -670.6686 1640.415 116.2854 -691.3417 1740.392 17.28276 -667.7827 1637.618 -33.52657 -696.796 1740.531 
78.819 49.06083 -83.0093 1785.826 48.77079 -243.383 1770.456 48.22905 -372.0587 1764.858 41.66296 -567.997 1763.087 73.15529 -536.9193 1764.352 202.2131 -535.3139 1761.814 245.43 -302.5569 1840.756 267.9019 -105.1485 1774.468 268.4361 -49.24987 1841.076 252.6163 15.82918 1770.111 221.9677 -5.222567 1752.721 12.43785 -534.3448 1764.304 -105.5948 -521.2607 1763.266 -162.9157 -278.0266 1810.228 -190.4007 -98.41339 1700.818 -199.8551 -32.45026 1766.589 -186.0974 11.32233 1682.363 -150.9446 -2.329841 1697.132 131.3142 -83.51983 1789.601 176.8951 271.9388 1741.964 145.0477 501.8849 1997.86 169.0066 642.056 1906.216 -25.11066 -82.54893 1782.422 -21.30642 278.0696 1763.545 3.252935 616.0425 1847.617 -6.189928 679.3891 1705.754 39.24036 -640.6109 1750.322 48.66957 -631.1184 1605.83 68.44041 -672.2499 1627.56 112.8324 -696.6008 1730.235 21.98284 -665.8555 1622.079 -36.64724 -690.827 1721.77 
78.85 49.09393 -84.09103 1776.099 46.90258 -244.297 1760.039 44.84431 -372.7359 1751.624 40.29652 -568.4711 1743.586 71.43821 -537.1578 1746.193 200.3492 -531.8622 1747.33 243.8817 -300.6566 1830.146 265.5656 -105.7468 1756.914 280.198 -43.73769 1816.027 252.3601 15.57777 1743.79 220.7741 -5.65029 1730.996 10.73403 -535.1807 1745.529 -106.9527 -519.7811 1746.872 -160.7691 -276.1798 1795.328 -184.7007 -105.6525 1671.687 -188.8225 -36.70795 1734.827 -171.0993 13.09494 1654.857 -144.8834 -12.27098 1693.293 131.1877 -85.7701 1781.647 178.3066 267.4806 1722.033 142.6092 522.9694 1951.593 171.0545 646.3433 1839.521 -24.93364 -82.57693 1771.097 -19.22555 278.1707 1760.713 -0.2114214 615.7572 1846.982 -4.262429 678.8833 1704.854 38.75721 -640.6255 1728.512 41.51304 -626.3598 1584.208 64.26001 -667.0048 1603.771 114.1542 -692.0269 1703.654 17.36934 -662.8986 1600.413 -35.57105 -693.8535 1701.524 
78.882 53.67113 -90.14274 1763.512 49.48446 -250.4374 1748.39 46.06487 -378.7741 1738.53 42.42878 -574.6723 1733.44 73.42697 -543.1735 1735.67 202.2749 -535.9268 1734.81 246.6309 -303.0331 1812.472 267.6352 -108.8946 1736.893 279.2879 -52.59056 1802.094 258.7637 10.02976 1730.168 225.7957 -6.399132 1718.682 12.70289 -541.4844 1734.788 -105.1538 -527.7127 1730.822 -160.1285 -285.8701 1786.548 -180.3367 -114.7712 1662.949 -185.4421 -31.35347 1705.097 -175.2453 4.650406 1616.816 -144.047 -18.28988 1642.484 135.9165 -92.52429 1765.986 172.4662 262.7862 1710.863 151.0011 553.839 1895.603 168.4821 659.8174 1764.964 -20.49316 -87.99519 1761.281 -17.63636 273.0182 1761.723 1.037918 610.981 1846.91 -1.673483 679.0044 1706.988 41.26382 -647.0692 1719.452 50.04445 -626.0595 1576.183 68.97412 -669.2513 1594.335 113.3863 -702.8813 1694.308 22.66022 -661.3779 1589.76 -35.92155 -693.0375 1687.518 
78.914 53.45932 -93.27644 1753.352 48.57896 -252.7822 1737.388 44.65281 -380.5343 1727.253 41.24532 -575.5552 1720.55 72.09462 -544.1616 1722.599 200.3727 -536.576 1721.552 249.2513 -305.3571 1798.1 271.1841 -114.1537 1717.902 280.4556 -51.63108 1777.045 264.2365 7.946499 1702.061 229.6694 -8.204237 1709.957 11.61962 -542.5681 1722.602 -105.6786 -527.886 1721.296 -155.9797 -284.5452 1769.493 -174.6281 -111.8531 1649.457 -179.6488 -28.5532 1690.963 -169.0557 4.466899 1602.006 -139.3693 -15.10745 1641.322 135.3851 -95.83677 1753.888 167.5334 259.2845 1705.219 160.4202 573.3371 1845.258 166.3769 666.5733 1705.141 -20.41676 -90.96767 1752.869 -17.25652 268.4414 1759.919 3.024645 604.9562 1844.409 -11.29053 682.3538 1710.946 39.99122 -647.5236 1706.016 52.07195 -624.1722 1563.978 71.42426 -667.0173 1581.907 113.7265 -701.0443 1682.106 25.27608 -660.1619 1576.218 -34.90005 -694.5351 1671.453 
78.945 56.30265 -94.35071 1745.384 52.03904 -253.4922 1727.067 48.71443 -381.2161 1717.685 45.52369 -576.11 1711.771 76.31821 -544.6953 1713.546 204.4796 -539.7882 1707.374 252.6724 -307.838 1781.46 271.5659 -116.0254 1702.384 285.2816 -56.62182 1763.737 263.4727 7.628817 1694.337 232.1684 -9.467937 1691.199 15.89029 -543.1784 1713.836 -101.4555 -530.2131 1709.874 -151.3481 -287.5476 1760.764 -170.4916 -110.3247 1647.922 -173.9941 -25.72327 1686.694 -164.907 4.729919 1596.742 -135.6177 -15.11561 1615.543 138.1661 -96.37159 1743.886 159.6152 259.7147 1698.623 162.2652 581.9025 1818.161 163.9545 665.9775 1672.406 -17.51719 -92.5284 1746.734 -17.63688 266.5215 1757.281 0.5307403 601.9451 1845.373 -11.35336 681.6261 1713.165 44.29108 -648.0792 1697.538 58.21427 -617.542 1557.159 75.16261 -662.2583 1572.678 115.1169 -704.003 1670.798 29.50747 -652.6464 1567.32 -32.78472 -688.9846 1660.322 
79.008 56.05544 -96.61624 1732.21 52.72759 -255.9646 1716.522 50.20812 -383.6957 1708.076 45.97519 -578.4129 1700.946 76.92983 -547.1713 1702.287 204.822 -539.3939 1695.146 258.0035 -307.0768 1763.989 275.9412 -116.7508 1681.498 286.3901 -59.79419 1745.677 264.1819 8.046478 1680.001 237.2853 -7.609717 1698.601 16.56475 -545.3796 1703.841 -100.1044 -527.4219 1702.097 -149.7259 -285.9239 1757.827 -166.4282 -110.2303 1642.468 -166.5618 -27.18397 1684.491 -158.6096 4.465535 1594.905 -132.3667 -11.88774 1613.731 137.8438 -98.03555 1729.277 158.8233 259.1998 1696.186 165.4872 589.532 1789.978 166.1428 671.1855 1642.959 -17.69673 -95.3364 1734.855 -15.87147 263.1083 1754.565 -0.3792336 598.8911 1840.967 -12.12126 682.1125 1711.056 44.10812 -650.2357 1686.274 55.33212 -615.8345 1546.637 73.55407 -660.4772 1560.767 115.8364 -703.6866 1657.183 27.63827 -651.8539 1556.267 -32.42657 -692.026 1649.069 
79.039 58.1315 -94.4313 1721.988 57.08473 -254.0306 1706.832 56.51225 -381.9956 1699.634 52.68735 -576.936 1692.812 83.6075 -545.5779 1693.638 211.5591 -539.2833 1684.095 260.5533 -305.7707 1752.936 273.6939 -115.6613 1668.516 289.9587 -52.50896 1725.392 267.4947 14.34196 1658.647 245.2078 -0.2702475 1666.762 23.2058 -543.9428 1696.119 -94.01814 -528.9475 1695.961 -145.2067 -287.9455 1753.586 -163.5846 -108.0689 1644.708 -146.1255 -27.04782 1687.269 -155.8916 11.51868 1600.512 -129.0832 -8.79857 1616.524 139.9516 -94.54943 1717.581 155.4778 263.9295 1691.619 160.9724 593.5348 1789.279 156.611 682.3699 1646.344 -15.64926 -94.32477 1725.962 -15.91778 264.2237 1750.185 0.8088406 598.8903 1841.978 -17.33863 683.5635 1713.557 50.78535 -648.8579 1678.247 56.72083 -613.2437 1538.434 74.76528 -658.3716 1551.387 120.3627 -703.2816 1645.631 28.80887 -648.92 1548.908 -28.04141 -689.0233 1643.894 
79.071 59.50513 -90.10276 1712.702 60.07174 -250.3435 1699.022 60.75304 -378.757 1692.688 57.9529 -574.2968 1685.007 88.80149 -542.6745 1685.836 217.1518 -537.6154 1675.501 266.8185 -301.9333 1739.086 280.7572 -113.9124 1648.707 294.3273 -53.16063 1709.204 268.6692 14.59797 1644.102 247.2989 0.3401637 1656.63 28.21358 -541.377 1688.601 -89.4923 -527.2618 1688 -141.411 -287.5004 1753.153 -164.175 -103.8705 1650.245 -142.789 -24.94372 1695.506 -153.647 20.88423 1612.146 -125.2587 -7.41414 1623.078 141.6002 -89.46848 1708.672 157.3103 270.6619 1691.453 161.2304 602.5683 1785.125 158.2581 692.3939 1642.148 -14.52359 -90.67472 1716.335 -15.74612 268.8044 1743.359 -0.5187755 603.7769 1838.38 -15.76394 686.0358 1707.449 56.37358 -646.3899 1670.091 57.40588 -612.1882 1529.336 76.41985 -657.1105 1542.232 125.683 -700.5949 1635.73 30.15998 -648.1557 1541.135 -23.31654 -687.9188 1638.649 
79.104 59.67633 -87.21399 1707.22 63.10773 -247.2439 1692.645 66.17046 -375.4889 1685.243 63.06025 -570.933 1678.247 93.92296 -539.3504 1678.256 221.8478 -533.3347 1664.637 270.7018 -297.2039 1726.584 280.843 -110.2072 1633.892 294.6859 -42.62149 1686.489 267.7036 20.96508 1617.893 250.1603 -3.454052 1671.342 33.45306 -537.9993 1682.428 -84.42535 -526.1962 1684.135 -133.4368 -286.3834 1750.746 -158.3565 -97.79629 1658.07 -136.8029 -17.75994 1701.135 -144.8818 30.29272 1618.785 -120.4363 1.406658 1633.536 141.5728 -84.91246 1701.231 155.3204 275.4238 1694.094 161.2975 606.6668 1789.238 158.1926 693.6243 1644.62 -14.17328 -89.28938 1712.621 -15.93019 270.3095 1734.708 1.203224 603.1225 1836.024 -16.35253 685.9106 1705.828 61.08511 -643.0281 1663.606 59.47136 -611.7176 1522.275 78.48465 -656.4526 1535.694 129.3518 -698.2919 1629.001 32.28907 -647.2566 1535.34 -19.39891 -684.6948 1634.638 
79.134 64.87549 -87.18372 1701.205 67.12021 -247.6092 1686.855 69.29498 -376.1735 1679.783 66.10292 -572.0068 1671.767 97.03034 -540.3525 1671.584 224.8747 -530.7156 1656.675 274.2259 -293.1578 1714.856 282.3727 -105.1318 1623.018 300.275 -39.76101 1677.472 266.3404 20.76814 1608.893 253.1887 -0.6317943 1667.176 36.48048 -539.0264 1676.479 -81.37199 -525.2806 1681.071 -127.6846 -284.8486 1749.479 -154.252 -93.67303 1661.629 -133.5927 -20.24035 1715.889 -144.3141 33.99743 1637.534 -113.4514 2.22306 1642.217 146.8893 -85.41354 1694.245 156.2244 275.8966 1698.901 161.1579 608.8887 1790.683 156.8938 688.0388 1641.258 -9.08 -88.77995 1707.481 -14.69318 271.7552 1726.34 3.068437 603.0392 1834.928 -14.46073 687.4199 1705.346 63.95502 -644.1814 1656.734 62.15949 -609.2467 1515.929 81.26956 -654.3865 1528.225 132.3853 -698.6114 1620.599 34.96385 -645.2077 1528.151 -16.69821 -685.2707 1626.743 
79.166 68.21564 -85.00678 1695.521 69.07095 -244.7864 1682.279 70.15735 -372.775 1675.441 68.32845 -567.6217 1665.511 98.85279 -535.8684 1664.98 225.8233 -527.3007 1647.395 276.5948 -290.7141 1703.283 284.441 -102.8694 1613.291 306.8739 -36.44807 1664.021 264.8197 21.22628 1598.182 256.9785 -4.516609 1664.604 38.69928 -535.0831 1671.188 -78.88533 -527.0269 1679.955 -123.3724 -287.67 1748.942 -154.4259 -91.75594 1676.789 -136.4078 -19.54246 1732.845 -141.4366 34.28289 1654.181 -109.8629 1.74522 1661.972 149.6903 -83.8517 1686.846 157.1031 275.6241 1699.453 160.9337 606.8958 1791.458 157.3742 689.4857 1644.793 -5.253673 -86.04836 1703.344 -14.54962 272.9333 1717.627 2.714215 600.8884 1831.065 -11.94095 689.7097 1705.012 66.4225 -639.3178 1649.855 65.61623 -613.231 1507.825 84.55145 -657.3141 1522.936 134.7841 -695.5728 1617.764 38.46347 -648.2203 1521.978 -13.64275 -682.009 1622.015 
79.197 70.10789 -83.75913 1694.801 72.19605 -243.9838 1679.64 74.22272 -372.3339 1670.731 72.11985 -568.0437 1663.152 102.7553 -536.1926 1661.602 229.4962 -526.1826 1639.934 281.3401 -288.9783 1696.52 285.3484 -102.3175 1602.039 309.2175 -36.14593 1653.016 269.4114 23.02257 1586.549 259.931 0.127241 1649.392 42.50985 -535.2957 1669.073 -75.36887 -528.1439 1680.489 -118.5505 -287.5346 1749.57 -152.1647 -87.93587 1686.874 -136.9382 -24.15372 1753.578 -137.722 34.84388 1678.078 -105.8786 5.114246 1675.486 151.8608 -81.8478 1685.861 159.3185 278.8093 1703.681 162.0224 611.9828 1793.853 157.7506 689.3465 1643.646 -3.612325 -85.48266 1702.861 -14.46414 274.9455 1714.687 3.682387 602.9017 1832.067 -15.23809 691.2203 1705.487 69.85907 -640.2012 1648.342 69.29361 -615.1034 1505.562 87.43166 -659.6163 1521.04 137.2624 -698.3035 1616.438 41.35704 -649.5577 1520.093 -11.42674 -681.6331 1620.877